0.231326 0.2167893
0.2386062 0.2018771
0.2458865 0.1869649
0.2533789 0.1725066
0.2609686 0.1582562
0.2691157 0.1454363
0.2775809 0.1334322
0.2864466 0.1227731
0.2955311 0.1128488
0.3047921 0.1036703
0.3142247 0.09521738
0.3237214 0.08708787
0.3335145 0.08140934
0.3438103 0.08140934
0.3538306 0.08362275
0.3628693 0.09372127
0.3716471 0.1047153
0.3802796 0.1162086
0.3889121 0.1277018
0.3975349 0.1392256
0.4061522 0.1507666
0.4147695 0.1623076
0.4233868 0.1738485
0.4319671 0.1855041
0.4405338 0.1972022
0.4491004 0.2089003
0.4576671 0.2205984
0.4661643 0.2325056
0.4746232 0.2445281
0.4830821 0.2565506
0.4915411 0.2685731
0.5 0.2805955
0.5011123 0.292618
0.5095712 0.3046405
0.5180417 0.3166284
0.5265844 0.3283998
0.535127 0.3401712
0.5436697 0.3519426
0.5522124 0.363714
0.5607551 0.3754855
0.5692978 0.3872569
0.5778404 0.3990283
0.5863831 0.4107997
0.5950857 0.4220646
0.6038299 0.4331983
0.6125739 0.4443319
0.621318 0.4554655
0.6300621 0.4665991
0.6388062 0.4777327
0.6475503 0.4888664
0.6562944 0.5
0.6650385 0.5001799
0.6737826 0.5113135
0.6825267 0.5224471
0.6914322 0.5330264
0.7003715 0.5434895
0.7093108 0.5539526
0.71825 0.5644157
0.7271894 0.5748788
0.7361286 0.5853419
0.7452668 0.5950437
0.7544757 0.604475
0.7636845 0.6139063
0.7734627 0.619939
