0.2863262 0.6058847
0.2865402 0.5912304
0.2893327 0.5769811
0.2921252 0.5627317
0.2959582 0.5489428
0.300683 0.5355486
0.3054079 0.5221544
0.3104202 0.5089656
0.3169063 0.4997423
0.3233925 0.4876068
0.3298786 0.4754712
0.3363281 0.4633057
0.3422519 0.450711
0.3479661 0.4379694
0.3574137 0.4441171
0.3646063 0.4555864
0.371799 0.4670557
0.3790383 0.4784736
0.3868729 0.4892368
0.3947075 0.5
0.4025421 0.5078509
0.4103767 0.5186142
0.4182112 0.5293773
0.4260458 0.5401405
0.4338804 0.5509037
0.441715 0.5616669
0.4496053 0.5723624
0.4576606 0.582857
0.465716 0.5933517
0.4737713 0.6038463
0.4818267 0.614341
0.489882 0.6248356
0.4979374 0.6353302
0.5 0.6458249
0.5080553 0.6563195
0.5161107 0.6668142
0.524166 0.6773088
0.5326806 0.6871925
0.5412388 0.6970181
0.5497969 0.7068439
0.5583551 0.7166695
0.5669132 0.7264952
0.5754714 0.7363209
0.5840296 0.7461466
0.5925877 0.7559722
0.6011459 0.7657979
0.609704 0.7756236
0.6186553 0.784835
0.6279144 0.7935654
0.6371735 0.8022957
0.6464327 0.811026
0.6556918 0.8197564
0.664951 0.8284867
0.6742101 0.837217
0.6834692 0.8459474
0.6927284 0.8546777
0.7020273 0.8633389
0.7113389 0.8719779
0.7206506 0.8806169
0.7299622 0.8892559
0.7392739 0.8978949
0.7485855 0.9065338
0.7579247 0.9151242
0.7676239 0.9223475
