0.234712 0.5768647
0.2382985 0.5552814
0.2454824 0.5368294
0.2532225 0.5195136
0.2607161 0.5016873
0.2678398 0.4873276
0.2749634 0.4687347
0.282836 0.4519997
0.2918358 0.4380607
0.3008355 0.4241218
0.3097312 0.4098535
0.318605 0.3955159
0.3274788 0.3811782
0.3364395 0.36713
0.3457218 0.3541513
0.354948 0.3429981
0.3641742 0.3558297
0.372412 0.3719554
0.3803345 0.388835
0.3880745 0.4061508
0.3958146 0.4234666
0.4042241 0.4391189
0.4127319 0.4545269
0.4212396 0.4699349
0.4297474 0.4853428
0.4385052 0.5
0.4475391 0.5095949
0.456573 0.523423
0.4656069 0.5372511
0.4746408 0.5510793
0.4836747 0.5649074
0.4927086 0.5787355
0.5 0.5925636
0.509433 0.6049845
0.5188731 0.6173805
0.5283132 0.6297764
0.5377532 0.6421724
0.5471933 0.6545684
0.5566334 0.6669643
0.5660735 0.6793603
0.5755136 0.6917562
0.5850891 0.7035801
0.5949765 0.714087
0.6048638 0.7245938
0.6147512 0.7351007
0.6246386 0.7456076
0.6345259 0.7561144
0.6444133 0.7666212
0.6543273 0.7769916
0.6644905 0.7860863
0.6746536 0.795181
0.6848168 0.8042757
0.69498 0.8133704
0.7051432 0.8224651
0.7153064 0.8315598
0.7254887 0.8405383
0.735873 0.8482822
0.7462574 0.8560261
0.7566418 0.8637699
0.7670262 0.8715137
0.7774106 0.8792576
0.7870665 0.8907453
0.796676 0.9024715
