0.2495373 0.357226
0.2506691 0.340576
0.2551512 0.3244566
0.2596332 0.3083371
0.2644145 0.292343
0.2711812 0.2771798
0.2779479 0.2620167
0.2847146 0.2468536
0.2914813 0.2316905
0.2983841 0.2165994
0.3053597 0.2015469
0.3123354 0.1864944
0.3193111 0.1714419
0.3262867 0.1563895
0.3312781 0.1404502
0.3362107 0.1244847
0.3435914 0.1214591
0.3514508 0.1359958
0.3596415 0.1503047
0.3685386 0.1641276
0.3774356 0.1779507
0.3863327 0.1917736
0.3952298 0.2055966
0.4041269 0.2194196
0.4130239 0.2332426
0.4223913 0.2466945
0.4319016 0.2600338
0.4414119 0.2733729
0.4509223 0.2867122
0.4604326 0.3000514
0.4699429 0.3133906
0.4794532 0.3267298
0.4894083 0.3396639
0.5 0.3520182
0.5047568 0.3643726
0.5153486 0.3767268
0.5259403 0.3890811
0.536532 0.4014354
0.5471238 0.4137897
0.5577155 0.426144
0.5683209 0.4384847
0.5789637 0.4507878
0.5896065 0.4630908
0.6002494 0.4753939
0.6108922 0.4876969
0.6215351 0.5
0.6321779 0.5101614
0.6428208 0.5224645
0.6534637 0.5347675
0.664131 0.5470451
0.6751605 0.5589451
0.68619 0.5708451
0.6972195 0.5827451
0.708249 0.5946451
0.7192785 0.6065452
0.7303081 0.6184452
0.741715 0.6299087
0.7534853 0.6409516
0.7652557 0.6519945
0.7770261 0.6630375
0.7887964 0.6740804
0.8005368 0.6851607
0.8130803 0.6949493
0.82666 0.7022752
