0.1978109 0.2592703
0.197881 0.2459337
0.2010712 0.232775
0.2063762 0.2199766
0.2164637 0.208038
0.2219317 0.1951054
0.227349 0.1821679
0.2359833 0.1700612
0.247597 0.1591568
0.2535682 0.1463016
0.2632257 0.1341864
0.2752554 0.1229066
0.2880489 0.111838
0.298628 0.1016512
0.3198657 0.1043484
0.3357544 0.1140578
0.3514169 0.1238918
0.3649637 0.134564
0.3753296 0.1464961
0.3871949 0.1579143
0.4004871 0.1688432
0.4136515 0.1798232
0.426783 0.1908164
0.4398599 0.2018301
0.4521447 0.2131429
0.4644295 0.2244556
0.4764957 0.2358447
0.4882478 0.2473433
0.5 0.258842
0.5057258 0.2708087
0.5149679 0.2830429
0.5242099 0.2952771
0.5335259 0.307492
0.5434485 0.3195483
0.5533711 0.3316047
0.5632434 0.3436744
0.5728349 0.3558192
0.5824264 0.3679639
0.5920179 0.3801087
0.6007136 0.3924707
0.6091146 0.4049041
0.6174256 0.4173544
0.6233244 0.4302557
0.6292233 0.443157
0.63592 0.4559041
0.6447453 0.4682398
0.6535707 0.4805754
0.6609094 0.4932148
0.6675698 0.5
0.6742302 0.5127779
0.6825809 0.5252082
0.6914959 0.5375226
0.6985673 0.5502228
0.7054809 0.5629561
0.7128457 0.575603
0.7205601 0.588183
0.7282166 0.600773
0.7338383 0.6137152
0.740122 0.6265409
0.7480432 0.6390783
0.7569221 0.6513932
0.7660092 0.6636609
0.773912 0.6761885
