0.2530163 0.3642127
0.2541567 0.3458257
0.2575595 0.3278341
0.2609622 0.3098426
0.264365 0.291851
0.2693282 0.2746444
0.2752229 0.2579064
0.2811176 0.2411684
0.2870123 0.2244304
0.2927872 0.207616
0.2983335 0.1906557
0.3038799 0.1736955
0.3094262 0.1567352
0.3148647 0.1397151
0.3194984 0.1222477
0.3276203 0.1189083
0.336022 0.1334965
0.3444237 0.1480846
0.3529166 0.1625616
0.3625042 0.1757042
0.3720918 0.1888467
0.3816794 0.2019892
0.3912669 0.2151318
0.4008545 0.2282743
0.4104421 0.2414169
0.4200297 0.2545595
0.4296173 0.267702
0.4392049 0.2808446
0.4494022 0.2930845
0.4596969 0.3051803
0.4699916 0.3172762
0.4802863 0.329372
0.490581 0.3414679
0.5 0.3535638
0.5102947 0.3656596
0.5205894 0.3777555
0.530884 0.3898513
0.5411788 0.4019472
0.5514734 0.414043
0.5617681 0.4261389
0.5723037 0.4378308
0.5829979 0.4492567
0.5936922 0.4606825
0.6043865 0.4721083
0.6150808 0.4835342
0.625775 0.49496
0.6364693 0.5
0.6471636 0.5114259
0.6578578 0.5228517
0.6685521 0.5342775
0.6792464 0.5457034
0.690007 0.557005
0.7011801 0.5675347
0.7123532 0.5780644
0.7235264 0.5885941
0.7346994 0.5991238
0.7458725 0.6096535
0.7570456 0.6201833
0.7682188 0.630713
0.779382 0.6412623
0.79053 0.6518418
0.801678 0.6624214
0.812826 0.6730009
0.8236806 0.6840624
