0.3314825 0.2197465
0.3314825 0.2070737
0.3314825 0.194401
0.3314825 0.1817283
0.3314825 0.1690555
0.3314825 0.1563828
0.3317124 0.1437218
0.3328223 0.1311062
0.333932 0.1184905
0.3350419 0.1058749
0.3367496 0.09335449
0.3390453 0.08092788
0.3458663 0.07189715
0.3504542 0.07019299
0.3571389 0.08059615
0.3638237 0.09099928
0.3705084 0.1014024
0.3771931 0.1118055
0.3844966 0.121665
0.3925244 0.1308881
0.4005522 0.1401112
0.4085801 0.1493343
0.4166079 0.1585573
0.4246357 0.1677804
0.4326636 0.1770035
0.4406914 0.1862266
0.4487192 0.1954497
0.456747 0.2046728
0.4647748 0.2138959
0.4728027 0.223119
0.4808305 0.232342
0.4891427 0.2412641
0.4974801 0.2501594
0.5 0.2590548
0.5083374 0.2679501
0.5166748 0.2768455
0.5250123 0.2857408
0.5333497 0.2946361
0.5416871 0.3035315
0.5500245 0.3124268
0.5583619 0.3213221
0.5666994 0.3302175
0.5750368 0.3391128
0.5833742 0.3480082
0.5917116 0.3569036
0.6000491 0.3657989
0.6083865 0.3746942
0.6167239 0.3835896
0.6258966 0.3914512
0.635149 0.3992142
0.6444014 0.4069772
0.6536539 0.4147401
0.6629063 0.4225031
0.6721587 0.4302661
0.6814111 0.4380291
0.6906635 0.445792
0.6999137 0.4535581
0.7090915 0.4614241
0.7182695 0.4692901
0.7274473 0.4771561
0.7366251 0.4850221
0.745803 0.4928881
0.755472 0.5
