0.2980791 0.2420436
0.2980791 0.2202631
0.3019777 0.2006986
0.3052652 0.1804617
0.307657 0.1594702
0.3107441 0.1391356
0.313678 0.1187363
0.3152413 0.09728575
0.3180408 0.07692531
0.3210958 0.05764559
0.3290396 0.06166652
0.3368411 0.07264885
0.3445119 0.08419254
0.3521826 0.09573621
0.360287 0.1053828
0.3684419 0.1148079
0.3765969 0.124233
0.3847518 0.1336581
0.392856 0.1433325
0.4009468 0.153073
0.4090375 0.1628135
0.4171283 0.172554
0.4252191 0.1822946
0.4333098 0.1920351
0.4414761 0.2013937
0.4497177 0.2103709
0.4579594 0.2193482
0.466201 0.2283254
0.4744427 0.2373026
0.4826843 0.2462798
0.490926 0.255257
0.4991483 0.2643358
0.5 0.273463
0.5082132 0.2825903
0.5164263 0.2917176
0.5246395 0.3008449
0.5328526 0.3099722
0.5410658 0.3190995
0.549279 0.3282268
0.5575191 0.3372061
0.565869 0.3455832
0.5742189 0.3539603
0.5825689 0.3623374
0.5909188 0.3707145
0.5992687 0.3790917
0.6076186 0.3874688
0.6159685 0.3958459
0.6243988 0.4037241
0.6329098 0.4111016
0.6414208 0.4184791
0.6499319 0.4258565
0.658443 0.433234
0.666954 0.4406115
0.675465 0.447989
0.6839761 0.4553665
0.6924363 0.4630705
0.7008669 0.4709648
0.7092977 0.478859
0.7177377 0.486695
0.7261805 0.4945137
0.733072 0.5
0.7243062 0.4951878
0.7162921 0.4854103
