0.2637256 0.2354902
0.2637256 0.2227199
0.267663 0.2107398
0.2692957 0.1981403
0.2761615 0.1871226
0.2805657 0.1750608
0.2872839 0.1636387
0.2940021 0.1522166
0.301187 0.1410335
0.3098769 0.1306174
0.3179523 0.1198648
0.3269091 0.1098143
0.3364751 0.1000482
0.3439743 0.08901143
0.3543243 0.07981455
0.3628181 0.06980488
0.3754205 0.06560436
0.3873031 0.07339025
0.3964815 0.08328527
0.4042881 0.09419304
0.4128668 0.1046762
0.4214455 0.1151595
0.4300242 0.1256427
0.4384998 0.1361856
0.4468327 0.1468112
0.4551655 0.1574367
0.4634984 0.1680622
0.4718313 0.1786878
0.4801641 0.1893133
0.488497 0.1999389
0.4972142 0.2103373
0.5 0.2206805
0.5088107 0.2310237
0.5176215 0.2413669
0.5263787 0.2517417
0.5347115 0.2623673
0.5430444 0.2729928
0.5513773 0.2836184
0.5597102 0.2942439
0.568043 0.3048694
0.5763759 0.315495
0.5847088 0.3261205
0.592837 0.3368584
0.6007987 0.3476876
0.6087605 0.3585168
0.6167223 0.369346
0.6244879 0.3802773
0.6322168 0.3912278
0.6401978 0.4020444
0.6483847 0.4127516
0.6565717 0.4234588
0.6643807 0.4343594
0.6716762 0.4455226
0.6789716 0.4566859
0.686794 0.4675835
0.6948158 0.4783807
0.7028376 0.4891779
0.7108126 0.5
0.7187744 0.5008315
0.7267089 0.5116751
0.7345821 0.5225511
0.7418114 0.5337072
0.7475892 0.5454952
