0.2541875 0.1966041
0.2514931 0.1850729
0.2514931 0.1730367
0.2514931 0.1610006
0.2581122 0.150895
0.2642863 0.1399301
0.2725333 0.1298403
0.2780164 0.1187978
0.2879322 0.1099251
0.2978782 0.1015682
0.3058903 0.09139103
0.3165134 0.0828166
0.3258514 0.0734058
0.3356376 0.0661287
0.3491676 0.07040659
0.3624071 0.0755153
0.3737291 0.08286211
0.3851314 0.09029803
0.3995208 0.09390283
0.4088426 0.1033455
0.4215699 0.1094408
0.4302345 0.1182076
0.4405161 0.1264172
0.4502222 0.1356637
0.4593429 0.1452689
0.4683966 0.1549009
0.4791174 0.1634118
0.4874012 0.173317
0.4949977 0.1836966
0.5 0.193557
0.5076917 0.203818
0.5124862 0.2152365
0.5198591 0.2255595
0.5291674 0.2350602
0.5363039 0.2455251
0.5417337 0.2567477
0.5510421 0.2662485
0.5603486 0.27575
0.5659795 0.2869253
0.5718752 0.2979868
0.5805698 0.3078472
0.5892644 0.3177076
0.5936431 0.3291747
0.5976323 0.3407867
0.604874 0.3513157
0.6125135 0.3617122
0.6191752 0.3724775
0.6244987 0.3837472
0.6305763 0.3947721
0.6369191 0.4056975
0.6442822 0.416219
0.6509845 0.4269829
0.6563081 0.4382527
0.6644424 0.4483337
0.6724684 0.4584792
0.6784408 0.4695422
0.6851594 0.4803304
0.6904874 0.4915734
0.6972507 0.5
0.7052863 0.5102066
0.712844 0.5206401
0.7205049 0.5310259
0.7269167 0.5418538
0.7354791 0.5515513
