0.2600816 0.2894178
0.2629194 0.2729628
0.2670722 0.2570219
0.2722198 0.2417188
0.2781773 0.2269351
0.2841349 0.2121513
0.2905154 0.1977178
0.2969559 0.183334
0.3032693 0.1688507
0.3087037 0.1536793
0.3141382 0.1385079
0.3195726 0.1233365
0.3261404 0.1090832
0.3325005 0.09466156
0.3416355 0.1046146
0.3495056 0.1175388
0.3573757 0.1304628
0.3652458 0.1433869
0.3733459 0.1560205
0.3817749 0.1682386
0.3902039 0.1804568
0.3986329 0.192675
0.4070619 0.2048931
0.4154909 0.2171113
0.4244319 0.2285961
0.4334002 0.2400416
0.4423686 0.2514871
0.451337 0.2629326
0.4603054 0.2743781
0.4692738 0.2858236
0.4782489 0.2972587
0.4873941 0.3084283
0.4965392 0.319598
0.5 0.3307676
0.5091451 0.3419372
0.5182903 0.3531069
0.5274355 0.3642765
0.5365807 0.3754461
0.5459111 0.3862941
0.55569 0.3963636
0.5654688 0.4064332
0.5752476 0.4165027
0.5850265 0.4265723
0.5948054 0.4366418
0.6045842 0.4467113
0.6143631 0.4567809
0.6241419 0.4668504
0.6339207 0.4769199
0.6436996 0.4869895
0.6534423 0.497126
0.6630741 0.5
0.6727059 0.510342
0.6823378 0.520684
0.6919696 0.531026
0.7016014 0.5413679
0.7112333 0.5517099
0.7209141 0.5619538
0.7311974 0.5709915
0.7414806 0.5800291
0.7517638 0.5890667
0.7620472 0.5981044
0.7723171 0.6071714
0.7825691 0.6162779
0.7927469 0.6255434
