0.2130952 0.5202381
0.2156078 0.4945853
0.22062 0.4632545
0.2250455 0.4312565
0.2295622 0.3993552
0.2343088 0.3677067
0.2386718 0.3356854
0.2423537 0.3031209
0.2486931 0.2742835
0.2505226 0.2410284
0.2581185 0.2253216
0.2695186 0.2383917
0.2809104 0.2515786
0.2923022 0.2647655
0.303694 0.2779524
0.3150857 0.2911393
0.3264775 0.3043261
0.3379174 0.3171827
0.3494039 0.3297194
0.3608903 0.3422561
0.3723768 0.3547928
0.3838633 0.3673296
0.3952927 0.380256
0.4066667 0.3935609
0.4180407 0.4068658
0.4294147 0.4201707
0.4407887 0.4334756
0.4521626 0.4467804
0.4635366 0.4600853
0.4749106 0.4733902
0.4862846 0.4866951
0.4976586 0.5
0.5 0.5059628
0.5114967 0.5184272
0.5229934 0.5308916
0.53449 0.5433559
0.5459867 0.5558203
0.5574834 0.5682847
0.5689801 0.5807491
0.5804768 0.5932135
0.5921394 0.6044169
0.6038184 0.6154962
0.6154974 0.6265755
0.6271764 0.6376547
0.6388553 0.648734
0.6505344 0.6598133
0.6622133 0.6708926
0.6736544 0.6836911
0.6849977 0.6971971
0.696341 0.7107029
0.7076842 0.7242088
0.7190275 0.7377146
0.7307078 0.7485862
0.7425741 0.7580053
0.7544403 0.7674243
0.7663066 0.7768434
0.7781729 0.7862625
0.7893735 0.8004356
0.8004117 0.8157687
0.8114499 0.8311019
0.8227252 0.8449244
0.8343105 0.8565028
0.8464152 0.8605502
