0.28907 0.1324694
0.2954195 0.1230261
0.3017689 0.1135828
0.3074083 0.1036188
0.3122586 0.09307587
0.3171088 0.08253297
0.3223771 0.07234237
0.3297408 0.06391791
0.3359582 0.05454817
0.3431774 0.05568987
0.3496829 0.06499314
0.3565781 0.07389745
0.3639418 0.08232188
0.3713056 0.09074631
0.3781493 0.09971943
0.3848938 0.1087972
0.3916384 0.1178749
0.398383 0.1269526
0.405489 0.1356574
0.4126873 0.1442669
0.4198857 0.1528764
0.427084 0.161486
0.4342823 0.1700955
0.4415265 0.1786546
0.4487761 0.1872076
0.4560257 0.1957606
0.4632753 0.2043137
0.4705249 0.2128667
0.4777745 0.2214198
0.4850242 0.2299728
0.4924875 0.2382801
0.5 0.2465309
0.5000869 0.2547817
0.5075994 0.2630325
0.5151119 0.2712833
0.5227531 0.2793747
0.5305365 0.2872899
0.5383199 0.2952051
0.5461034 0.3031203
0.5538869 0.3110355
0.5616704 0.3189507
0.568944 0.3274729
0.5761675 0.3360548
0.583391 0.3446367
0.5906146 0.3532186
0.597838 0.3618004
0.6051341 0.3702964
0.612888 0.3782495
0.6206419 0.3862026
0.6283957 0.3941557
0.6361496 0.4021088
0.6439035 0.410062
0.6516221 0.4180585
0.6591185 0.4263284
0.6666149 0.4345984
0.6741112 0.4428682
0.6816077 0.4511381
0.6891041 0.459408
0.6965812 0.4677004
0.7039449 0.4761249
0.7113087 0.4845493
0.718765 0.4928516
0.7270962 0.5
