0.2006041 0.517213
0.2006041 0.5024799
0.2006041 0.4915208
0.2041209 0.4770907
0.2087413 0.4627177
0.213451 0.4483612
0.2192308 0.4341949
0.2276162 0.4207383
0.237025 0.4075605
0.2428206 0.3933984
0.2524293 0.3805249
0.2646579 0.368536
0.2731928 0.3550915
0.2845818 0.34302
0.293069 0.3300686
0.3089482 0.3231194
0.3295553 0.3223898
0.3502776 0.3246279
0.3631349 0.3352414
0.3766737 0.3463909
0.3915078 0.3568364
0.4051996 0.3680227
0.4186131 0.3793654
0.4312364 0.391152
0.4440336 0.4028442
0.4571764 0.4143489
0.4703192 0.4258536
0.4821826 0.4380135
0.4938528 0.4502723
0.5 0.4625311
0.5114144 0.4749047
0.5224407 0.4874523
0.5334671 0.5
0.5444934 0.5087735
0.5555198 0.5213212
0.5665462 0.5338688
0.577153 0.5465884
0.5873703 0.5594676
0.5975876 0.5723467
0.607805 0.5852259
0.6175749 0.5982703
0.6269837 0.6114481
0.6363925 0.6246259
0.6455816 0.6378708
0.6529688 0.6516659
0.660356 0.6654611
0.6677432 0.6792563
0.6751304 0.6930514
0.6825176 0.7068466
0.6899048 0.7206417
0.6971879 0.7344638
0.7043778 0.74831
0.7116216 0.7621422
0.7190088 0.7759374
0.726396 0.7897325
0.7337832 0.8035277
0.7379644 0.8179638
0.7420904 0.8324109
0.7462164 0.846858
0.7507924 0.8611686
0.7630209 0.8731575
0.7724061 0.886066
0.7769178 0.9004524
