0.291737 0.1648789
0.2917513 0.1518665
0.2951158 0.1396345
0.2991914 0.1278781
0.3046525 0.1170484
0.3104705 0.1065527
0.3162629 0.09603092
0.3218667 0.0853295
0.3278242 0.07511815
0.3361727 0.06821984
0.3434298 0.05950773
0.3525659 0.05605444
0.361731 0.05973786
0.3701336 0.06625283
0.3775427 0.07482374
0.3849518 0.08339462
0.3922928 0.09206542
0.3995071 0.100922
0.4067214 0.1097785
0.4139357 0.118635
0.4211501 0.1274916
0.4283644 0.1363481
0.4354622 0.1453675
0.442549 0.1544022
0.4496358 0.1634368
0.4567227 0.1724714
0.4638095 0.1815061
0.4708486 0.1906051
0.47781 0.1998086
0.4847714 0.2090121
0.4917329 0.2182156
0.4986943 0.227419
0.5 0.2366225
0.5069615 0.245826
0.5139616 0.2549778
0.5209944 0.2640859
0.5280272 0.2731941
0.53506 0.2823021
0.5420929 0.2914103
0.5491257 0.3005184
0.5561585 0.3096265
0.5631914 0.3187346
0.5702242 0.3278427
0.5772571 0.3369508
0.5844797 0.3457934
0.5917547 0.3545628
0.5990298 0.3633322
0.6063048 0.3721015
0.6135798 0.3808709
0.6208547 0.3896403
0.6282482 0.3982238
0.6360193 0.4062147
0.6437905 0.4142055
0.6515616 0.4221964
0.6593328 0.4301873
0.6670364 0.4382895
0.6746265 0.4465789
0.6822166 0.4548684
0.6898067 0.4631578
0.6974745 0.471309
0.7056659 0.4785288
0.7138575 0.4857486
0.7218708 0.4933014
0.7300268 0.5
