0.2604228 0.1079253
0.2693323 0.0998143
0.2795339 0.09324336
0.2904737 0.08755234
0.3017812 0.08251581
0.3132518 0.07776919
0.3247223 0.07302257
0.3368224 0.0699673
0.3490996 0.06738803
0.3613769 0.0648087
0.3738224 0.06328124
0.3863977 0.06256574
0.3989731 0.06185019
0.4115485 0.06113467
0.4239012 0.06277987
0.4361584 0.06543669
0.4484157 0.06809354
0.460673 0.07075039
0.4729302 0.07340723
0.4832582 0.07900131
0.4916291 0.08757457
0.5 0.09614787
0.5037493 0.106349
0.5058206 0.1176636
0.5078921 0.1289782
0.5099635 0.1402928
0.5119954 0.1516131
0.5138645 0.1629569
0.5157335 0.1743006
0.5176026 0.1856444
0.5194717 0.1969882
0.5209104 0.2083694
0.521435 0.2198301
0.5219594 0.2312908
0.5224841 0.2427516
0.5230086 0.2542123
0.5235332 0.265673
0.525228 0.2769943
0.5279613 0.2881919
0.5306945 0.2993894
0.5334278 0.3105869
0.5361612 0.3217844
0.5388945 0.3329819
0.5416278 0.3441795
0.5466315 0.3546708
0.5519965 0.3650497
0.5573615 0.3754285
0.5627265 0.3858074
0.5688992 0.3957326
0.5766836 0.4047522
0.5844681 0.4137718
0.5922526 0.4227914
0.6000489 0.4318023
0.6081152 0.4406143
0.6161815 0.4494263
0.6242477 0.4582383
0.6329485 0.4664188
0.643308 0.472948
0.6536676 0.4794772
0.6640271 0.4860064
0.6750098 0.4914798
0.6867085 0.4957399
0.6984072 0.5
