0.2946619 0.3496917
0.2951664 0.3258488
0.2964467 0.3021331
0.29779 0.2784433
0.2996899 0.2549824
0.3018401 0.2316605
0.3041897 0.2084493
0.3063699 0.1851394
0.3089618 0.1621739
0.312584 0.1400214
0.3145494 0.1166129
0.3165857 0.0932408
0.3201203 0.07784873
0.3296035 0.08047056
0.3385983 0.08935627
0.347593 0.09824198
0.3565682 0.1072475
0.3655398 0.1162746
0.3745115 0.1253016
0.3834831 0.1343286
0.3924945 0.1431058
0.4015583 0.1515529
0.4106221 0.16
0.4196858 0.168447
0.4287496 0.1768941
0.4378134 0.1853412
0.4468772 0.1937883
0.4559409 0.2022354
0.4650047 0.2106825
0.4737906 0.2207356
0.4825271 0.2310743
0.4912635 0.241413
0.5 0.2517517
0.5035645 0.2620904
0.512301 0.2724292
0.5210375 0.2827678
0.529774 0.2931066
0.5386933 0.3024261
0.5476626 0.3114675
0.5566319 0.3205089
0.5656012 0.3295503
0.5745704 0.3385916
0.5835397 0.347633
0.592509 0.3566744
0.6014782 0.3657158
0.6103645 0.3752398
0.6192256 0.3849096
0.6280868 0.3945794
0.636948 0.4042493
0.6458092 0.4139191
0.6546703 0.423589
0.6635314 0.4332588
0.6724451 0.4426265
0.6813875 0.4518286
0.69033 0.4610308
0.6992725 0.4702329
0.7082149 0.479435
0.7171574 0.4886371
0.7256628 0.5
0.7340128 0.5079045
0.742363 0.5200353
0.750496 0.5330215
0.7587167 0.5453388
0.7679334 0.552066
