0.2486319 0.3339102
0.2504508 0.3149986
0.2558358 0.2980011
0.2625766 0.2817313
0.2693175 0.2654616
0.2741508 0.2477666
0.2789276 0.2300293
0.2837209 0.2123023
0.2887874 0.1947433
0.2938539 0.1771843
0.2989205 0.1596253
0.303987 0.1420663
0.309695 0.1249492
0.315447 0.1078624
0.3233107 0.1105811
0.3324054 0.1240894
0.341284 0.1379091
0.350099 0.1518204
0.358914 0.1657316
0.3677291 0.1796429
0.3772572 0.1924002
0.3873415 0.2042579
0.3974257 0.2161156
0.40751 0.2279733
0.4175942 0.2398309
0.427693 0.25166
0.438137 0.2628095
0.448581 0.2739591
0.4590249 0.2851086
0.4694689 0.2962582
0.4799129 0.3074077
0.4903569 0.3185573
0.5 0.3297068
0.5101888 0.3413645
0.5203589 0.3530593
0.530529 0.364754
0.5406991 0.3764487
0.5508693 0.3881434
0.5610394 0.3998381
0.5712095 0.4115329
0.581533 0.4229264
0.5918812 0.4342712
0.6022295 0.4456159
0.6125777 0.4569606
0.6229261 0.4683053
0.6332743 0.4796501
0.6436226 0.4909948
0.6539709 0.5
0.6643192 0.5113447
0.6747681 0.5224802
0.685343 0.5333542
0.6959179 0.5442282
0.7064928 0.5551021
0.7170677 0.5659761
0.7276425 0.5768501
0.7381078 0.5879543
0.7485346 0.5991393
0.7589614 0.6103243
0.7693882 0.6215093
0.7794677 0.633365
0.7894222 0.6454622
0.799505 0.6573017
0.8102067 0.6678985
