0.2410338 0.3163491
0.2446764 0.2980247
0.2483189 0.2797002
0.2520188 0.2614074
0.2573608 0.2440189
0.2627027 0.2266304
0.2680447 0.2092418
0.2733866 0.1918534
0.280102 0.1755425
0.2868336 0.1592444
0.2935652 0.1429462
0.3001474 0.1265174
0.3071051 0.1126351
0.317683 0.1231033
0.3265306 0.1370124
0.3353783 0.1509214
0.3442259 0.1648304
0.3532993 0.1784074
0.3626474 0.1915802
0.3719956 0.204753
0.3813438 0.2179258
0.3906919 0.2310986
0.4000401 0.2442714
0.4093882 0.2574441
0.4187364 0.270617
0.4280846 0.2837898
0.4374328 0.2969626
0.447618 0.3086424
0.4580944 0.319803
0.4685708 0.3309635
0.4790472 0.3421241
0.4895236 0.3532846
0.5 0.3644451
0.5084369 0.3756057
0.5189133 0.3867663
0.5293897 0.3979268
0.5398661 0.4090874
0.5504143 0.4200969
0.5610582 0.4309048
0.5717022 0.4417127
0.5823461 0.4525206
0.5929901 0.4633285
0.6036341 0.4741364
0.614278 0.4849443
0.624922 0.4957522
0.6355659 0.5
0.6462099 0.5108079
0.6568466 0.5216311
0.6673932 0.5326461
0.6779397 0.5436611
0.6884863 0.5546761
0.6990328 0.565691
0.7095793 0.576706
0.7201259 0.587721
0.7307177 0.5986348
0.7416861 0.6087077
0.7526544 0.6187807
0.7636227 0.6288536
0.7745911 0.6389265
0.7855594 0.6489995
0.7963731 0.6594191
0.8069489 0.6703725
0.8161463 0.6832269
