0.2810377 0.3170606
0.2810377 0.3010457
0.2810377 0.2850308
0.2810377 0.269016
0.2810377 0.2530012
0.2847194 0.2375361
0.2884979 0.2220856
0.2922764 0.206635
0.2960548 0.1911845
0.2985721 0.1754187
0.3010677 0.1596475
0.3035634 0.1438763
0.3080263 0.1286612
0.3125674 0.1134682
0.3195288 0.1133194
0.3296831 0.1246436
0.3398375 0.1359679
0.3499919 0.147292
0.3584103 0.1602266
0.3665459 0.1734235
0.3746815 0.1866204
0.3828171 0.1998173
0.3909527 0.2130142
0.3990883 0.2262111
0.40736 0.2392801
0.4176524 0.2504481
0.4279449 0.2616162
0.4382374 0.2727842
0.4485299 0.2839522
0.4588224 0.2951203
0.4691149 0.3062883
0.4794074 0.3174564
0.4896999 0.3286244
0.5 0.3397835
0.5036057 0.3506264
0.514174 0.3614694
0.5247422 0.3723124
0.5353106 0.3831553
0.5458788 0.3939983
0.5564471 0.4048412
0.5670154 0.4156842
0.5775837 0.4265272
0.588152 0.4373701
0.5987203 0.4482131
0.6092886 0.459056
0.6199088 0.4698335
0.6308588 0.4801948
0.6418087 0.490556
0.6527587 0.5
0.6637086 0.5103613
0.6746586 0.5207224
0.6856085 0.5310837
0.6965585 0.541445
0.7075908 0.5516962
0.7186875 0.5618615
0.7297841 0.5720267
0.7408808 0.582192
0.7519776 0.5923573
0.7630742 0.6025225
0.7740453 0.6128481
0.7845685 0.6237454
0.7950918 0.6346428
0.8056151 0.6455401
0.8169829 0.6553099
