0.2857357 0.1627961
0.2895737 0.1487636
0.293377 0.13719
0.2986166 0.1267008
0.3045232 0.1168353
0.3107232 0.1052701
0.3178378 0.09514806
0.3246604 0.08448547
0.3317081 0.07428196
0.3372425 0.06518343
0.3430526 0.07707089
0.3496742 0.0881435
0.3562 0.09937
0.3625517 0.1108764
0.3689034 0.1223826
0.375255 0.133889
0.3816067 0.1453954
0.3880414 0.1567548
0.39527 0.1667094
0.4024986 0.176664
0.4097272 0.1866186
0.4169559 0.1965732
0.4241845 0.2065278
0.4314131 0.2164824
0.4388676 0.2259428
0.4465092 0.234994
0.4541507 0.2440452
0.4617923 0.2530965
0.4694338 0.2621477
0.4770754 0.2711989
0.4847169 0.2802501
0.4923584 0.2893013
0.5 0.2983525
0.5011953 0.3069667
0.5090573 0.3154736
0.5169194 0.3239804
0.5247814 0.3324872
0.5326434 0.340994
0.5405055 0.3495008
0.5483675 0.3580077
0.5562295 0.3665145
0.5640916 0.3750213
0.5721378 0.3830256
0.5802383 0.3908821
0.5883387 0.3987385
0.5964392 0.406595
0.6045396 0.4144514
0.6126401 0.4223078
0.6207406 0.4301643
0.628841 0.4380207
0.6369962 0.4457064
0.6454002 0.4526139
0.6538042 0.4595214
0.6622082 0.4664289
0.6706122 0.4733364
0.6790162 0.4802439
0.6874202 0.4871514
0.6958243 0.4940589
0.7042283 0.5
0.7126323 0.5069075
0.721168 0.5133136
0.7298957 0.5189891
0.7386233 0.5246648
0.7468492 0.5319538
