0.3114414 0.2898103
0.3114414 0.2703474
0.3117643 0.2509317
0.313107 0.2316644
0.3144496 0.2123972
0.3156307 0.1930856
0.3180651 0.1743574
0.3210673 0.1558934
0.3238875 0.1373301
0.3257494 0.1182452
0.3274521 0.09910053
0.3305045 0.08089685
0.3328983 0.06254897
0.3418501 0.06725669
0.350288 0.07617357
0.358665 0.08533254
0.3670419 0.09449154
0.375262 0.1042219
0.3834295 0.1141441
0.391597 0.1240663
0.3997644 0.1339885
0.407932 0.1439107
0.416005 0.1541501
0.4240428 0.1645077
0.4320807 0.1748653
0.4401186 0.1852229
0.4481564 0.1955805
0.4561942 0.2059381
0.4642847 0.2161039
0.4727762 0.2248079
0.4812678 0.233512
0.4897594 0.242216
0.4982509 0.2509201
0.5 0.2596241
0.5084916 0.2683282
0.5169831 0.2770322
0.5256106 0.2851538
0.5342435 0.2932528
0.5428763 0.3013517
0.5515091 0.3094507
0.5601419 0.3175496
0.5687747 0.3256485
0.5774076 0.3337476
0.5860404 0.3418465
0.5946732 0.3499454
0.6033061 0.3580443
0.6117894 0.3667624
0.6201663 0.3759214
0.6285432 0.3850804
0.6369202 0.3942393
0.6452971 0.4033983
0.6537081 0.4124171
0.6623191 0.4206131
0.6709301 0.4288092
0.679541 0.4370052
0.6881521 0.4452012
0.6967145 0.4535972
0.7050914 0.4627562
0.7134683 0.4719151
0.7220817 0.4800131
0.7309427 0.4869999
0.7397075 0.494434
0.7421499 0.5
0.7329396 0.4952795
