0.2377647 0.5991954
0.2396691 0.5769699
0.2430885 0.5549378
0.2481607 0.5337291
0.2571313 0.5144626
0.2661018 0.5
0.2734548 0.4796809
0.2801608 0.4589408
0.2868667 0.4382007
0.2931998 0.4172681
0.2994587 0.3962973
0.3057178 0.3753264
0.3118742 0.3543054
0.3179962 0.3332676
0.3224975 0.3115793
0.3269212 0.2899061
0.3378131 0.2723612
0.3449781 0.2523372
0.349768 0.2307333
0.3539979 0.208936
0.3582267 0.1871384
0.3624554 0.1653409
0.3652277 0.1433122
0.3763874 0.139069
0.3895104 0.1535453
0.4008573 0.1706047
0.4129277 0.1867367
0.4261036 0.201452
0.4392795 0.2161672
0.4524553 0.2308825
0.4656312 0.2455978
0.4790252 0.2599823
0.4924195 0.2743663
0.5 0.2887502
0.5132476 0.3033556
0.5263692 0.3181511
0.5389441 0.333585
0.5490783 0.3518683
0.5598211 0.3694873
0.5721499 0.3853748
0.5844787 0.4012624
0.597076 0.4167417
0.6112639 0.4298012
0.6243736 0.444206
0.6340451 0.4629008
0.6446724 0.4806761
0.6558344 0.4979368
0.6672873 0.5100734
0.6787687 0.5269826
0.6907214 0.5433237
0.7030501 0.5592113
0.7142242 0.5764578
0.7252044 0.5939038
0.7357311 0.6118133
0.746623 0.6293582
0.7585685 0.6456878
0.7708973 0.6615754
0.7832261 0.677463
0.7955549 0.6933506
0.810041 0.7053813
0.8204132 0.7221596
0.8339087 0.7342757
0.8460184 0.7483326
