0.1711343 0.4612028
0.1810882 0.4500011
0.1879473 0.4303417
0.1955407 0.4112739
0.2066189 0.3951537
0.2171616 0.3783868
0.2272831 0.3611821
0.2375365 0.3441203
0.2457284 0.3253194
0.2556333 0.3082458
0.2662785 0.2917119
0.2749451 0.2732263
0.284214 0.2552336
0.294826 0.2398071
0.3035179 0.2234494
0.3144156 0.2094407
0.3191231 0.1897364
0.3269119 0.1714421
0.3383058 0.1609131
0.3498279 0.1761498
0.3620013 0.1909107
0.3738322 0.2061837
0.3864118 0.2204214
0.3984551 0.2353584
0.4095602 0.2515184
0.4213503 0.2667924
0.4338435 0.2811569
0.4461845 0.295738
0.4584335 0.3104503
0.4706824 0.3251625
0.4821815 0.3408239
0.4932866 0.356984
0.5 0.3730741
0.511182 0.3891451
0.5222008 0.4054025
0.5331483 0.4217415
0.5440957 0.4380805
0.5555774 0.4537761
0.5673969 0.4690647
0.5792165 0.4843533
0.5907371 0.5
0.6016154 0.5093907
0.6124936 0.5258069
0.6235803 0.5419832
0.634918 0.5578706
0.6462558 0.5737581
0.6574836 0.589775
0.6686656 0.605846
0.6802404 0.6214351
0.69206 0.6367237
0.7038796 0.6520123
0.7156992 0.6673009
0.727309 0.6828406
0.7381873 0.6992568
0.7502882 0.7141291
0.7627127 0.7285931
0.7751854 0.7429872
0.7876786 0.7573516
0.8001719 0.7717161
0.8126652 0.7860805
0.8252413 0.8003232
0.8373886 0.8151281
0.8485707 0.8311991
0.8598927 0.8470982
