0.2012652 0.4162107
0.209615 0.4024375
0.2190056 0.3893312
0.2296753 0.3770675
0.2407576 0.3651292
0.2520624 0.3533872
0.2639627 0.3421702
0.2761283 0.3312513
0.2899155 0.3221543
0.3037028 0.3130574
0.3159032 0.3021777
0.3278034 0.2909607
0.3404599 0.2809551
0.3566418 0.2765971
0.3694052 0.2667819
0.3782167 0.2764615
0.3852339 0.2908276
0.39249 0.3051271
0.3983992 0.3199803
0.4039811 0.3349427
0.409303 0.3499919
0.4150773 0.3648901
0.4209865 0.3797433
0.4268957 0.3945965
0.4344632 0.4086778
0.4433829 0.4221298
0.4523025 0.4355817
0.4612221 0.4490337
0.4676663 0.463687
0.4741011 0.4783448
0.4805359 0.4930027
0.4869707 0.5
0.4934055 0.5146579
0.5 0.5292419
0.5030166 0.5430151
0.5113664 0.5567881
0.5197161 0.5705613
0.5280659 0.5843344
0.5372077 0.5976266
0.5470612 0.6104866
0.5569147 0.6233465
0.5667682 0.6362065
0.576938 0.648835
0.587712 0.6610215
0.5984859 0.6732079
0.60926 0.6853944
0.6200339 0.6975808
0.6294709 0.7107083
0.6388062 0.7239072
0.6481416 0.7371062
0.6574769 0.7503052
0.6672596 0.7631585
0.6791598 0.7743754
0.6910601 0.7855924
0.7029604 0.7968094
0.7148606 0.8080264
0.7267608 0.8192434
0.739453 0.8295044
0.7538842 0.8376659
0.7683153 0.8458275
0.7827323 0.8540092
0.7963429 0.8633395
0.8099535 0.8726698
0.8205442 0.8837335
