0.2916049 0.3520555
0.2965309 0.3358789
0.3020118 0.3206081
0.308584 0.3071192
0.3151562 0.2936302
0.3211682 0.2790975
0.3270768 0.264372
0.3329853 0.2496464
0.3388939 0.2349209
0.3451173 0.2207532
0.3513531 0.2066074
0.3575889 0.1924618
0.3638247 0.178316
0.3700605 0.1641703
0.3762787 0.1499921
0.3824964 0.1358128
0.3887141 0.1216336
0.3949318 0.1074543
0.4013258 0.09364212
0.4083207 0.08108035
0.4148957 0.06769425
0.4214376 0.0565522
0.4289837 0.06749082
0.4361239 0.07970312
0.4432641 0.09191543
0.4508123 0.1030369
0.4584056 0.1140379
0.4659989 0.1250388
0.4735922 0.1360397
0.4811855 0.1470407
0.4887788 0.1580417
0.4963721 0.1690426
0.5 0.179735
0.5077745 0.1901893
0.5155489 0.2006436
0.5233234 0.2110979
0.5310979 0.2215522
0.5388724 0.2320064
0.546544 0.2427684
0.5540912 0.253902
0.5616385 0.2650356
0.5691857 0.2761692
0.576733 0.2873027
0.5842803 0.2984363
0.5918275 0.3095699
0.5994142 0.3205891
0.6070395 0.3314968
0.6146646 0.3424044
0.6222898 0.3533121
0.629915 0.3642197
0.6375402 0.3751274
0.6451653 0.386035
0.6528646 0.3967163
0.660668 0.4070795
0.6684713 0.4174427
0.6762747 0.4278059
0.6840781 0.4381691
0.6918815 0.4485323
0.6996849 0.4588954
0.7075194 0.4691574
0.7154351 0.4791552
0.7233508 0.489153
0.730985 0.5
