0.2007099 0.372881
0.2007099 0.3568824
0.2009893 0.3408918
0.2032829 0.3249589
0.2073896 0.3093156
0.2173689 0.2946106
0.2237602 0.2791422
0.2308894 0.2638024
0.2397817 0.2488363
0.2493159 0.2340313
0.2562755 0.2186483
0.2676016 0.2045404
0.2747609 0.1892064
0.2860903 0.1748968
0.2944322 0.1598057
0.3072254 0.1464946
0.3177878 0.1323127
0.3327985 0.1243008
0.3501881 0.1340188
0.3663332 0.1463
0.3815332 0.159099
0.3918034 0.1736978
0.4017827 0.1884028
0.4129465 0.2027168
0.4263731 0.2162836
0.4393147 0.2300354
0.4520794 0.2438547
0.4643263 0.2578508
0.4756557 0.2721604
0.4869851 0.2864701
0.4977818 0.3009408
0.5 0.3154846
0.5105553 0.3300284
0.5211105 0.3445722
0.53245 0.3588263
0.5473503 0.3717649
0.5622506 0.3847036
0.5755493 0.3983116
0.5885832 0.4120303
0.5960962 0.4272369
0.6027619 0.4426717
0.613719 0.4570712
0.6250484 0.4713808
0.6363778 0.4856904
0.6477072 0.5
0.6590366 0.5136019
0.6690806 0.5282695
0.6781747 0.5432018
0.6875041 0.5580725
0.6977929 0.5726922
0.7079222 0.5873559
0.7181917 0.601976
0.7295212 0.6162856
0.7378451 0.6313335
0.7461478 0.646415
0.7560446 0.6611416
0.7661639 0.6757792
0.7787328 0.6896699
0.7891048 0.7042515
0.7974293 0.719328
0.8077296 0.7334697
0.8216518 0.7462095
0.8299243 0.7611445
