0.2297354 0.2813315
0.2384915 0.2691232
0.2459936 0.2533891
0.254705 0.2402246
0.2627961 0.2254214
0.2702604 0.2094421
0.2764258 0.1910258
0.2830766 0.1734608
0.2906789 0.1575651
0.2979248 0.1409889
0.3046022 0.1233987
0.3093119 0.1033149
0.3177115 0.09463122
0.3272196 0.1044199
0.3365543 0.115573
0.3458083 0.1270027
0.3548227 0.139254
0.363837 0.1515054
0.3728513 0.1637566
0.3818404 0.1760881
0.390786 0.1885577
0.3997316 0.2010274
0.4086772 0.213497
0.4176228 0.2259666
0.4267739 0.2377526
0.4360262 0.2492022
0.4452785 0.2606516
0.4545308 0.2721012
0.4637831 0.2835507
0.4730354 0.2950002
0.4822877 0.3064497
0.49154 0.3178992
0.5 0.3293487
0.5092627 0.3407611
0.5185412 0.3521175
0.5278198 0.3634739
0.5370982 0.3748303
0.5463767 0.3861867
0.5556552 0.3975431
0.5649337 0.4088995
0.5742122 0.4202558
0.5835777 0.4312927
0.5929877 0.4421659
0.6023976 0.4530392
0.6118075 0.4639124
0.6212175 0.4747856
0.6306274 0.4856589
0.6400374 0.4965321
0.6494974 0.5
0.658992 0.5105466
0.6684866 0.5210931
0.6779812 0.5316397
0.6874758 0.5421863
0.6969705 0.5527328
0.7062505 0.5640675
0.7154342 0.5757559
0.724618 0.5874442
0.7338017 0.5991326
0.7432957 0.6094223
0.7534952 0.6165311
0.7636948 0.6236399
0.7733089 0.633531
0.782719 0.6444016
0.7927049 0.6511807
