0.259762 0.2925592
0.2623829 0.2755625
0.2673529 0.2594638
0.272323 0.2433653
0.2772931 0.2272667
0.2826695 0.2115578
0.2889954 0.1967593
0.2953212 0.1819609
0.3016471 0.1671624
0.3086203 0.1531974
0.3160959 0.1398794
0.3235716 0.1265614
0.3310294 0.1132181
0.3381439 0.09939104
0.3454102 0.08578831
0.3543757 0.0830425
0.3633635 0.09362891
0.3723513 0.1042152
0.3812885 0.1149045
0.3896795 0.1267061
0.3980705 0.1385076
0.4064615 0.1503092
0.4148524 0.1621107
0.4232434 0.1739123
0.4316344 0.1857139
0.4400254 0.1975154
0.4484164 0.209317
0.4568073 0.2211185
0.4651983 0.2329201
0.4735893 0.2447217
0.4820879 0.2563052
0.4910439 0.2669619
0.5 0.2776185
0.5051062 0.2882752
0.5140623 0.2989318
0.5230184 0.3095885
0.5319744 0.3202451
0.5409306 0.3309018
0.5498866 0.3415585
0.5588427 0.3522151
0.5677988 0.3628718
0.5767548 0.3735284
0.5857109 0.384185
0.594667 0.3948417
0.603623 0.4054984
0.6126379 0.416024
0.6216656 0.426521
0.6306933 0.437018
0.6397209 0.447515
0.6487485 0.458012
0.6577762 0.468509
0.6668038 0.479006
0.6758316 0.489503
0.6848592 0.5
0.6938869 0.5080841
0.7029145 0.518581
0.7120156 0.5289084
0.7211977 0.5390478
0.7303799 0.5491871
0.7395621 0.5593265
0.7487442 0.5694659
0.7579265 0.5796053
0.7670557 0.5898646
0.7759464 0.6006638
