0.2329125 0.2408388
0.234268 0.2190159
0.2395675 0.2006385
0.2465634 0.1837432
0.2535594 0.1668479
0.2605554 0.1499526
0.26868 0.1352745
0.2772753 0.1219783
0.2873197 0.1133149
0.2973642 0.1046515
0.3079734 0.09995815
0.3187744 0.096614
0.3296547 0.09535742
0.3405805 0.09540415
0.3512963 0.09971729
0.3613678 0.1070635
0.3703204 0.1196755
0.3785619 0.1338749
0.385719 0.1504946
0.3928762 0.1671143
0.4000671 0.1836737
0.4073989 0.1999821
0.4147307 0.2162906
0.4220625 0.232599
0.4293943 0.2489074
0.4376799 0.2630728
0.446539 0.2759494
0.4553982 0.2888259
0.4642574 0.3017025
0.4731165 0.314579
0.4819757 0.3274556
0.4908349 0.3403322
0.5 0.3522458
0.5025877 0.363028
0.5121123 0.3738102
0.521637 0.3845924
0.5311616 0.3953746
0.5406862 0.4061568
0.5501998 0.4169784
0.5597038 0.4278342
0.5692078 0.4386899
0.5787118 0.4495457
0.5882158 0.4604014
0.5977198 0.4712572
0.6072237 0.4821129
0.6168694 0.4924418
0.6265842 0.5
0.636299 0.5100717
0.6460138 0.5201434
0.6557285 0.5302152
0.6654433 0.5402869
0.6751022 0.5505729
0.6847351 0.5609583
0.6943679 0.5713438
0.7040008 0.5817292
0.7136337 0.5921146
0.723567 0.6011926
0.7337383 0.6092343
0.7439097 0.617276
0.754081 0.6253178
0.7642523 0.6333594
0.7738599 0.6437064
0.7832306 0.6550215
0.7937079 0.6605763
