0.2538769 0.3329825
0.2538769 0.3159298
0.2551982 0.2991266
0.2595586 0.2828974
0.263919 0.2666681
0.2682794 0.2504389
0.2727193 0.2342468
0.2786371 0.2187448
0.284555 0.2032427
0.2904727 0.1877407
0.2963365 0.1722092
0.302165 0.1566584
0.3079934 0.1411077
0.3150826 0.1263657
0.3210604 0.1110286
0.3313959 0.108037
0.3406392 0.1209844
0.3498825 0.1339318
0.3591257 0.1468793
0.368454 0.1597379
0.3778511 0.1725247
0.3872482 0.1853115
0.3966452 0.1980983
0.4060423 0.2108851
0.4154395 0.2236719
0.4256301 0.2355059
0.4362801 0.2467884
0.4469302 0.2580708
0.4575802 0.2693533
0.4682303 0.2806357
0.4788803 0.2919182
0.4895303 0.3032007
0.5 0.3144831
0.51065 0.3257656
0.5211574 0.3372383
0.5316184 0.3487729
0.5420794 0.3603075
0.5525405 0.371842
0.5630015 0.3833766
0.5734625 0.3949111
0.5839236 0.4064457
0.5943846 0.4179802
0.6048341 0.4295296
0.6151313 0.4412747
0.6254286 0.4530198
0.6357259 0.4647648
0.6460231 0.4765099
0.6563203 0.4882549
0.6666176 0.5
0.6769149 0.5010017
0.6872121 0.5127468
0.6975094 0.5244918
0.7078066 0.5362369
0.7181412 0.5479342
0.7285777 0.5595008
0.7390141 0.5710673
0.7494507 0.5826338
0.7598872 0.5942004
0.7703238 0.6057669
0.7807603 0.6173334
0.7909585 0.6291888
0.8006929 0.6416066
0.8104272 0.6540244
