0.2946538 0.1867266
0.2990062 0.1738931
0.3042042 0.1618194
0.3094789 0.1498318
0.3152684 0.1384217
0.321058 0.1270117
0.3268475 0.1156016
0.3330143 0.104683
0.339283 0.09389731
0.3454812 0.08301687
0.3514803 0.07186934
0.3593746 0.06442735
0.3678628 0.05848366
0.3771613 0.05668387
0.3856983 0.06046972
0.3937337 0.06793544
0.4011863 0.07655701
0.4078125 0.08681765
0.4144387 0.09707832
0.4210649 0.107339
0.4273581 0.1180612
0.433212 0.1293922
0.4390659 0.1407232
0.4449198 0.1520542
0.4507737 0.1633852
0.4566276 0.1747161
0.4626309 0.1858525
0.4688398 0.196721
0.4750487 0.2075895
0.4812576 0.2184581
0.4874664 0.2293266
0.4936753 0.2401951
0.4998842 0.2510636
0.5 0.2609583
0.5069159 0.2707497
0.5138319 0.2805412
0.5207478 0.2903326
0.5276637 0.300124
0.5345796 0.3099154
0.5414956 0.3197068
0.5484115 0.3294982
0.555328 0.3392885
0.5626965 0.3482536
0.5700649 0.3572187
0.5774333 0.3661837
0.5848018 0.3751488
0.5921702 0.3841138
0.5995387 0.3930789
0.6070275 0.401789
0.6147765 0.4099486
0.6225255 0.4181082
0.6302745 0.4262677
0.6380234 0.4344273
0.6457723 0.4425868
0.6540318 0.4493334
0.6625773 0.4552881
0.6711227 0.4612429
0.6796682 0.4671975
0.6881278 0.4734322
0.6965093 0.4799216
0.7048907 0.486411
0.713459 0.4922566
0.7221596 0.4976458
0.7312376 0.5
