0.2224155 0.3262703
0.2224155 0.3109266
0.2224155 0.295583
0.2261648 0.2811055
0.2353072 0.2678741
0.2376306 0.2526899
0.243422 0.237911
0.2479456 0.2228988
0.2555181 0.2084925
0.2638929 0.1943077
0.2690737 0.1794616
0.2866962 0.1714471
0.2938114 0.1569598
0.2987822 0.14203
0.3090882 0.1286766
0.3255492 0.1203574
0.3380428 0.1174955
0.3495405 0.1305939
0.3631554 0.1420988
0.3755372 0.1543039
0.3842585 0.1683661
0.3925823 0.182403
0.4069887 0.1940528
0.4192426 0.2066391
0.4281154 0.2206964
0.4369882 0.2347536
0.445861 0.2488108
0.459446 0.2609248
0.4730366 0.2730364
0.4820576 0.2869193
0.4901001 0.3012044
0.5 0.3149283
0.500204 0.3286521
0.5101038 0.3423759
0.5218322 0.3553448
0.5345268 0.3679149
0.54582 0.3809965
0.5535927 0.3953633
0.565626 0.4079646
0.5802032 0.4195119
0.5916373 0.4324511
0.6006279 0.4464723
0.6117585 0.4596773
0.6240377 0.472444
0.634356 0.485947
0.6432235 0.5
0.653974 0.5075493
0.6649117 0.520878
0.6781938 0.5331529
0.6910269 0.5456202
0.7009268 0.559344
0.7115332 0.5728095
0.7222837 0.5862224
0.7313451 0.6002094
0.7394572 0.6144727
0.7471953 0.6287686
0.760062 0.6412543
0.7722552 0.6540461
0.783162 0.6673868
0.7929409 0.6811393
0.7976432 0.6960511
0.8132963 0.7069008
0.8220097 0.7209221
