0.1967959 0.4099693
0.2008104 0.3954633
0.2050368 0.378346
0.2114825 0.3617965
0.2215226 0.3467097
0.2296828 0.3309817
0.2348706 0.3140853
0.243202 0.2981432
0.2515334 0.2822011
0.2598649 0.266259
0.2681963 0.2503169
0.2765278 0.2343747
0.2848592 0.2184326
0.2938478 0.2027633
0.3028519 0.1871003
0.311856 0.1714373
0.319681 0.1554408
0.3252445 0.1393173
0.3408149 0.1282306
0.3580889 0.120637
0.3780621 0.1212289
0.3928736 0.1326539
0.4045762 0.1469038
0.4165702 0.1609682
0.4286505 0.1749775
0.4407308 0.1889869
0.4522479 0.2033321
0.4629188 0.2181821
0.4733371 0.2331665
0.4836959 0.2481827
0.494737 0.2628233
0.5 0.2774205
0.5083314 0.2933626
0.5166629 0.3093047
0.5284425 0.3234988
0.5402846 0.3376612
0.5494318 0.3531558
0.5573629 0.3692517
0.5656115 0.3852044
0.5761635 0.4001184
0.5867156 0.4150324
0.5976052 0.4297584
0.6087734 0.4443291
0.6174622 0.4600538
0.625206 0.4762185
0.6349738 0.4914152
0.6465197 0.5
0.65814 0.5143005
0.6698517 0.5285446
0.6819319 0.542554
0.6933578 0.556941
0.7035027 0.5720673
0.7136475 0.5871936
0.7234268 0.6025009
0.7341102 0.617255
0.7473684 0.6304339
0.7577302 0.6451188
0.7649971 0.661405
0.7792338 0.6737877
0.7897456 0.6886142
0.7992944 0.704017
0.8076543 0.7198449
0.8197346 0.7338543
0.8257049 0.7496351
