0.2299246 0.4388948
0.2315269 0.4049509
0.2365882 0.374277
0.2416552 0.3436084
0.2467221 0.3129398
0.2533589 0.2852651
0.2603149 0.2581995
0.2672709 0.2311337
0.2730919 0.2019032
0.2781984 0.1713142
0.2855719 0.1452804
0.2909111 0.1156689
0.2979687 0.1087538
0.3085223 0.1210726
0.3194165 0.1304924
0.3302678 0.1403221
0.3409746 0.1515383
0.3516814 0.1627544
0.3623882 0.1739706
0.3730394 0.1856412
0.3835781 0.1982308
0.3941168 0.2108204
0.4046556 0.22341
0.4151943 0.2359996
0.4257331 0.2485892
0.436313 0.260854
0.4469275 0.2728465
0.457542 0.2848391
0.4681565 0.2968316
0.478771 0.3088242
0.4893855 0.3208168
0.5 0.3328093
0.5000104 0.3448018
0.5106248 0.3567944
0.5212393 0.3687869
0.5318539 0.3807795
0.5424765 0.3927048
0.553131 0.4043675
0.5637856 0.4160303
0.5744402 0.427693
0.5850947 0.4393558
0.5957493 0.4510186
0.6064038 0.4626813
0.6170437 0.4744615
0.6275802 0.4870679
0.6381167 0.4996744
0.6486533 0.5
0.6591898 0.5126065
0.6697264 0.5252129
0.6802629 0.5378194
0.6908575 0.5499647
0.7014951 0.5617687
0.7121326 0.5735727
0.7227702 0.5853767
0.733402 0.5972258
0.7439218 0.6099603
0.7544414 0.6226947
0.7649612 0.6354291
0.775481 0.6481636
0.7860007 0.660898
0.7964026 0.674477
0.8069564 0.6866429
0.8113301 0.6884826
