0.289135 0.3356853
0.2923434 0.3177547
0.2958019 0.3001479
0.3024406 0.2866569
0.3090792 0.2731658
0.3155345 0.2593215
0.321815 0.24514
0.3280956 0.2309585
0.3343761 0.2167771
0.3406226 0.2025371
0.3464875 0.1876387
0.3523524 0.1727403
0.3582173 0.157842
0.3640822 0.1429436
0.3699471 0.1280452
0.375812 0.1131468
0.3819912 0.09879065
0.3882717 0.08460921
0.3955649 0.07298008
0.4028708 0.06188884
0.4103847 0.06646445
0.4181963 0.07704771
0.4260296 0.08756399
0.4339118 0.09792879
0.441794 0.1082936
0.4496762 0.1186584
0.456663 0.1313928
0.4636249 0.1441933
0.4705867 0.1569938
0.4775486 0.1697943
0.4847207 0.182064
0.4923604 0.1931536
0.5 0.2042431
0.5034699 0.2153327
0.5111095 0.2264223
0.5187492 0.2375118
0.5263889 0.2486014
0.5340285 0.259691
0.5416682 0.2707806
0.5493078 0.2818701
0.5569475 0.2929597
0.5645871 0.3040493
0.5722268 0.3151388
0.5798126 0.3263788
0.5873567 0.3377353
0.5949008 0.3490918
0.6024449 0.3604482
0.609989 0.3718047
0.6175432 0.3831318
0.6254071 0.3935542
0.6332709 0.4039766
0.6411347 0.4143989
0.6489985 0.4248213
0.6572186 0.4339198
0.6657801 0.4417492
0.6743416 0.4495787
0.682903 0.4574081
0.6913167 0.4658701
0.6997139 0.4744026
0.7081112 0.482935
0.7165084 0.4914675
0.7249056 0.5
0.732738 0.5067087
0.7409535 0.5141469
