0.2245218 0.2371939
0.2271492 0.2143428
0.2345366 0.1959501
0.2415653 0.1769323
0.2489108 0.1585514
0.2572784 0.1421822
0.2656478 0.1258176
0.2756714 0.1157156
0.2847916 0.1252383
0.2917803 0.1442623
0.3003989 0.1600274
0.3090175 0.1757926
0.3174421 0.1920178
0.3256947 0.208651
0.3339472 0.2252842
0.3422313 0.2418424
0.3508725 0.2575513
0.3595136 0.2732602
0.3681547 0.288969
0.3767959 0.3046779
0.3855439 0.3200867
0.394946 0.33366
0.4043482 0.3472333
0.4137503 0.3608066
0.4231524 0.3743799
0.4325545 0.3879532
0.442007 0.4013644
0.4515283 0.414554
0.4610496 0.4277436
0.4705708 0.4409332
0.4800921 0.4541228
0.4896134 0.4673124
0.4991346 0.480502
0.5 0.4936917
0.5095212 0.5
0.5190426 0.5131896
0.5290082 0.5247813
0.5389941 0.5363006
0.5489799 0.5478199
0.5589657 0.559339
0.5689516 0.5708582
0.5789964 0.5821047
0.5895849 0.5908352
0.6001734 0.5995657
0.6107619 0.6082963
0.6213504 0.6170268
0.6319389 0.6257573
0.6425275 0.6344879
0.65327 0.6422549
0.6641507 0.6491582
0.6750314 0.6560615
0.685912 0.6629649
0.6967927 0.6698682
0.7077149 0.6764047
0.7188718 0.6808691
0.7300287 0.6853334
0.7411856 0.6897978
0.7523426 0.694262
0.7635652 0.6978284
0.7748289 0.7008331
0.7860925 0.7038378
0.7973561 0.7068425
0.8086199 0.7098472
0.8198835 0.7128519
