0.2338283 0.2438193
0.2380692 0.2304788
0.2411782 0.2165163
0.250413 0.2060215
0.2540163 0.192339
0.2611058 0.1796032
0.2677615 0.1666836
0.2744284 0.1537687
0.2781394 0.1400462
0.2823915 0.1263343
0.2925085 0.115584
0.2995757 0.1028393
0.3070561 0.09056208
0.3198125 0.0836513
0.3346422 0.08216453
0.3495784 0.08565167
0.3624538 0.09380996
0.3740426 0.1035053
0.3852522 0.1135738
0.3964617 0.1236423
0.4076713 0.1337107
0.4188809 0.1437792
0.429495 0.1543317
0.4395335 0.165352
0.449572 0.1763723
0.4596106 0.1873927
0.4687628 0.1990019
0.4775563 0.2108494
0.4863499 0.2226969
0.4951433 0.2345445
0.5 0.2463109
0.509142 0.2579437
0.518284 0.2695764
0.5269271 0.2815048
0.5352355 0.2936315
0.5430692 0.3060028
0.5505292 0.3185666
0.5580055 0.3311226
0.5655212 0.3436596
0.5732749 0.3560739
0.5815413 0.3682237
0.5898077 0.3803736
0.5981418 0.3924859
0.6065437 0.4045604
0.6149456 0.4166351
0.6240723 0.428277
0.6332142 0.4399098
0.642159 0.4516579
0.6503152 0.4638677
0.6584713 0.4760775
0.666695 0.4882485
0.6756467 0.5
0.6845985 0.506618
0.693563 0.5183609
0.7038029 0.5292307
0.7140428 0.5401005
0.7228624 0.5518946
0.7311708 0.5640213
0.7410281 0.575114
0.7510325 0.5860208
0.7555878 0.5996593
0.7647598 0.6108208
0.7746152 0.6218864
