0.1924898 0.5
0.1940706 0.4785201
0.196977 0.4575965
0.2045844 0.4386453
0.2121933 0.4196956
0.2222113 0.4029416
0.2322294 0.3861876
0.2422476 0.3694336
0.252048 0.3524514
0.2614429 0.3350435
0.2708377 0.3176356
0.2802615 0.3002578
0.2901859 0.2834012
0.3001103 0.2665446
0.3100346 0.249688
0.3181204 0.2312328
0.3265333 0.2130621
0.3368895 0.1991521
0.3481231 0.2144165
0.3593568 0.2296808
0.3705904 0.2449451
0.3818533 0.2601682
0.393495 0.2748571
0.4051367 0.289546
0.4167784 0.3042349
0.4284202 0.3189238
0.4400619 0.3336127
0.4517036 0.3483016
0.4634591 0.3628181
0.4754753 0.3769393
0.4874914 0.3910604
0.4995076 0.4051816
0.5 0.4193028
0.5120162 0.433424
0.5240324 0.4475451
0.5360485 0.4616663
0.5480647 0.4757875
0.5599482 0.4901131
0.5717567 0.5015352
0.5835652 0.5159761
0.5953738 0.5304171
0.6071824 0.544858
0.6189909 0.5592989
0.6307995 0.5737399
0.642608 0.5881808
0.6544166 0.6026218
0.6661633 0.6171512
0.677397 0.6324155
0.6886307 0.6476798
0.6998643 0.6629441
0.711098 0.6782085
0.7223316 0.6934727
0.7335653 0.7087371
0.744799 0.7240014
0.7560326 0.7392657
0.7672663 0.7545301
0.7784998 0.7697943
0.7898343 0.7849181
0.8013673 0.7997644
0.8129004 0.8146107
0.8244334 0.8294571
0.8359665 0.8443034
0.8458884 0.8610557
