0.2919524 0.2519234
0.3192551 0.2519234
0.3461828 0.2567312
0.3666758 0.2807696
0.3921312 0.2949769
0.4133677 0.3156048
0.4382594 0.3294546
0.4572026 0.3549082
0.4789955 0.3775376
0.5 0.4039971
0.5037769 0.435225
0.5240694 0.4639069
0.5448352 0.4918645
0.561186 0.5198011
0.5812002 0.5490162
0.5997484 0.5803175
0.6178647 0.6122472
0.6380231 0.6411733
0.6561302 0.6731789
0.6750851 0.7037429
0.6936405 0.7346302
0.71456 0.7620007
0.7321759 0.7943176
0.7535771 0.8158349
0.7696967 0.8463784
0.786612 0.8618193
0.7744305 0.829499
0.7594024 0.8036324
0.747022 0.7800748
0.7352509 0.7555554
0.7201298 0.7363247
0.7039905 0.7119735
0.6861143 0.6869541
0.6744806 0.6594015
0.6557531 0.6403172
0.638297 0.612042
0.6216589 0.5864932
0.6009385 0.5682054
0.5883796 0.5392092
0.5663164 0.5199185
0.5455529 0.5
0.5278437 0.4780265
0.5059103 0.4618007
0.4989288 0.4392501
0.4802679 0.4186189
0.4584906 0.3994495
0.4408426 0.3721158
0.4239376 0.352885
0.4024951 0.3325299
0.3821028 0.308341
0.3615927 0.2849402
0.3409927 0.2615389
0.3169319 0.2471158
0.3010886 0.2221813
0.2823545 0.2389584
0.2665934 0.2735125
0.2490354 0.3061416
0.2383692 0.3410178
0.2214169 0.3728919
0.210341 0.4096079
0.197912 0.4452884
0.1820303 0.473987
0.1677701 0.5044841
0.1549104 0.5344015
