0.3004916 0.1873432
0.3049837 0.1739725
0.3094674 0.1605939
0.3136555 0.1469407
0.3178436 0.1332876
0.3220318 0.1196344
0.325953 0.1057554
0.3298289 0.09183806
0.3342099 0.07845744
0.3398659 0.06643227
0.3476264 0.05954036
0.3566545 0.05926698
0.3648588 0.0629636
0.3715118 0.07340896
0.3782167 0.0837543
0.3851423 0.09367386
0.3920678 0.1035934
0.3989571 0.1135835
0.4056434 0.1239671
0.4123297 0.1343507
0.4190161 0.1447342
0.4257948 0.1549378
0.4327503 0.1647965
0.4397058 0.1746551
0.4466614 0.1845138
0.4532845 0.1949838
0.4596031 0.2060135
0.4659216 0.2170432
0.4722402 0.228073
0.4785587 0.2391028
0.4848773 0.2501325
0.4911958 0.2611623
0.4981015 0.2711044
0.5 0.2808727
0.5069995 0.290641
0.513999 0.3004094
0.5209985 0.3101777
0.527998 0.319946
0.5351529 0.3293787
0.5423768 0.3386622
0.5496008 0.3479457
0.5568249 0.3572291
0.5640488 0.3665126
0.5712728 0.3757961
0.5784968 0.3850796
0.5864478 0.3923471
0.5945874 0.3990917
0.602727 0.4058363
0.6108665 0.4125809
0.6190061 0.4193256
0.6272614 0.425631
0.6356379 0.4314761
0.6440145 0.4373212
0.6523911 0.4431663
0.6607677 0.4490113
0.6691443 0.4548564
0.6775208 0.4607014
0.6858974 0.4665465
0.694274 0.4723916
0.7026505 0.4782366
0.7110648 0.4839093
0.7196543 0.4887792
0.7282437 0.493649
0.7361236 0.5
