0.2828508 0.2009981
0.2828508 0.180995
0.28416 0.1620921
0.2896771 0.1467253
0.2959895 0.1331464
0.3024306 0.119857
0.3097017 0.1093064
0.3172674 0.09972784
0.3250213 0.09104869
0.3329425 0.08316907
0.3408636 0.07528946
0.3493215 0.07205158
0.3578781 0.06966832
0.3664347 0.06728503
0.3749913 0.06490177
0.3834832 0.0616596
0.3918805 0.05716169
0.4002898 0.05290863
0.4089078 0.05290863
0.4175258 0.05290863
0.4261438 0.05290863
0.4347617 0.05290863
0.4429276 0.05869564
0.4507112 0.06701374
0.4578818 0.07810944
0.4650524 0.08920518
0.472223 0.1003009
0.4793936 0.1113966
0.4862899 0.1233849
0.493145 0.1355076
0.5 0.1476304
0.5007639 0.1597531
0.5076331 0.1718319
0.5145542 0.1837507
0.5214753 0.1956695
0.5283964 0.2075883
0.5353175 0.2195071
0.5422386 0.2314259
0.5491597 0.2433447
0.5562529 0.2546732
0.5635924 0.2651567
0.570932 0.2756403
0.5782716 0.2861239
0.5856112 0.2966075
0.5929508 0.307091
0.6002903 0.3175746
0.60763 0.3280581
0.6149926 0.3384533
0.6224 0.3486764
0.6298075 0.3588995
0.637215 0.3691226
0.6446224 0.3793457
0.6520299 0.3895687
0.6594374 0.3997918
0.6668448 0.4100149
0.6740338 0.4210331
0.6811506 0.4323141
0.6882673 0.4435951
0.695384 0.454876
0.7025008 0.466157
0.7096176 0.477438
0.7167343 0.488719
0.7238511 0.5
