0.2212076 0.4724001
0.2230357 0.4519653
0.2276683 0.4322956
0.2329032 0.4127901
0.2381382 0.3932846
0.2433731 0.3737792
0.2503998 0.355226
0.2581454 0.3370548
0.2658909 0.3188837
0.2736364 0.3007125
0.2813819 0.2825413
0.2900296 0.2650284
0.2990384 0.2477789
0.308047 0.2305294
0.3170556 0.2132799
0.3260643 0.1960303
0.335073 0.1787808
0.3453917 0.1627054
0.3553637 0.1572226
0.3645463 0.17433
0.3737289 0.1914375
0.3824791 0.2088907
0.3912186 0.2263525
0.3999582 0.2438143
0.4086977 0.2612761
0.4174373 0.2787379
0.4267205 0.2957173
0.437189 0.3116447
0.4476575 0.3275722
0.458126 0.3434997
0.4685945 0.3594272
0.479063 0.3753546
0.4895315 0.3912821
0.5 0.4072096
0.5015175 0.4230425
0.5129026 0.4379685
0.5242877 0.4528945
0.5356728 0.4678205
0.5470579 0.4827465
0.558443 0.4976725
0.569828 0.5
0.5812131 0.514926
0.5925982 0.529852
0.6039833 0.544778
0.6153684 0.559704
0.6278688 0.5731647
0.6405061 0.5864456
0.6531433 0.5997266
0.6657807 0.6130075
0.6784179 0.6262884
0.6910552 0.6395694
0.7036924 0.6528503
0.7163297 0.6661313
0.728967 0.6794122
0.7416043 0.6926931
0.7542415 0.7059741
0.7681073 0.7171419
0.7822328 0.7278632
0.7963581 0.7385845
0.8104836 0.7493058
0.824609 0.7600271
0.8386139 0.7709827
0.8523878 0.7823877
0.8640106 0.7964646
