0.2510507 0.273943
0.251541 0.2569745
0.2538913 0.2402698
0.2597381 0.2250454
0.2655849 0.2098211
0.2720054 0.1949964
0.2775043 0.1796761
0.281096 0.1633096
0.2881151 0.1490067
0.2936685 0.1337624
0.2994606 0.1189484
0.3065531 0.1051668
0.3128354 0.09862104
0.3231128 0.1082822
0.3323574 0.1203181
0.3416021 0.132354
0.3511506 0.1439804
0.3607084 0.1555943
0.3702661 0.1672083
0.3798252 0.1788205
0.3894991 0.1902703
0.399173 0.2017201
0.4088469 0.2131699
0.4185208 0.2246197
0.4281947 0.2360696
0.4379581 0.2473862
0.4479584 0.2583503
0.4579588 0.2693144
0.4679592 0.2802784
0.4779595 0.2912425
0.4879807 0.3021743
0.4980244 0.3130711
0.5 0.3239679
0.5100436 0.3348647
0.5200873 0.3457615
0.5293643 0.3577512
0.538609 0.3697872
0.5478536 0.3818231
0.5575411 0.393206
0.567861 0.4036561
0.5781808 0.4141062
0.5885008 0.4245563
0.5988126 0.435019
0.6084193 0.4465642
0.6180261 0.4581095
0.6276328 0.4696547
0.6378561 0.4802131
0.6484948 0.4901065
0.6591335 0.5
0.6693852 0.507945
0.6786299 0.5199809
0.6878745 0.5320169
0.6971235 0.544046
0.7079135 0.5536577
0.7187034 0.5632694
0.7294934 0.5728811
0.7402834 0.5824928
0.750448 0.5931345
0.7601219 0.6045842
0.7697959 0.6160341
0.7791728 0.6278893
0.7884175 0.6399252
0.7981526 0.6512479
