0.2006026 0.5200781
0.2013345 0.4885894
0.2052333 0.4538073
0.2082466 0.4183827
0.2143247 0.3858686
0.2199137 0.352767
0.2249613 0.3190151
0.2297375 0.284982
0.2345096 0.2509446
0.2392817 0.2169073
0.2438449 0.1826721
0.2475891 0.1479453
0.2579814 0.1502626
0.2685927 0.1718098
0.2813184 0.1845738
0.2940441 0.1973378
0.306519 0.21176
0.318983 0.2262544
0.331447 0.2407489
0.3439869 0.2547564
0.3566059 0.2682571
0.369225 0.2817579
0.381844 0.2952586
0.394463 0.3087593
0.407082 0.3222601
0.419701 0.3357609
0.4322918 0.349448
0.4448751 0.3631852
0.4574584 0.3769225
0.4700417 0.3906597
0.4826249 0.404397
0.4952082 0.4181343
0.5 0.4318715
0.5125921 0.4455503
0.5251944 0.4591627
0.5377966 0.4727751
0.5503988 0.4863876
0.5630011 0.5
0.5756033 0.5090669
0.5882055 0.5226793
0.6008078 0.5362918
0.6134318 0.5497584
0.6260646 0.5631667
0.6386974 0.5765749
0.6513301 0.5899831
0.6639629 0.6033913
0.6765957 0.6167996
0.6892285 0.6302078
0.7018613 0.643616
0.714494 0.6570243
0.7270789 0.6707433
0.7395711 0.685063
0.7520633 0.6993827
0.7645555 0.7137024
0.7770907 0.7277254
0.7899188 0.7397343
0.8027468 0.7517431
0.8154847 0.7643532
0.8278576 0.7793956
0.8406588 0.7911557
0.853844 0.7999723
0.8550458 0.8056345
0.8448412 0.7822187
