0.2553149 0.2980148
0.2572765 0.281255
0.2599504 0.2648184
0.2662751 0.2500391
0.2725998 0.2352598
0.2784435 0.2201534
0.2839661 0.2048287
0.2894886 0.189504
0.2950401 0.1741973
0.3006061 0.1588998
0.3061722 0.1436023
0.3118789 0.1284074
0.318805 0.1141014
0.325404 0.09955207
0.3333414 0.1119911
0.3420193 0.1245383
0.3507843 0.1369762
0.3599064 0.1489667
0.3690286 0.1609571
0.3781507 0.1729475
0.3872728 0.1849379
0.396395 0.1969284
0.405607 0.2087961
0.4150605 0.2203345
0.4245141 0.2318729
0.4339676 0.2434114
0.4434211 0.2549498
0.4528746 0.2664882
0.4623281 0.2780266
0.4717816 0.2895651
0.481337 0.3009527
0.491171 0.3119278
0.5 0.3229029
0.5098341 0.333878
0.5196682 0.3448532
0.5295022 0.3558283
0.5393363 0.3668033
0.5491704 0.3777785
0.5590045 0.3887536
0.5688385 0.3997287
0.5786088 0.4108014
0.5883284 0.4219512
0.5980481 0.433101
0.6077677 0.4442509
0.6174874 0.4554007
0.627207 0.4665505
0.6369267 0.4777003
0.6466464 0.4888501
0.656366 0.5
0.6660857 0.5054423
0.675955 0.516355
0.6860855 0.526854
0.6962159 0.537353
0.7063464 0.547852
0.7164769 0.558351
0.7266073 0.56885
0.7367378 0.579349
0.7468683 0.589848
0.7569987 0.6003471
0.7671998 0.6107183
0.7779338 0.6201243
0.7886678 0.6295304
0.7994018 0.6389364
