0.3007087 0.4115959
0.3038138 0.3836519
0.3082498 0.3574397
0.3128674 0.3315973
0.3172986 0.3052796
0.3209795 0.277425
0.324546 0.2493525
0.3292792 0.2237969
0.3341708 0.1986833
0.3392381 0.1740597
0.3426899 0.1457795
0.3469355 0.1192035
0.3509325 0.09216538
0.3565435 0.07060444
0.3635728 0.05943274
0.3718264 0.05943274
0.3797712 0.06521422
0.3873781 0.07731947
0.394985 0.08942479
0.402812 0.09919482
0.4107303 0.1079969
0.4186485 0.1167989
0.4265668 0.125601
0.4344851 0.1344031
0.4422876 0.1445701
0.4500831 0.1548182
0.4578787 0.1650663
0.4656743 0.1753144
0.4734699 0.1855624
0.4812654 0.1958105
0.4890927 0.2056959
0.4969679 0.2150337
0.5 0.2243715
0.5078752 0.2337093
0.5157504 0.2430471
0.5236256 0.2523849
0.5315008 0.2617227
0.5393725 0.2711026
0.5472313 0.2806365
0.55509 0.2901705
0.5629487 0.2997045
0.5708075 0.3092385
0.5786662 0.3187724
0.586525 0.3283064
0.5943837 0.3378404
0.6022424 0.3473743
0.6101012 0.3569083
0.6179599 0.3664423
0.6258186 0.3759762
0.6337935 0.3839715
0.6418007 0.3915373
0.6498079 0.3991031
0.6578152 0.4066689
0.6658224 0.4142348
0.6738297 0.4218006
0.6817365 0.4306991
0.6895975 0.4402064
0.6974586 0.4497138
0.7053251 0.4591538
0.7132212 0.4682364
0.7211173 0.4773191
0.7290133 0.4864018
0.7364329 0.5
