0.2566654 0.2404496
0.2554044 0.2225134
0.2550454 0.2044983
0.2550454 0.1864517
0.2550454 0.1684052
0.2571907 0.1509088
0.2614269 0.1342588
0.2675573 0.1190336
0.2744622 0.1047903
0.2825364 0.09202945
0.2934861 0.09177893
0.3034829 0.1004493
0.3134352 0.1092968
0.3234803 0.1178678
0.3336934 0.1259385
0.3439066 0.1340091
0.3541198 0.1420798
0.3638002 0.1516278
0.3733984 0.1614036
0.3829966 0.1711794
0.3925948 0.1809553
0.402193 0.1907311
0.4117912 0.200507
0.4213894 0.2102828
0.4308619 0.220344
0.4399969 0.231172
0.4491318 0.2419999
0.4582667 0.2528278
0.4674017 0.2636558
0.4765366 0.2744837
0.4856716 0.2853116
0.4948065 0.2961396
0.5 0.3064524
0.5096176 0.3161805
0.5192352 0.3259085
0.5288528 0.3356366
0.5384704 0.3453647
0.5480881 0.3550927
0.5577057 0.3648208
0.5673233 0.3745489
0.5769269 0.3843098
0.5862415 0.3947484
0.595556 0.4051871
0.6048706 0.4156257
0.6141852 0.4260644
0.6234998 0.436503
0.6328143 0.4469416
0.6421289 0.4573803
0.6514435 0.4678189
0.6607581 0.4782576
0.6699412 0.4889771
0.6789823 0.5
0.6880234 0.5001108
0.6970646 0.5111337
0.7061056 0.5221566
0.7151467 0.5331795
0.7242075 0.5441616
0.7333424 0.5549895
0.7424774 0.5658174
0.7516123 0.5766454
0.7607472 0.5874733
0.7698821 0.5983012
0.7792127 0.6086921
0.7887136 0.6187025
