0.2577652 0.2289659
0.2622747 0.2179249
0.2701639 0.2076271
0.2811162 0.1979298
0.2856485 0.1861756
0.2908757 0.1746249
0.3006968 0.1648957
0.303732 0.1529116
0.3069392 0.1409511
0.311417 0.1291645
0.3149889 0.1172592
0.3165501 0.1052116
0.3221446 0.0937137
0.3313364 0.08318478
0.337485 0.07210341
0.346752 0.06327781
0.3652146 0.06327781
0.3790014 0.07021856
0.3910166 0.07861197
0.3999009 0.08925197
0.410141 0.09935018
0.4198977 0.1095931
0.4269986 0.1208079
0.4348965 0.131742
0.4451377 0.1418509
0.4553623 0.1519666
0.4647232 0.1624385
0.474084 0.1729105
0.4834449 0.1833824
0.4917433 0.1942342
0.5 0.2051009
0.5018299 0.2159676
0.5100865 0.2268344
0.5184218 0.2376738
0.527388 0.2482943
0.5363542 0.2589147
0.5453204 0.2695352
0.5542865 0.2801556
0.5632527 0.2907761
0.5722189 0.3013965
0.5803409 0.3123004
0.5881484 0.32331
0.5960293 0.3342962
0.604286 0.3451629
0.6125426 0.3560297
0.6203721 0.3670257
0.6275366 0.3782229
0.6347011 0.3894202
0.6419919 0.4005807
0.6497993 0.4115902
0.6576068 0.4225998
0.6660111 0.4334122
0.6747642 0.4441094
0.6827387 0.4550392
0.6892431 0.4664091
0.6968828 0.4774694
0.7043282 0.4885821
0.7106376 0.5
0.7163383 0.5041231
0.7211049 0.515829
0.73089 0.5261316
0.7364252 0.5374559
0.743462 0.547984
