0.2055945 0.2590064
0.2104114 0.2412317
0.2201841 0.2286941
0.229599 0.2156185
0.2377011 0.2006696
0.2458032 0.1857207
0.2539054 0.1707718
0.2635058 0.1581387
0.2739949 0.1468787
0.2844927 0.135637
0.2951179 0.1246587
0.3057431 0.1136804
0.3173586 0.1053288
0.3296247 0.100269
0.3425943 0.100269
0.3555641 0.100269
0.3675879 0.1061827
0.3791778 0.1147668
0.3887385 0.1277029
0.3982991 0.1406389
0.4078598 0.1535749
0.416615 0.167692
0.4253166 0.1818879
0.4340181 0.1960838
0.4427196 0.2102797
0.4514212 0.2244756
0.4601075 0.2386918
0.4687838 0.2529213
0.4774601 0.2671509
0.4861363 0.2813805
0.4948126 0.29561
0.5 0.3098396
0.5086763 0.3240692
0.5173525 0.3382988
0.5265208 0.3518393
0.5356918 0.3653761
0.5448627 0.3789129
0.5540337 0.3924497
0.5632046 0.4059865
0.5723756 0.4195233
0.5815465 0.4330601
0.5907175 0.4465969
0.5998884 0.4601337
0.609183 0.4734844
0.6185391 0.4867422
0.6278953 0.5
0.6372514 0.507018
0.6466076 0.5202757
0.6559638 0.5335335
0.6653586 0.5467299
0.6749989 0.5595366
0.6846392 0.5723432
0.6942795 0.5851498
0.7039198 0.5979564
0.7136431 0.6106026
0.7245529 0.6209548
0.7354627 0.631307
0.7463726 0.6416592
0.757479 0.6515445
0.7686003 0.6613939
0.7782955 0.6739398
0.7897359 0.6815602
0.8003583 0.6922817
