0.2490185 0.4167157
0.2545562 0.3969337
0.2600479 0.3771016
0.2655082 0.357235
0.2709684 0.3373685
0.2766625 0.3178004
0.2835042 0.2996966
0.2903458 0.2815928
0.2971875 0.263489
0.3040291 0.2453852
0.311211 0.2278429
0.3189313 0.2111889
0.3266516 0.194535
0.3343719 0.1778811
0.3420922 0.1612271
0.3498939 0.1447237
0.3577233 0.1282716
0.3655527 0.1118194
0.3734668 0.09553084
0.383132 0.1067473
0.3925072 0.1196284
0.4018605 0.132563
0.4101087 0.1481883
0.418357 0.1638136
0.4266052 0.1794388
0.4348534 0.1950641
0.4438312 0.2089877
0.4529238 0.2226434
0.4620165 0.2362992
0.4711091 0.2499549
0.4802017 0.2636107
0.4892943 0.2772664
0.4986179 0.2902722
0.5 0.3026882
0.5095332 0.3151041
0.5190665 0.3275201
0.5285997 0.339936
0.538133 0.352352
0.5476662 0.3647679
0.5571994 0.3771839
0.5667326 0.3895998
0.5762659 0.4020158
0.585816 0.4143782
0.5956089 0.4259709
0.6054019 0.4375636
0.6151947 0.4491563
0.6249876 0.4607491
0.6347805 0.4723418
0.6445735 0.4839345
0.6543663 0.4955272
0.6641592 0.5
0.6739521 0.5115927
0.6840471 0.5221152
0.6941431 0.5326343
0.704239 0.5431533
0.714335 0.5536724
0.724431 0.5641915
0.734527 0.5747105
0.7443352 0.5862395
0.7540822 0.5979838
0.7638291 0.6097282
0.773576 0.6214725
0.7834805 0.6326507
0.7939467 0.6414903
