0.2389528 0.3172832
0.2419646 0.2999235
0.2461004 0.2830085
0.2512568 0.2664972
0.2564131 0.249986
0.2615695 0.2334747
0.2667259 0.2169635
0.2720893 0.2005655
0.2778345 0.1843763
0.2835797 0.1681871
0.2893249 0.1519979
0.2964123 0.1368482
0.3049362 0.122811
0.3130193 0.1160835
0.3228368 0.1286581
0.3327762 0.1410736
0.3427644 0.1534257
0.3527525 0.1657777
0.3627406 0.1781298
0.3727288 0.1904819
0.3827169 0.202834
0.3926313 0.2152812
0.4023378 0.2279962
0.4120443 0.2407113
0.4217508 0.2534264
0.4314573 0.2661414
0.4411638 0.2788565
0.4508704 0.2915716
0.4605769 0.3042867
0.4702834 0.3170017
0.4799899 0.3297168
0.4897904 0.3423079
0.5 0.3543593
0.5003704 0.3664106
0.5105801 0.3784619
0.5207897 0.3905132
0.5309994 0.4025645
0.541209 0.4146158
0.5514187 0.4266671
0.5616283 0.4387184
0.571838 0.4507697
0.5820476 0.462821
0.5922957 0.4748162
0.6029617 0.4862007
0.6136276 0.4975852
0.6242935 0.5
0.6349595 0.5113845
0.6456254 0.522769
0.6562914 0.5341535
0.6669573 0.545538
0.6776232 0.5569225
0.6882892 0.568307
0.6989803 0.5796513
0.7099544 0.5905448
0.7209285 0.6014382
0.7319026 0.6123317
0.7428766 0.6232252
0.7538508 0.6341186
0.7648249 0.645012
0.7757989 0.6559055
0.786773 0.666799
0.7980645 0.6771461
0.8093624 0.6874823
0.820325 0.6983253
