0.2090025 0.3044272
0.2090025 0.2895483
0.2090025 0.2746695
0.2167161 0.2608566
0.2297178 0.2489837
0.2399467 0.2359104
0.2475267 0.2222525
0.2555806 0.2088958
0.2664381 0.196002
0.2767623 0.1833227
0.2833197 0.1692083
0.3012802 0.1628831
0.3116572 0.1519206
0.3197109 0.1391939
0.3327324 0.1465708
0.342484 0.1598789
0.3528533 0.1729614
0.3636717 0.1858799
0.3727694 0.1993496
0.3804257 0.2132812
0.3875428 0.2273367
0.3938085 0.2415881
0.4000742 0.2558394
0.4068139 0.2699884
0.4137093 0.2841037
0.4206047 0.2982191
0.4283355 0.312121
0.4367221 0.3258553
0.4451087 0.3395897
0.4538763 0.353205
0.4636279 0.3665131
0.4733795 0.3798211
0.4831311 0.3931292
0.4922322 0.406649
0.5 0.4201942
0.5090231 0.4337394
0.51956 0.4467562
0.5303785 0.4596747
0.5411969 0.4725931
0.5520153 0.4855116
0.5634049 0.498197
0.5749617 0.5
0.5873288 0.5122252
0.6009504 0.5238436
0.614572 0.5354621
0.6278868 0.5472303
0.6395935 0.559783
0.6513001 0.5723358
0.6630068 0.5848885
0.6766722 0.5964652
0.6906316 0.6078955
0.7047988 0.619206
0.7189894 0.6305028
0.7314821 0.6426347
0.7431193 0.6551703
0.7585379 0.6656913
0.7721716 0.67709
0.7819232 0.6903981
0.795199 0.701973
0.8068041 0.7145256
0.8173827 0.7275239
0.8291779 0.7400227
0.8347256 0.7543792
0.8461487 0.7667811
