0.2620077 0.3584781
0.2653794 0.3413748
0.2687987 0.324296
0.2746508 0.3084638
0.2805028 0.2926316
0.2862529 0.276732
0.2918788 0.2607506
0.2975048 0.2447692
0.3032401 0.2288599
0.3090922 0.2130277
0.3149443 0.1971955
0.3207814 0.1813535
0.3263832 0.1653565
0.331985 0.1493595
0.3367722 0.132955
0.3402153 0.1158777
0.3454911 0.09982464
0.3538653 0.1025558
0.3615226 0.1169088
0.3691285 0.1313126
0.3775855 0.1447639
0.3866208 0.1575679
0.3956562 0.170372
0.4046915 0.183176
0.4140216 0.1955822
0.4234693 0.2078296
0.432917 0.2200769
0.4423647 0.2323243
0.4518124 0.2445716
0.4612601 0.256819
0.4707078 0.2690663
0.4801555 0.2813137
0.4897818 0.2932853
0.5 0.3043429
0.5070044 0.3154006
0.5172226 0.3264582
0.5274408 0.337516
0.537659 0.3485736
0.5478772 0.3596313
0.5580954 0.3706889
0.5682945 0.3817787
0.5784911 0.3928729
0.5886876 0.4039671
0.5988841 0.4150613
0.6090807 0.4261555
0.6192772 0.4372497
0.6294737 0.4483439
0.6397058 0.4593776
0.6500049 0.4702969
0.6603041 0.4812163
0.6706032 0.4921357
0.6809024 0.5
0.6912016 0.5109193
0.7013312 0.5221143
0.7111433 0.5338256
0.7209555 0.5455369
0.7307676 0.5572482
0.7405797 0.5689595
0.7503918 0.5806708
0.7603037 0.592226
0.7702931 0.6036598
0.7799956 0.6155154
0.7892486 0.6280318
0.7997661 0.6377417
