0.2908733 0.2713984
0.2908733 0.2576784
0.2918352 0.2440106
0.293385 0.2303745
0.2949347 0.2167385
0.3002918 0.2041663
0.3063466 0.1917891
0.3124014 0.1794118
0.3184562 0.1670346
0.3243982 0.1546053
0.3303327 0.1421725
0.3362673 0.1297397
0.3422018 0.1173069
0.3481364 0.1048741
0.354692 0.09274617
0.3613452 0.08066615
0.3707816 0.07908696
0.3792017 0.09006295
0.3871371 0.1013741
0.3949215 0.1127898
0.4027058 0.1242054
0.4103636 0.1357027
0.4180212 0.1472
0.4256789 0.1586973
0.4333366 0.1701946
0.4409943 0.1816919
0.4486519 0.1931892
0.4563096 0.2046864
0.4641442 0.2160563
0.4731082 0.2266125
0.4820721 0.2371688
0.4910361 0.2477251
0.5 0.2582814
0.5002575 0.2688376
0.5092214 0.2793939
0.5181854 0.2899501
0.5271493 0.3005064
0.5361132 0.3110626
0.5450771 0.3216189
0.5543165 0.3319412
0.5637564 0.3420932
0.5731963 0.3522451
0.5826362 0.3623971
0.5920761 0.372549
0.601516 0.3827009
0.610956 0.3928528
0.6203959 0.4030048
0.6298358 0.4131567
0.6392757 0.4233087
0.6487156 0.4334606
0.6581556 0.4436125
0.6675954 0.4537645
0.6770354 0.4639164
0.6864753 0.4740684
0.6959152 0.4842203
0.7052146 0.4944945
0.7144315 0.5
0.7236484 0.510346
0.7328653 0.5206919
0.7420822 0.5310379
0.7512991 0.5413839
0.7605511 0.5516996
0.7698745 0.561954
