0.236032 0.5137699
0.2377229 0.4941383
0.2394138 0.4721278
0.2424153 0.4500089
0.2444865 0.4276296
0.2457417 0.4053525
0.2504537 0.3839686
0.253475 0.3618653
0.2556581 0.3395042
0.258714 0.3173882
0.2632861 0.2959442
0.268249 0.2747161
0.2737554 0.2538666
0.2795765 0.2331429
0.2867434 0.2134923
0.3001497 0.2141035
0.3120373 0.2264516
0.3219238 0.243043
0.3320022 0.2593059
0.3428671 0.27437
0.3531628 0.2903725
0.3637493 0.3058987
0.3745719 0.321038
0.3855283 0.3359431
0.3964861 0.3508457
0.4076996 0.3652691
0.4191486 0.3792509
0.4305977 0.3932328
0.4420468 0.4072147
0.453558 0.4210713
0.4651685 0.4347277
0.476779 0.4483842
0.4883895 0.4620407
0.5 0.4756972
0.5093423 0.4893536
0.5214556 0.5
0.5335705 0.5125534
0.5456854 0.5251068
0.5578357 0.5375759
0.5701056 0.5497602
0.5823756 0.5619444
0.5946456 0.5741287
0.6069155 0.5863129
0.6191656 0.5985448
0.6313615 0.6109074
0.6435574 0.6232699
0.655776 0.6355762
0.6682613 0.6472197
0.6807467 0.6588632
0.6932321 0.6705068
0.7054609 0.6827804
0.7175759 0.6953337
0.7296908 0.7078871
0.7418057 0.7204405
0.7540061 0.73279
0.7662901 0.74494
0.7785741 0.7570901
0.7909542 0.7689985
0.8034395 0.780642
0.8159249 0.7922854
0.8281257 0.8046281
0.8402406 0.8171815
0.8523555 0.8297349
0.8644705 0.8422883
