0.2466592 0.2852342
0.248115 0.2610875
0.2512707 0.2375905
0.2557815 0.2151088
0.2613806 0.1938053
0.2665387 0.1719888
0.2721949 0.1508404
0.2787088 0.1308095
0.2846602 0.1099821
0.2897435 0.08871228
0.2961546 0.07787442
0.3059387 0.08971882
0.3150654 0.1041504
0.3243402 0.1181106
0.3338454 0.131337
0.3433506 0.1445634
0.3528559 0.1577898
0.3623611 0.1710161
0.3719394 0.1839899
0.3815408 0.1968835
0.3911423 0.2097772
0.4007438 0.2226708
0.4103452 0.2355645
0.4199466 0.2484581
0.4297234 0.2606919
0.4396597 0.2723245
0.449596 0.2839572
0.4595323 0.2955898
0.4694686 0.3072225
0.4794049 0.3188552
0.4893413 0.3304878
0.4994549 0.3413523
0.5 0.3517283
0.5102265 0.3621044
0.520453 0.3724804
0.5306795 0.3828565
0.540906 0.3932325
0.5511324 0.4036086
0.5613589 0.4139846
0.5717613 0.4234906
0.5821918 0.4328576
0.5926223 0.4422246
0.6030527 0.4515916
0.6134833 0.4609586
0.6239138 0.4703256
0.6343442 0.4796925
0.6447744 0.4890609
0.6552022 0.4984424
0.66563 0.5
0.6760577 0.5093815
0.6864855 0.518763
0.6968308 0.528529
0.7068433 0.5398489
0.7168558 0.5511689
0.7268682 0.5624887
0.7368806 0.5738087
0.7475131 0.5818401
0.7582992 0.5890559
0.7679738 0.6010465
0.763839 0.5997142
0.7557175 0.5827677
0.7459191 0.5705943
0.7362203 0.5580516
