0.3033453 0.2919831
0.3006351 0.2781603
0.3006351 0.2639842
0.3009619 0.2498204
0.3019155 0.2356803
0.3028691 0.2215402
0.3051082 0.2076322
0.3086298 0.1939555
0.3121514 0.1802789
0.315673 0.1666023
0.3191946 0.1529257
0.3237564 0.1396051
0.3284559 0.1263315
0.3331554 0.1130581
0.3383988 0.1000357
0.3443844 0.08735618
0.3537735 0.07956281
0.3644582 0.08771363
0.3749095 0.09656939
0.384887 0.1059598
0.3938901 0.1164493
0.4028933 0.1269388
0.4118965 0.1374283
0.4208997 0.1479177
0.4299029 0.1584072
0.4389961 0.1688074
0.4482927 0.1790057
0.4575893 0.189204
0.4668859 0.1994023
0.4761825 0.2096007
0.4854791 0.219799
0.4947757 0.2299973
0.5 0.2401956
0.5092341 0.2504551
0.5180972 0.2610776
0.5269601 0.2717002
0.5358231 0.2823228
0.5446861 0.2929454
0.5535491 0.3035679
0.5624121 0.3141905
0.5712751 0.3248131
0.580138 0.3354357
0.589001 0.3460582
0.597864 0.3566809
0.606727 0.3673034
0.6157249 0.3777965
0.6248451 0.3881719
0.6339654 0.3985473
0.6430856 0.4089227
0.6522058 0.4192981
0.6613261 0.4296736
0.6704463 0.440049
0.6795666 0.4504244
0.6883639 0.4610984
0.6968393 0.4720702
0.7053146 0.4830419
0.71379 0.4940136
0.7222654 0.5
0.7307408 0.5109717
0.7405137 0.5205916
0.7507311 0.5297486
0.7609484 0.5389056
0.7706152 0.5486298
