0.2986875 0.2006674
0.3022203 0.1871223
0.3057531 0.1735771
0.309286 0.160032
0.3135499 0.147049
0.3182126 0.1343726
0.3228752 0.1216962
0.3275379 0.1090198
0.3327986 0.09701121
0.3389094 0.08595189
0.3450203 0.07489261
0.3514296 0.06426913
0.3591253 0.0590874
0.3673508 0.06447083
0.3741719 0.07445636
0.380993 0.08444187
0.387697 0.09461764
0.3942947 0.104966
0.4008923 0.1153142
0.4075547 0.1255529
0.414639 0.1350771
0.4217233 0.1446012
0.4288076 0.1541254
0.4358918 0.1636495
0.4429761 0.1731737
0.4500603 0.1826979
0.4571778 0.1921606
0.4643149 0.2015873
0.4714519 0.2110141
0.4785889 0.2204408
0.4857259 0.2298676
0.492863 0.2392943
0.5 0.2487211
0.5033991 0.2580073
0.5106549 0.2672085
0.5179105 0.2764097
0.5251662 0.2856109
0.5324219 0.294812
0.5396776 0.3040132
0.5469333 0.3132144
0.554189 0.3224155
0.5614915 0.3315173
0.5692291 0.3396959
0.5769665 0.3478746
0.584704 0.3560533
0.5924415 0.3642319
0.600179 0.3724106
0.6079165 0.3805893
0.615654 0.3887679
0.6234266 0.3968627
0.6312928 0.4047334
0.639159 0.4126042
0.6470252 0.420475
0.6548914 0.4283458
0.6627576 0.4362166
0.6706238 0.4440874
0.67849 0.4519581
0.6863562 0.4598289
0.6942225 0.4676997
0.7022734 0.4750803
0.7104646 0.4820881
0.7186558 0.489096
0.7268689 0.4960249
0.7357882 0.5
