0.2928981 0.2161482
0.2878768 0.2057506
0.2878768 0.1936988
0.2878768 0.181647
0.2893502 0.1696601
0.2917848 0.1577908
0.294392 0.1459323
0.2973403 0.1341271
0.3069463 0.1251057
0.3107622 0.1136236
0.3155543 0.1021903
0.3203463 0.09075689
0.3311759 0.08436275
0.3381714 0.07631129
0.3499383 0.06894976
0.3567984 0.06149718
0.371021 0.06086579
0.3831277 0.06636122
0.3910361 0.07659581
0.4005025 0.08600673
0.4079408 0.09649974
0.4161617 0.1065181
0.4268771 0.1150399
0.4367095 0.1241375
0.4451153 0.1341652
0.4536889 0.1441017
0.462379 0.153975
0.4715099 0.1635857
0.4809763 0.1729966
0.4904428 0.1824075
0.4996805 0.1919567
0.5 0.2017269
0.5088724 0.211497
0.5177448 0.2212672
0.5259316 0.2314
0.5338335 0.2416836
0.5417354 0.2519672
0.5497072 0.2622159
0.5579395 0.2723342
0.5661718 0.2824525
0.5744041 0.2925709
0.5834991 0.3022045
0.5927385 0.3117571
0.6016917 0.3214571
0.608876 0.3320684
0.6160605 0.3426796
0.6240913 0.3528865
0.6324971 0.3629142
0.6411113 0.3728246
0.6502035 0.3824661
0.6592958 0.3921075
0.664869 0.4032154
0.669661 0.4146487
0.6772699 0.4249547
0.6859601 0.4348279
0.6922908 0.4456893
0.6976116 0.4569738
0.7029325 0.4682583
0.7101632 0.4788296
0.7176815 0.4892935
0.7244406 0.5
0.7310952 0.5046223
0.739084 0.5147297
