0.30603 0.2780054
0.3067988 0.2595494
0.3094422 0.2416597
0.311975 0.2237872
0.3166475 0.207741
0.32132 0.1916948
0.3253181 0.1749469
0.328811 0.1576734
0.332304 0.1403999
0.335797 0.1231264
0.3401909 0.1067902
0.3448292 0.09070542
0.3488907 0.07396799
0.3536882 0.06206131
0.362074 0.06885996
0.3700702 0.07773182
0.3779463 0.08702552
0.3856081 0.09707204
0.39327 0.1071186
0.4009319 0.1171651
0.4087306 0.1267406
0.416646 0.1359149
0.4245614 0.1450891
0.4324767 0.1542634
0.4403921 0.1634377
0.4483075 0.1726119
0.4562228 0.1817861
0.4641382 0.1909603
0.4719462 0.2005064
0.4796351 0.2104649
0.487324 0.2204234
0.4950129 0.2303819
0.5 0.2403404
0.5076889 0.2502989
0.5154269 0.2600918
0.5232329 0.2696556
0.531039 0.2792193
0.538845 0.2887831
0.5466511 0.2983468
0.5544571 0.3079106
0.5622995 0.3173369
0.5704224 0.3257056
0.5785453 0.3340743
0.5866683 0.342443
0.5947911 0.3508117
0.602914 0.3591804
0.611037 0.3675491
0.619128 0.3760469
0.6271945 0.384644
0.635261 0.3932412
0.6433275 0.4018384
0.651394 0.4104356
0.6595552 0.4186415
0.6677425 0.4267392
0.6759298 0.4348368
0.6841172 0.4429345
0.6921883 0.4515072
0.7002146 0.4602627
0.7082409 0.4690183
0.7165138 0.4767284
0.7248127 0.4843285
0.7331082 0.4919438
0.7412668 0.5
