0.2361409 0.3444148
0.237953 0.3210569
0.2413412 0.2983057
0.2447681 0.2755773
0.2486683 0.2531299
0.2531083 0.2310619
0.2578877 0.2092568
0.2630561 0.187773
0.2675063 0.1657778
0.2703235 0.1427796
0.2754346 0.1242607
0.2863581 0.1342791
0.2963326 0.1481962
0.3064364 0.1617623
0.3165997 0.1751673
0.3267602 0.18858
0.3368785 0.2021096
0.3469968 0.2156391
0.3571152 0.2291687
0.3672335 0.2426983
0.3773518 0.2562278
0.3876915 0.2691129
0.3981633 0.2816134
0.4086351 0.2941139
0.4191068 0.3066144
0.4295786 0.3191149
0.4400504 0.3316154
0.4505222 0.3441159
0.4611109 0.3562394
0.4718342 0.3679285
0.4825576 0.3796176
0.493281 0.3913067
0.5 0.4029958
0.5107234 0.4146849
0.5214468 0.4263739
0.5321689 0.4380673
0.5428902 0.4497634
0.5536115 0.4614594
0.5643328 0.4731553
0.5750542 0.4848514
0.5857756 0.4965474
0.5964969 0.5
0.6072182 0.511696
0.6180023 0.5231764
0.6288136 0.5345638
0.6396248 0.5459512
0.650436 0.5573386
0.6612473 0.5687259
0.6720585 0.5801134
0.6828697 0.5915008
0.6936809 0.6028881
0.7049532 0.6124483
0.7163153 0.6216521
0.7276775 0.6308557
0.7390397 0.6400595
0.7504018 0.6492632
0.761764 0.6584669
0.773114 0.6677252
0.7844246 0.6771597
0.7957352 0.6865942
0.8070458 0.6960287
0.8184192 0.7051804
0.8298787 0.7137595
