0.305634 0.3541442
0.3076495 0.3342578
0.3112018 0.3152275
0.3159915 0.2975461
0.3209986 0.2801893
0.3260057 0.2628325
0.3313374 0.2460003
0.3366754 0.2291784
0.3419952 0.2123258
0.3472803 0.1954148
0.3525653 0.1785037
0.3577954 0.1615045
0.3628026 0.1441477
0.3678097 0.1267908
0.3732229 0.1101203
0.3788619 0.09383112
0.3834617 0.07593077
0.3892063 0.0609802
0.3964119 0.06725922
0.4027948 0.08200973
0.4097421 0.0952898
0.41684 0.1081777
0.4240552 0.1206891
0.4315941 0.1321621
0.4391329 0.1436351
0.4466718 0.1551081
0.4542106 0.1665811
0.4617495 0.178054
0.4692883 0.189527
0.4768791 0.2008107
0.4845861 0.2116708
0.492293 0.2225308
0.5 0.2333909
0.5023472 0.2442509
0.5100542 0.2551109
0.5177612 0.265971
0.5256893 0.2758875
0.5338358 0.2848727
0.5419822 0.2938579
0.5501286 0.302843
0.558275 0.3118282
0.5664215 0.3208134
0.5745679 0.3297985
0.5826907 0.3388969
0.5907972 0.3480726
0.5989038 0.3572484
0.6070104 0.3664242
0.615117 0.3756
0.6232235 0.3847758
0.63133 0.3939515
0.6394366 0.4031273
0.6477376 0.4113107
0.6560699 0.4193339
0.6644022 0.4273571
0.6727346 0.4353803
0.681067 0.4434035
0.6893759 0.4515529
0.6976382 0.4599542
0.7059005 0.4683554
0.7141628 0.4767567
0.7224801 0.4848551
0.7308612 0.4926025
0.739294 0.5
