0.2567922 0.4153505
0.2567922 0.3951795
0.257773 0.3750921
0.2593932 0.3550592
0.2617049 0.3352671
0.2664989 0.3163398
0.2712929 0.2974125
0.275926 0.278403
0.2803113 0.2592671
0.2846965 0.2401311
0.2890818 0.2209952
0.2952229 0.2029431
0.3016374 0.1850598
0.308052 0.1671765
0.314414 0.1492541
0.3206157 0.1312125
0.3302413 0.1451643
0.3379335 0.1619477
0.3479589 0.1758753
0.3580127 0.1897681
0.3680665 0.2036609
0.3780355 0.2176758
0.387485 0.2324389
0.3969345 0.2472019
0.406384 0.261965
0.4158334 0.276728
0.4252829 0.2914911
0.435528 0.3050186
0.4462733 0.3177693
0.4570187 0.3305199
0.467764 0.3432705
0.4785093 0.3560212
0.4892547 0.3687719
0.5 0.3815225
0.5039399 0.3936478
0.5151154 0.4055906
0.5262908 0.4175334
0.5374663 0.4294762
0.5486417 0.441419
0.5598172 0.4533618
0.5709926 0.4653046
0.5821681 0.4772474
0.5934664 0.4889331
0.6050602 0.5
0.6166539 0.507531
0.6282477 0.518598
0.6398415 0.5296649
0.6514353 0.5407319
0.6630291 0.5517989
0.6746228 0.5628659
0.6862166 0.5739328
0.6978104 0.5849998
0.7094042 0.5960667
0.721063 0.6069871
0.7327624 0.6178164
0.7444618 0.6286458
0.7561611 0.6394751
0.7678605 0.6503045
0.7796049 0.6610265
0.7915832 0.6711901
0.8035614 0.6813537
0.8155398 0.6915173
0.8271037 0.7025281
0.8376327 0.7156553
