0.2870116 0.1772936
0.292859 0.1652442
0.2975653 0.1514929
0.3031941 0.1390365
0.3090562 0.1269177
0.3149529 0.114857
0.3211261 0.1032864
0.3272184 0.0915716
0.3331419 0.07955629
0.3398532 0.06921166
0.3473029 0.06076053
0.3557023 0.05743879
0.363576 0.06394699
0.3712717 0.07175207
0.3787381 0.08009544
0.3845834 0.09224254
0.3904286 0.1043897
0.3966725 0.1157408
0.4036042 0.1257189
0.4105358 0.1356971
0.4174674 0.1456753
0.4243548 0.1557531
0.4309396 0.1665127
0.4375244 0.1772723
0.4441093 0.1880319
0.4506941 0.1987915
0.4574403 0.2091817
0.4644533 0.2189614
0.4714662 0.2287412
0.4784791 0.238521
0.4854921 0.2483007
0.492505 0.2580805
0.5 0.2665295
0.5019592 0.2749376
0.509469 0.2833458
0.5169788 0.2917539
0.5244886 0.300162
0.5319984 0.3085702
0.5395082 0.3169783
0.5470179 0.3253865
0.5545278 0.3337946
0.5620375 0.3422027
0.5695473 0.3506109
0.5771469 0.35871
0.5850452 0.365781
0.5929435 0.372852
0.6008419 0.379923
0.6087402 0.386994
0.6166385 0.3940651
0.6245369 0.4011361
0.6324352 0.4082071
0.6403335 0.4152781
0.6482319 0.4223491
0.6560013 0.4298807
0.6636466 0.4378553
0.6712919 0.4458299
0.6789373 0.4538044
0.6865827 0.461779
0.6942661 0.469624
0.702001 0.4772944
0.7097359 0.4849648
0.7174707 0.4926352
0.7251932 0.5
0.7326791 0.5083084
