0.2474354 0.370673
0.2517307 0.3449005
0.2563785 0.3195719
0.2606952 0.2938354
0.2648612 0.2679125
0.2707264 0.2445113
0.2761018 0.2203499
0.2805337 0.1947425
0.2851724 0.1694002
0.289902 0.1441745
0.2968476 0.123208
0.3021751 0.09913146
0.3101551 0.08117691
0.3204529 0.07803687
0.3306051 0.08444816
0.3405232 0.09423414
0.3503799 0.1044563
0.3602365 0.1146784
0.3700857 0.1249515
0.3799343 0.1352287
0.3897829 0.145506
0.3996931 0.155352
0.4096071 0.165172
0.4195211 0.174992
0.429435 0.184812
0.439184 0.1956696
0.4487213 0.2078568
0.4582587 0.220044
0.4677961 0.2322312
0.4773334 0.2444184
0.4868708 0.2566056
0.4964077 0.2687958
0.5 0.2811607
0.5095052 0.2935257
0.5190103 0.3058907
0.5285155 0.3182557
0.5380206 0.3306207
0.5475392 0.3429115
0.5570706 0.3551318
0.5666021 0.3673521
0.5761334 0.3795724
0.5856649 0.3917927
0.5951963 0.404013
0.6047277 0.4162334
0.6142857 0.4283042
0.6238653 0.4402535
0.6334449 0.4522028
0.6430245 0.4641521
0.6526041 0.4761014
0.6621837 0.4880507
0.6717633 0.5
0.6813429 0.5028509
0.6909574 0.5145937
0.7006562 0.5258391
0.7103548 0.5370845
0.720051 0.5483456
0.72974 0.55965
0.7393296 0.5714684
0.7483982 0.5859789
0.7585222 0.5925632
0.7682296 0.5956455
0.7607514 0.5757028
0.7519866 0.5601043
0.7429797 0.545323
