0.2427579 0.1943132
0.2463356 0.1759608
0.2525011 0.1599723
0.2587403 0.1440807
0.2651911 0.1284675
0.2729198 0.1150056
0.2807272 0.1016611
0.288475 0.08986646
0.2991729 0.08792451
0.3099121 0.08748224
0.3199952 0.09262073
0.3288619 0.1036331
0.3375793 0.1150337
0.345641 0.1279462
0.3537027 0.1408587
0.3617644 0.1537713
0.3700083 0.1662958
0.3783076 0.1787026
0.3866068 0.1911094
0.3949061 0.2035162
0.4032053 0.2159229
0.4115046 0.2283297
0.4198643 0.2405981
0.4284047 0.2524534
0.4369451 0.2643087
0.4454854 0.276164
0.4540258 0.2880193
0.4625662 0.2998746
0.4711066 0.3117299
0.4800553 0.3225403
0.4890403 0.3332584
0.4980252 0.3439764
0.5 0.3546944
0.5089849 0.3654124
0.5179698 0.3761305
0.527124 0.3863593
0.5363432 0.3964004
0.5455623 0.4064416
0.5547815 0.4164827
0.5640006 0.4265239
0.5732198 0.436565
0.5823812 0.446778
0.5915159 0.4570703
0.6006506 0.4673625
0.6097854 0.4776548
0.6189201 0.4879471
0.6282955 0.4974762
0.6378095 0.5
0.6473235 0.5090897
0.6568376 0.5181795
0.6663516 0.5272692
0.6758656 0.536359
0.6853155 0.5456583
0.6946023 0.5554921
0.703889 0.5653259
0.7131758 0.5751597
0.7225906 0.5845096
0.7326252 0.5915156
0.7426599 0.5985216
0.7526945 0.6055276
0.762723 0.612562
0.7726317 0.6201355
0.7825404 0.627709
