0.2937457 0.2582003
0.2988102 0.2453945
0.3040633 0.232765
0.3093165 0.2201355
0.3145695 0.207506
0.3198954 0.1949494
0.3254686 0.1826403
0.3310418 0.1703312
0.336615 0.158022
0.3419861 0.1455078
0.3473473 0.1329835
0.3527086 0.1204593
0.3580698 0.107935
0.3646894 0.09690475
0.3714016 0.08598462
0.3781138 0.07506448
0.384941 0.06431302
0.3919263 0.05710769
0.3993954 0.06682891
0.4065217 0.07709724
0.4132873 0.08794117
0.4200529 0.09878504
0.4268185 0.109629
0.4336266 0.1204065
0.4409647 0.1303551
0.4483028 0.1403038
0.4556409 0.1502524
0.4629789 0.160201
0.470317 0.1701496
0.4776551 0.1800982
0.4850829 0.1898913
0.4925414 0.1996312
0.5 0.209371
0.5028688 0.2191108
0.5103274 0.2288507
0.517786 0.2385905
0.5252445 0.2483303
0.532703 0.2580702
0.5401616 0.26781
0.5476202 0.2775498
0.5550788 0.2872896
0.5627148 0.2967014
0.5704573 0.305916
0.5781999 0.3151307
0.5859425 0.3243454
0.593685 0.33356
0.6014277 0.3427747
0.6091702 0.3519894
0.6169128 0.361204
0.6249036 0.3699063
0.6330019 0.3783868
0.6411002 0.3868673
0.6491984 0.3953478
0.6572967 0.4038284
0.6653949 0.4123089
0.6730364 0.421694
0.6805319 0.4313682
0.6880274 0.4410425
0.695523 0.4507168
0.7029576 0.4604967
0.7102696 0.4704893
0.7176169 0.4804168
0.7254869 0.4893793
0.7320483 0.5
