0.2054783 0.4588619
0.2054783 0.4358886
0.207781 0.4132767
0.2109594 0.3913682
0.2193824 0.3730366
0.2269687 0.353496
0.2366536 0.336552
0.2450174 0.3179734
0.2553344 0.3031668
0.2644959 0.2866688
0.2735828 0.2689131
0.2847876 0.2547675
0.2942314 0.2381713
0.3052133 0.2247538
0.3147418 0.2097714
0.3287816 0.2102807
0.3397016 0.2250523
0.3486299 0.2428067
0.357447 0.2609875
0.3686534 0.2750261
0.379206 0.2900965
0.3877321 0.3086758
0.3962581 0.3272551
0.4061345 0.3440056
0.4165042 0.3600355
0.4279465 0.3741397
0.4393888 0.3882439
0.4485284 0.4059341
0.4572259 0.4243127
0.4672518 0.4408655
0.4775019 0.45711
0.4885103 0.4719859
0.5 0.485993
0.5063239 0.5
0.5178974 0.5023874
0.5296207 0.5158997
0.541344 0.5294119
0.5524402 0.5441511
0.5632149 0.5595194
0.5739895 0.5748877
0.5864715 0.5865626
0.5989659 0.5982106
0.6114604 0.6098585
0.6237732 0.6218784
0.6340233 0.6381229
0.6442734 0.6543674
0.6561804 0.6673387
0.66841 0.6796724
0.6805124 0.692302
0.6922357 0.7058142
0.7039591 0.7193264
0.716805 0.7293814
0.730557 0.7366462
0.7433284 0.7472103
0.7556208 0.7593861
0.7679133 0.7715619
0.7802058 0.7837377
0.7929011 0.7948212
0.8056269 0.805822
0.8172523 0.8191535
0.829614 0.8299832
0.8427767 0.8391579
0.8545436 0.8525605
