0.2245532 0.1955099
0.2293273 0.1774512
0.2373391 0.163519
0.2454236 0.1496987
0.2536951 0.1362794
0.2620357 0.1230083
0.2707075 0.1108455
0.2810727 0.1043485
0.2915367 0.09857744
0.3022863 0.09490219
0.3131368 0.09333029
0.3240626 0.09333029
0.3345336 0.09893453
0.3449621 0.1050627
0.3549101 0.1131246
0.3641007 0.1242347
0.3732912 0.1353447
0.3811929 0.1494619
0.3889186 0.1639896
0.3966444 0.1785173
0.4043786 0.1930287
0.4122998 0.2071792
0.420221 0.2213298
0.4281422 0.2354804
0.4360635 0.2496309
0.4444467 0.2627984
0.4528894 0.2758393
0.461332 0.2888802
0.4697747 0.3019211
0.4782174 0.314962
0.4866323 0.3280658
0.4950098 0.3412546
0.5 0.3544434
0.5083774 0.3676322
0.5167549 0.3808209
0.5251324 0.3940097
0.5335099 0.4071985
0.5418873 0.4203873
0.5502648 0.433576
0.5589708 0.4459884
0.5676859 0.4583795
0.576401 0.4707705
0.5851161 0.4831616
0.5938312 0.4955526
0.6025462 0.5
0.6112613 0.512391
0.6201725 0.5242124
0.6297524 0.5340912
0.6393323 0.5439701
0.6489122 0.553849
0.6584921 0.5637278
0.668072 0.5736067
0.6778811 0.5826499
0.6877161 0.5915986
0.6975511 0.6005473
0.707386 0.6094961
0.7172211 0.6184448
0.7274604 0.6254904
0.7378665 0.6317521
0.7482725 0.6380138
0.7586785 0.6442756
0.7693505 0.6485125
0.7801101 0.652083
0.7908947 0.6551155
