0.299695 0.2886168
0.2999943 0.2641591
0.3013715 0.2399398
0.3029705 0.2158192
0.3045695 0.1916987
0.3073511 0.1686591
0.3112029 0.1465894
0.3131421 0.1226572
0.3149142 0.09862819
0.3188365 0.07724831
0.3257805 0.06841373
0.3345459 0.07322174
0.342261 0.08548057
0.3499262 0.09809396
0.3579585 0.1087696
0.3661271 0.1187265
0.3742957 0.1286834
0.3824643 0.1386403
0.3905454 0.1491197
0.3986239 0.1596146
0.4067025 0.1701096
0.414781 0.1806045
0.4228595 0.1910995
0.4311056 0.2005196
0.4394534 0.2092876
0.4478012 0.2180558
0.4561489 0.2268238
0.4644967 0.2355919
0.4728445 0.24436
0.4811735 0.253257
0.4894365 0.2626095
0.4976995 0.2719621
0.5 0.2813146
0.508263 0.2906672
0.516526 0.3000197
0.524789 0.3093723
0.533052 0.3187249
0.541315 0.3280774
0.5496109 0.3372055
0.5579336 0.3461508
0.5662564 0.355096
0.5745792 0.3640413
0.5829019 0.3729865
0.5912247 0.3819318
0.5995474 0.390877
0.6078702 0.3998223
0.6161929 0.4087676
0.6245157 0.4177128
0.6328986 0.4262068
0.6413581 0.434129
0.6498175 0.4420512
0.658277 0.4499734
0.6667364 0.4578956
0.6751959 0.4658178
0.6837908 0.4725452
0.692396 0.4791827
0.7010012 0.4858204
0.7096062 0.492458
0.7181504 0.4996539
0.7266686 0.5
0.7351868 0.5074334
0.743786 0.5141149
0.7524545 0.5200486
