0.2856983 0.2970924
0.2882208 0.2703838
0.2926593 0.24603
0.2956961 0.2196925
0.2996969 0.1946042
0.3028537 0.1683621
0.3051576 0.141281
0.3096941 0.1174957
0.312764 0.09169292
0.3151653 0.06475484
0.3223507 0.05443904
0.3310308 0.05984887
0.3395618 0.06829545
0.3480922 0.07674679
0.3566063 0.08535805
0.3651204 0.09396935
0.3736346 0.1025806
0.3821487 0.1111919
0.3906423 0.1199997
0.3991293 0.1288697
0.4076164 0.1377397
0.4161035 0.1466097
0.4245905 0.1554798
0.4330776 0.1643498
0.4414476 0.1742508
0.4498122 0.1841986
0.4581769 0.1941465
0.4665415 0.2040943
0.4749061 0.2140422
0.4832707 0.2239901
0.4916354 0.2339379
0.5 0.2438858
0.5040488 0.2533069
0.5124878 0.2626167
0.5209268 0.2719265
0.5293658 0.2812363
0.5378048 0.2905461
0.5462438 0.2998559
0.5546829 0.3091657
0.5631429 0.3182811
0.5716472 0.3269877
0.5801514 0.3356943
0.5886557 0.3444009
0.59716 0.3531076
0.6056643 0.3618142
0.6141685 0.3705208
0.6226403 0.3795285
0.6310873 0.3887672
0.6395342 0.398006
0.6479812 0.4072447
0.6564282 0.4164834
0.6648751 0.4257221
0.67333 0.434889
0.6817903 0.4440073
0.6902506 0.4531257
0.6987108 0.462244
0.7071285 0.4717052
0.7153245 0.4829479
0.7235206 0.4941907
0.7268819 0.5
0.7189441 0.4872537
0.7112558 0.4729198
0.7032541 0.4603757
