0.2854947 0.1840424
0.2840188 0.1705163
0.2848839 0.1569001
0.2868726 0.1436957
0.2915401 0.1314747
0.2967082 0.1196136
0.3020778 0.1078973
0.3074475 0.09618098
0.3136458 0.08531174
0.3210257 0.07565022
0.3288039 0.06658998
0.3371533 0.0583919
0.3473336 0.05540529
0.3576935 0.05448923
0.368103 0.05484897
0.3783371 0.05752856
0.3885712 0.0602082
0.3977663 0.0666329
0.40673 0.07356662
0.4148797 0.08210212
0.4230294 0.09063762
0.4308924 0.09960246
0.4384419 0.1090367
0.4459913 0.118471
0.4535408 0.1279053
0.4611509 0.1372522
0.4690497 0.1461828
0.4769484 0.1551135
0.4848472 0.1640443
0.4927096 0.1730256
0.5 0.1828028
0.5047413 0.19258
0.5120318 0.2023572
0.5193222 0.2121344
0.5266126 0.2219117
0.5339031 0.2316889
0.5411935 0.2414661
0.548484 0.2512433
0.5558418 0.2609333
0.5632217 0.2705948
0.5706016 0.2802563
0.5779815 0.2899179
0.5853614 0.2995794
0.5927413 0.3092409
0.5997983 0.3192938
0.6065904 0.3296679
0.6133826 0.3400419
0.6201748 0.350416
0.6269668 0.36079
0.633759 0.3711641
0.6405662 0.3815199
0.6479461 0.3911814
0.655326 0.4008429
0.6627059 0.4105045
0.6700858 0.420166
0.6774657 0.4298275
0.6843053 0.4401383
0.6910279 0.4505896
0.6977506 0.4610409
0.7046749 0.4712499
0.7120548 0.4809114
0.7194347 0.490573
0.7269804 0.5
