0.2347709 0.3135573
0.2403794 0.2879716
0.2467935 0.2642768
0.2530097 0.2401889
0.2581043 0.2136276
0.2637727 0.1882056
0.2697651 0.163446
0.2763452 0.1400988
0.2827924 0.1164144
0.2890917 0.09928837
0.2983515 0.1116163
0.3072539 0.1261949
0.3161892 0.1405824
0.3251956 0.1545575
0.3342021 0.1685326
0.3432084 0.1825076
0.3522149 0.1964826
0.3612213 0.2104576
0.3702277 0.2244326
0.3793847 0.2374632
0.3885704 0.2503138
0.397756 0.2631645
0.4069417 0.2760152
0.4161274 0.2888658
0.4253131 0.3017165
0.4345537 0.3141846
0.4438921 0.3259735
0.4532304 0.3377625
0.4625688 0.3495514
0.4719071 0.3613403
0.4812455 0.3731292
0.4905838 0.3849182
0.5 0.3961079
0.5082991 0.406905
0.5177662 0.4177021
0.5272334 0.4284992
0.5367005 0.4392963
0.5461677 0.4500934
0.5556348 0.4608905
0.5651019 0.4716876
0.5746648 0.481642
0.584304 0.4909252
0.5939432 0.5
0.6035823 0.5092832
0.6132215 0.5185664
0.6228606 0.5278497
0.6324998 0.5371329
0.6421491 0.5463142
0.6518576 0.5549036
0.661566 0.5634931
0.6712745 0.5720825
0.6809829 0.580672
0.6906914 0.5892614
0.7003999 0.5978509
0.7101551 0.6059078
0.7199795 0.6131757
0.729804 0.6204435
0.7396284 0.6277114
0.7494528 0.6349792
0.7594032 0.6404085
0.7693647 0.6456773
0.7793074 0.6512277
0.7891594 0.6581421
0.7990489 0.664526
