0.19993 0.5200419
0.2064622 0.5017743
0.2146734 0.486567
0.2243976 0.4704096
0.2331228 0.4534142
0.2408302 0.4355389
0.2495995 0.4184979
0.258769 0.4018092
0.2691073 0.3863853
0.2774629 0.3692638
0.2845604 0.3509741
0.2925109 0.3333007
0.3010936 0.3161079
0.3103181 0.2994683
0.3213384 0.2847886
0.3314872 0.2690914
0.3411759 0.2529926
0.3506163 0.2368787
0.3596505 0.22156
0.3741819 0.2198346
0.3836594 0.2338821
0.3936953 0.2497217
0.4043155 0.2639289
0.4117724 0.2817145
0.4219324 0.2974235
0.4320925 0.3131325
0.4422525 0.3288416
0.4516703 0.3452891
0.4618572 0.3608783
0.472419 0.3759794
0.4801264 0.3938547
0.4889553 0.4107928
0.4984777 0.4271517
0.5 0.4435105
0.5108984 0.4582251
0.5228422 0.4716906
0.5334597 0.4868783
0.5439246 0.5
0.5537587 0.5160497
0.5635928 0.5320994
0.5734268 0.5481492
0.5838438 0.563531
0.595066 0.5779904
0.6062881 0.5924497
0.6178644 0.6064281
0.6296608 0.6201075
0.6411328 0.6342276
0.652355 0.6486869
0.6632119 0.663582
0.6735428 0.6791047
0.684765 0.693564
0.6959871 0.7080233
0.7075715 0.7219907
0.719368 0.7356701
0.7310864 0.7494598
0.7427481 0.7633296
0.7544098 0.7771995
0.766539 0.7903826
0.7785031 0.8038149
0.7903648 0.8174002
0.8037193 0.8283671
0.8156418 0.841846
0.8274209 0.8555441
0.8404918 0.8661493
