0.2048872 0.471179
0.2063736 0.4485786
0.2124517 0.4286414
0.220189 0.4097112
0.2279013 0.390754
0.2355031 0.3716782
0.2431049 0.3526025
0.2507067 0.3335267
0.2575822 0.3137413
0.2643043 0.2938063
0.2710264 0.2738711
0.2784699 0.2546617
0.2863722 0.2359136
0.2942746 0.2171655
0.3034605 0.2099067
0.3145534 0.223688
0.3255638 0.237656
0.3365742 0.251624
0.3472511 0.2662511
0.3577485 0.281233
0.3682459 0.2962149
0.3787433 0.3111968
0.3892407 0.3261787
0.3997381 0.3411605
0.4106735 0.3552611
0.4218324 0.368912
0.4329913 0.3825628
0.4441502 0.3962136
0.4553091 0.4098644
0.466468 0.4235153
0.4776269 0.4371661
0.4887858 0.4508169
0.5 0.4643434
0.5028813 0.4774091
0.5143005 0.4904748
0.5257196 0.5
0.5371388 0.5130657
0.5485579 0.5261314
0.5599771 0.5391971
0.5713962 0.5522628
0.5828154 0.5653285
0.5942345 0.5783942
0.6056537 0.59146
0.6170728 0.6045257
0.6286448 0.617225
0.6402865 0.6297574
0.6519282 0.6422898
0.6635698 0.6548222
0.6752115 0.6673546
0.6868531 0.6798871
0.6984948 0.6924195
0.7101364 0.7049519
0.7217436 0.717568
0.7332474 0.7304345
0.7447512 0.743301
0.756255 0.7561677
0.7677588 0.7690341
0.7792627 0.7819007
0.7907946 0.7946997
0.8024005 0.8073199
0.8140064 0.8199401
0.8256124 0.8325603
0.8372183 0.8451805
0.8485095 0.8585263
