0.2877791 0.3378484
0.2877791 0.3199178
0.2878295 0.3019908
0.2890649 0.2841492
0.2903003 0.2663076
0.2915356 0.248466
0.292771 0.2306243
0.2943307 0.2128421
0.2962185 0.19512
0.2981064 0.1773979
0.2999942 0.1596757
0.303198 0.1424505
0.3075574 0.1256616
0.3119168 0.1088726
0.3180981 0.09761867
0.3288091 0.1065688
0.338821 0.1171723
0.3488328 0.1277759
0.358961 0.1381434
0.3691815 0.1483232
0.3794021 0.158503
0.3896227 0.1686828
0.3998432 0.1788625
0.4100121 0.1891474
0.420024 0.1997509
0.4300359 0.2103544
0.4400478 0.2209579
0.4500597 0.2315614
0.4600716 0.2421649
0.4700834 0.2527685
0.4800954 0.263372
0.4901072 0.2739755
0.5 0.284809
0.5088184 0.295687
0.5186881 0.306565
0.5285578 0.3174431
0.5384275 0.3283211
0.5482972 0.3391991
0.5581669 0.3500772
0.5680366 0.3609552
0.5779063 0.3718332
0.587776 0.3827112
0.5976457 0.3935893
0.6075154 0.4044673
0.6173851 0.4153453
0.6272547 0.4262234
0.6372059 0.4369431
0.6472652 0.4474526
0.6573245 0.4579621
0.6673838 0.4684715
0.6774431 0.478981
0.6875024 0.4894905
0.6975617 0.5
0.707621 0.5004013
0.7176803 0.5109107
0.7276789 0.5215401
0.7376497 0.532224
0.7476205 0.5429079
0.7575914 0.5535918
0.7675622 0.5642757
0.7775331 0.5749596
0.7871892 0.5862266
0.7967983 0.5975809
