0.2861808 0.4191022
0.2864068 0.3979225
0.2895312 0.3776144
0.2926555 0.3573063
0.296808 0.3377528
0.300993 0.3182231
0.3052229 0.2987325
0.3094812 0.2792662
0.3137394 0.2598
0.319102 0.2414736
0.3245679 0.2232539
0.3299929 0.2049862
0.3352638 0.1865381
0.3405347 0.1680899
0.3465967 0.1506814
0.352971 0.1336833
0.3590495 0.1162793
0.3646801 0.09826136
0.3722793 0.08402726
0.3819956 0.08840922
0.3895078 0.1034336
0.39702 0.118458
0.4052671 0.1317565
0.4138796 0.1441968
0.4224922 0.1566371
0.4311261 0.1690174
0.4398294 0.1812021
0.4485328 0.1933869
0.4572362 0.2055716
0.4659396 0.2177564
0.474643 0.2299411
0.4835148 0.2416179
0.4925121 0.2529167
0.5 0.2642156
0.5089972 0.2755144
0.5179945 0.2868133
0.5269917 0.2981121
0.5359889 0.3094109
0.5449861 0.3207098
0.5541731 0.3313707
0.5634325 0.3417876
0.572692 0.3522045
0.5819515 0.3626214
0.591211 0.3730383
0.6004704 0.3834552
0.6097299 0.3938721
0.6189893 0.404289
0.6282519 0.4146951
0.6375259 0.4250602
0.6467999 0.4354253
0.6560739 0.4457903
0.6653479 0.4561554
0.6746219 0.4665205
0.6838983 0.4768769
0.6931853 0.4871957
0.7024722 0.4975145
0.7117591 0.5
0.721046 0.5103188
0.7303839 0.5204483
0.7397949 0.5303074
0.7492058 0.5401665
0.7586167 0.5500256
0.7679352 0.5602278
0.7774287 0.5689512
