0.2744385 0.1969353
0.2746655 0.1810077
0.2764419 0.1653048
0.2811543 0.1515971
0.2869262 0.1386096
0.2926525 0.1255701
0.2983472 0.1124948
0.3040419 0.09941959
0.3104657 0.08732751
0.3177476 0.07662174
0.325604 0.06761676
0.3342573 0.07001057
0.3428717 0.07790118
0.3512089 0.08657169
0.3595462 0.09524223
0.3675515 0.1046847
0.375546 0.1141524
0.3835401 0.123621
0.3915197 0.1331211
0.3994993 0.1426212
0.4074789 0.1521213
0.4154585 0.1616215
0.4235088 0.1709659
0.4315724 0.180281
0.439636 0.1895961
0.4476996 0.1989112
0.4557632 0.2082263
0.4639063 0.2173609
0.4720552 0.2264822
0.4802041 0.2356035
0.488353 0.2447248
0.4965019 0.253846
0.5 0.2629673
0.5081489 0.2720886
0.5162978 0.2812099
0.5244081 0.2904189
0.5324669 0.2997446
0.5405257 0.3090704
0.5485846 0.3183962
0.5566434 0.3277219
0.5647022 0.3370477
0.5727611 0.3463734
0.5808198 0.3556992
0.5889636 0.3648315
0.5971352 0.3739001
0.6053069 0.3829687
0.6134785 0.3920372
0.6216502 0.4011058
0.6298218 0.4101744
0.6380448 0.4191205
0.646347 0.4278773
0.6546493 0.4366341
0.6629516 0.4453909
0.6712538 0.4541477
0.6794378 0.4631836
0.6875506 0.4723877
0.6956634 0.4815918
0.7037762 0.4907959
0.711889 0.5
0.7198055 0.5046834
0.7274711 0.5148295
0.7351366 0.5249757
0.7430561 0.5345948
0.7510871 0.5439823
