0.2258735 0.4349356
0.2269583 0.4151225
0.2302267 0.3955896
0.2334951 0.3760568
0.2368746 0.3565621
0.2421165 0.3377075
0.2473584 0.318853
0.2526004 0.2999983
0.2582232 0.2813259
0.2644671 0.2629505
0.2707111 0.2445751
0.2769551 0.2261998
0.28376 0.2081463
0.2909266 0.1903005
0.2979072 0.1723472
0.3047356 0.1610035
0.3143067 0.1769927
0.3241451 0.192742
0.3339835 0.2084914
0.3440295 0.2240345
0.3541772 0.2394767
0.3643248 0.2549189
0.3744724 0.2703611
0.3856541 0.2846382
0.3969854 0.2987465
0.4083168 0.3128549
0.4196482 0.3269633
0.4310047 0.34104
0.4425039 0.3549362
0.4540031 0.3688324
0.4655023 0.3827287
0.4770015 0.396625
0.4885008 0.4105212
0.5 0.4244174
0.5090105 0.437853
0.5209318 0.4511864
0.5328531 0.4645199
0.5447744 0.4778533
0.5566958 0.4911867
0.568617 0.5
0.5805384 0.5133334
0.5924597 0.5266669
0.604381 0.5400003
0.6163024 0.5533338
0.6283851 0.5664269
0.6410344 0.5786764
0.6536838 0.5909259
0.6663331 0.6031754
0.6789825 0.6154249
0.6916319 0.6276744
0.7042812 0.6399239
0.7169306 0.6521734
0.7294309 0.6646556
0.7418335 0.6772901
0.7542361 0.6899247
0.7666388 0.7025592
0.7790414 0.7151937
0.7914441 0.7278282
0.8039935 0.7402358
0.8165578 0.7526202
0.8291221 0.7650046
0.8416864 0.777389
0.8545741 0.789243
0.8675342 0.8009783
