0.2450559 0.2818795
0.2497087 0.2615664
0.254322 0.2412164
0.2578774 0.219873
0.2617865 0.1988618
0.2664392 0.1785488
0.2729457 0.1611523
0.2802851 0.1450588
0.2870558 0.1278155
0.2948815 0.1130302
0.3025638 0.09800968
0.3121103 0.08904305
0.3220843 0.09231415
0.3309067 0.1043508
0.3405005 0.1130378
0.3501889 0.1213136
0.3598773 0.1295893
0.3693706 0.1387441
0.3783492 0.1502171
0.3873278 0.16169
0.3963065 0.173163
0.4052851 0.184636
0.4142637 0.1961089
0.4232423 0.2075819
0.4322771 0.2188367
0.4414315 0.2296276
0.4505858 0.2404186
0.4597402 0.2512096
0.4688945 0.2620005
0.4780488 0.2727914
0.4872032 0.2835824
0.4963575 0.2943734
0.5 0.3051648
0.509033 0.3164325
0.518066 0.3277001
0.527099 0.3389678
0.536132 0.3502355
0.545165 0.3615031
0.554198 0.3727708
0.5632311 0.3840384
0.5722641 0.3953061
0.581297 0.4065737
0.5903301 0.4178414
0.5993631 0.429109
0.6083961 0.4403767
0.6174325 0.4516307
0.6266563 0.4621359
0.6358802 0.4726411
0.645104 0.4831463
0.6543278 0.4936514
0.6635516 0.5
0.6727754 0.5105052
0.6819993 0.5210104
0.6912813 0.5312635
0.7006427 0.5411716
0.7100042 0.5510796
0.7193657 0.5609877
0.7287272 0.5708957
0.7380993 0.5807527
0.7476619 0.5896989
0.7572245 0.598645
0.7667872 0.6075912
0.7758253 0.6187268
0.7848058 0.6301481
