0.2855342 0.1916589
0.2896724 0.1791772
0.2945865 0.1672752
0.2999943 0.1557422
0.3058157 0.1446033
0.311816 0.1336348
0.317769 0.1226184
0.3236509 0.1115302
0.3295329 0.1004419
0.3356605 0.08962995
0.3424435 0.07955536
0.3493919 0.06971163
0.3568663 0.06060278
0.3656185 0.05500779
0.3748461 0.06028628
0.3837649 0.06609917
0.3911646 0.07532188
0.3988554 0.08406478
0.4068173 0.09236085
0.4147793 0.1006569
0.4227412 0.108953
0.429894 0.11852
0.4369653 0.1282148
0.4440367 0.1379097
0.451108 0.1476046
0.4584931 0.1568455
0.4659358 0.1660029
0.4733786 0.1751603
0.4808213 0.1843178
0.488264 0.1934753
0.4957067 0.2026327
0.5 0.2126394
0.5066899 0.2228304
0.5133798 0.2330214
0.5200697 0.2432125
0.526849 0.2532855
0.5340282 0.2628301
0.5412076 0.2723747
0.5483869 0.2819193
0.5555661 0.2914639
0.5627455 0.3010085
0.5700293 0.3104026
0.577325 0.3197799
0.5846206 0.3291571
0.5919163 0.3385344
0.5992119 0.3479116
0.6067623 0.3568993
0.6143553 0.365822
0.6219481 0.3747447
0.629541 0.3836675
0.6371338 0.3925903
0.6446428 0.4016442
0.6520855 0.4108016
0.6595283 0.4199591
0.666971 0.4291165
0.6744137 0.438274
0.6818564 0.4474314
0.6893939 0.4564401
0.6970136 0.4653197
0.7046333 0.4741994
0.7123511 0.4829159
0.7201601 0.4914808
0.7279955 0.5
