0.27152 0.3449558
0.2731519 0.3288541
0.2771162 0.3131792
0.2810807 0.2975043
0.2868155 0.2827254
0.2931592 0.2682546
0.2995029 0.2537839
0.3052984 0.239003
0.3103049 0.2237758
0.3153113 0.2085486
0.3203178 0.1933214
0.3253243 0.1780942
0.3301062 0.1627787
0.3333757 0.1468682
0.3366452 0.1309577
0.3399146 0.1150472
0.3456531 0.1002478
0.352157 0.09488064
0.3625129 0.1053798
0.3710983 0.1179616
0.3793745 0.1309071
0.3876507 0.1438526
0.3959269 0.1567981
0.4046791 0.1692323
0.4142112 0.180829
0.4237433 0.1924257
0.4332754 0.2040223
0.4428075 0.215619
0.4523396 0.2272157
0.4618717 0.2388124
0.4714037 0.2504091
0.4809358 0.2620057
0.4904679 0.2736024
0.5 0.2851991
0.5075914 0.2967958
0.5171235 0.3083924
0.5266556 0.3199891
0.5361877 0.3315858
0.5457198 0.3431824
0.5552518 0.3547791
0.5652511 0.3657669
0.5754164 0.3765383
0.5855818 0.3873096
0.5957471 0.3980809
0.6059124 0.4088522
0.6160778 0.4196236
0.6262431 0.4303949
0.6364084 0.4411663
0.6464596 0.4520941
0.6564558 0.4630972
0.6664519 0.4741003
0.6764481 0.4851033
0.6864444 0.4961064
0.6964334 0.5
0.7063706 0.511082
0.7163077 0.522164
0.7262448 0.533246
0.736182 0.544328
0.7461191 0.55541
0.7560562 0.566492
0.766427 0.5769581
0.7769535 0.5872033
0.7872568 0.5977515
0.7930501 0.6112323
