0.180516 0.4545405
0.180516 0.4368996
0.1844087 0.4195944
0.1889358 0.4023466
0.1949108 0.3857186
0.2046899 0.3701897
0.2140924 0.3546695
0.2244329 0.3393253
0.2353618 0.3241566
0.2447197 0.3082965
0.2577723 0.2943577
0.2680098 0.2790483
0.276833 0.2629672
0.2870246 0.2474158
0.2945944 0.2309323
0.3002713 0.2139154
0.3124802 0.1995573
0.3181793 0.1847719
0.3326919 0.1969401
0.3449656 0.2112172
0.3577599 0.2253316
0.3707784 0.2394096
0.3829424 0.2540195
0.3957126 0.2682863
0.4092664 0.2820375
0.4237908 0.2951499
0.4370578 0.3090931
0.4498974 0.3233188
0.462077 0.3379009
0.4732476 0.3530278
0.4844182 0.3681547
0.4958978 0.3831246
0.5 0.3979008
0.5118605 0.4126769
0.5237209 0.4274531
0.5357603 0.4421334
0.5478039 0.4568115
0.5600102 0.4713978
0.5727223 0.4856989
0.5854343 0.5
0.5974724 0.5086821
0.6086431 0.523809
0.6198137 0.538936
0.6313084 0.5538983
0.6431412 0.5686892
0.6549738 0.5834801
0.6663534 0.598497
0.6772318 0.6137639
0.6881102 0.6290307
0.6996304 0.6439782
0.7114254 0.658789
0.7233367 0.6735353
0.7359565 0.6878904
0.7485762 0.7022453
0.7583828 0.7179765
0.7680926 0.7337549
0.7794526 0.7487875
0.7908483 0.7638031
0.8025048 0.778686
0.8137035 0.7937904
0.8244768 0.8090936
0.8369421 0.8235091
0.8435338 0.8402356
0.8505235 0.8565575
