0.1680443 0.4532545
0.1787344 0.433403
0.1861499 0.3993825
0.1935707 0.3653434
0.1989941 0.3275438
0.2045296 0.2898365
0.2086582 0.2504729
0.2133985 0.2123137
0.2176501 0.1738971
0.2257372 0.1526324
0.2384556 0.1548136
0.2511679 0.1575992
0.2631466 0.1716362
0.2750899 0.1862171
0.2870331 0.200798
0.2989764 0.2153789
0.3110605 0.228523
0.3233465 0.2396085
0.3356325 0.250694
0.3479185 0.2617794
0.3602045 0.2728649
0.3724905 0.2839504
0.3847765 0.2950359
0.39675 0.3093362
0.4087159 0.3237152
0.4206818 0.3380942
0.4326477 0.3524731
0.4446136 0.3668521
0.4565795 0.3812311
0.4685454 0.39561
0.4805113 0.409989
0.4924772 0.424368
0.5 0.4387469
0.5119659 0.4531259
0.5239318 0.4675049
0.5360623 0.4802989
0.5482056 0.4929699
0.5603489 0.5
0.5724921 0.512671
0.5846354 0.525342
0.5967787 0.538013
0.6089219 0.5506841
0.6210652 0.5633551
0.6330682 0.5773866
0.6450531 0.5915939
0.657038 0.6058012
0.6690228 0.6200086
0.6810077 0.6342158
0.6929926 0.6484232
0.7049774 0.6626306
0.7169623 0.6768379
0.7289916 0.6906327
0.7410212 0.7044258
0.7530507 0.7182187
0.7650803 0.7320118
0.7771099 0.7458048
0.7891871 0.7591298
0.8013215 0.7718928
0.8134558 0.7846558
0.8254426 0.7986658
0.8370104 0.8162146
0.8490963 0.8282344
0.8596327 0.8430231
0.8487815 0.824665
