0.2875645 0.1877249
0.2896013 0.1752557
0.295069 0.1643736
0.3005368 0.1534914
0.3060046 0.1426093
0.3114723 0.1317271
0.3169401 0.120845
0.3226345 0.1101502
0.3284166 0.09952784
0.3341986 0.08890545
0.3404934 0.078756
0.3468195 0.06863543
0.3546254 0.06041723
0.3639711 0.05628592
0.3735172 0.05919686
0.3811347 0.06764001
0.3883751 0.07674104
0.3952961 0.08620459
0.401764 0.0961825
0.408232 0.1061604
0.4146999 0.1161383
0.4213018 0.125967
0.4284093 0.135232
0.4355168 0.144497
0.4426243 0.153762
0.4497319 0.163027
0.4569437 0.172162
0.464254 0.1811743
0.4715642 0.1901865
0.4788745 0.1991988
0.4861848 0.2082111
0.4934951 0.2172233
0.5 0.2262356
0.5073103 0.2352479
0.5146205 0.2442602
0.5220094 0.2531702
0.5294284 0.2620409
0.5368475 0.2709117
0.5442665 0.2797825
0.5516856 0.2886532
0.5591046 0.297524
0.5665236 0.3063948
0.5741279 0.3150133
0.5817545 0.3236014
0.5893812 0.3321894
0.5970078 0.3407774
0.6046344 0.3493655
0.6122611 0.3579535
0.6198878 0.3665415
0.6274959 0.3751549
0.6349588 0.3839673
0.6424218 0.3927796
0.6498847 0.401592
0.6573477 0.4104043
0.6648107 0.4192166
0.6724073 0.4278447
0.6800765 0.4363725
0.6877457 0.4449004
0.695415 0.4534283
0.7030002 0.4620725
0.7104858 0.4708545
0.7179713 0.4796365
0.7243885 0.4896629
0.7304731 0.5
