0.7720041 0.2547821
0.7620582 0.2448311
0.7521123 0.2348801
0.7417169 0.2259024
0.7309411 0.2177491
0.7201653 0.2095957
0.7093894 0.2014423
0.6988802 0.1926939
0.6887461 0.1831091
0.6786119 0.1735243
0.6684777 0.1639394
0.6574435 0.1565117
0.6463158 0.1493078
0.6351882 0.142104
0.6241258 0.1347153
0.613126 0.1271491
0.6021262 0.1195829
0.5909641 0.1124897
0.5797259 0.1056184
0.5684877 0.09874713
0.557198 0.09205863
0.5455309 0.08670855
0.5341344 0.08046007
0.5274786 0.08445349
0.5269685 0.1012738
0.52359 0.1175414
0.5197852 0.1336276
0.516054 0.1497372
0.5134771 0.1662802
0.5109003 0.1828232
0.5063273 0.1982829
0.5 0.2127904
0.495909 0.227298
0.4895816 0.2418055
0.4832543 0.256313
0.4770051 0.2708831
0.4709758 0.2856289
0.4649465 0.3003747
0.4589172 0.3151205
0.4528879 0.3298663
0.4468586 0.3446121
0.4408293 0.359358
0.4336099 0.3729677
0.4256791 0.3858984
0.4177485 0.3988291
0.4098177 0.4117599
0.401887 0.4246905
0.3939563 0.4376213
0.3860255 0.450552
0.3780601 0.4634396
0.3695296 0.4756264
0.3609991 0.4878132
0.3524686 0.5
0.3439381 0.5022568
0.3354076 0.5144435
0.326877 0.5266303
0.3179966 0.5382775
0.3082274 0.5485547
0.2984582 0.5588319
0.2886891 0.5691091
0.2784103 0.5782633
0.2674105 0.5858296
0.2564106 0.5933958
0.2451762 0.5995944
