0.2722585 0.2637811
0.2722585 0.2507061
0.277288 0.2384698
0.2842702 0.2267752
0.290399 0.2148482
0.2947556 0.2027226
0.3013362 0.1915554
0.3045668 0.178774
0.3118322 0.16726
0.3175837 0.1552041
0.3218729 0.1426323
0.3265831 0.1301858
0.3327333 0.118168
0.3397127 0.1064724
0.3442546 0.09411326
0.3480129 0.08201593
0.3550413 0.07168856
0.3691508 0.0747278
0.3795528 0.08389646
0.3894716 0.09385642
0.3982599 0.1043451
0.4065018 0.1152456
0.4165549 0.125241
0.4252153 0.13612
0.4345175 0.1466187
0.4437993 0.1571312
0.452874 0.1677707
0.4615741 0.1786268
0.4703462 0.1894396
0.4797138 0.1998996
0.4896275 0.2099859
0.5 0.2197582
0.5072734 0.2301165
0.5161602 0.2408666
0.5251198 0.2515686
0.5355641 0.2612872
0.5460085 0.2710057
0.5543437 0.28203
0.5623764 0.2932417
0.5705577 0.3043777
0.5787404 0.3155131
0.5871749 0.3265132
0.5958353 0.3373922
0.6041617 0.3484335
0.6111439 0.360128
0.6191257 0.3712983
0.6286449 0.3816617
0.6381642 0.3920253
0.6465744 0.4030215
0.6546071 0.4142331
0.661733 0.4258617
0.6687467 0.4375424
0.6762708 0.4489989
0.6837949 0.4604553
0.691319 0.4719118
0.6995309 0.4829964
0.7088985 0.4934564
0.7158252 0.5
0.7228197 0.5116656
0.7310225 0.5227579
0.7404423 0.5331618
0.7492338 0.5438774
0.7579715 0.5545123
