0.2809523 0.4052069
0.2834906 0.3459929
0.2869734 0.2887549
0.2911342 0.2342245
0.2947162 0.1771054
0.2976291 0.1212313
0.3017607 0.07234344
0.3087795 0.0518873
0.316789 0.0518873
0.3247986 0.0518873
0.3328081 0.0518873
0.3407972 0.05385467
0.3486977 0.06435332
0.3565983 0.07485205
0.3644989 0.08535072
0.372404 0.09558937
0.3803599 0.1029654
0.3883158 0.1103414
0.3962717 0.1177174
0.4042276 0.1250934
0.4121836 0.1324694
0.4201339 0.1401957
0.4280666 0.149021
0.4359992 0.1578464
0.4439319 0.1666717
0.4518646 0.1754971
0.4597973 0.1843224
0.4677208 0.1936319
0.4756298 0.2037213
0.4835387 0.2138108
0.4914476 0.2239002
0.4993565 0.2339896
0.5 0.2440791
0.5079089 0.2541685
0.5158256 0.2638561
0.5237486 0.2732148
0.5316717 0.2825736
0.5395948 0.2919323
0.5475178 0.301291
0.5554408 0.3106498
0.5633639 0.3200085
0.5712889 0.3292571
0.5792227 0.3380159
0.5871565 0.3467746
0.5950904 0.3555334
0.6030242 0.3642921
0.610958 0.3730508
0.6188919 0.3818096
0.6268257 0.3905683
0.6347595 0.399327
0.6426991 0.4077327
0.6506504 0.4154171
0.6586017 0.4231016
0.6665531 0.4307861
0.6745044 0.4384706
0.6823212 0.4521463
0.6901128 0.4669378
0.6979046 0.4817293
0.7058769 0.4873199
0.7138531 0.4929228
0.7217995 0.5
0.7213082 0.4931632
0.7138348 0.4707659
0.706016 0.4569125
