0.2112805 0.2364234
0.2163424 0.2188182
0.2234417 0.2027811
0.2322693 0.1888301
0.2411198 0.1749217
0.2512404 0.1633702
0.261361 0.1518186
0.2714816 0.1402671
0.2816022 0.1287156
0.2924126 0.1188562
0.3034108 0.1095371
0.3154588 0.1066178
0.3279429 0.1066178
0.3381247 0.1169902
0.3478732 0.1293153
0.3573481 0.1421449
0.3665508 0.1554767
0.3757535 0.1688085
0.3847588 0.182466
0.3935864 0.196417
0.402414 0.2103679
0.4112416 0.2243189
0.4200973 0.2382243
0.4291375 0.2518309
0.4381777 0.2654376
0.4472179 0.2790443
0.4562581 0.2926509
0.4652983 0.3062575
0.4740216 0.3203678
0.482681 0.3345795
0.4913405 0.3487911
0.5 0.3630028
0.5033802 0.3772145
0.5120397 0.3914261
0.5206991 0.4056378
0.5298077 0.4191293
0.5389245 0.4326078
0.5480413 0.4460862
0.5571581 0.4595647
0.5662748 0.4730431
0.5753915 0.4865215
0.5845084 0.5
0.5938525 0.5077072
0.6039838 0.5192353
0.6141151 0.5307634
0.6242463 0.5422915
0.6343776 0.5538197
0.6445088 0.5653478
0.654592 0.5769802
0.6646425 0.5886838
0.6746929 0.6003874
0.6847432 0.612091
0.695027 0.623224
0.7059078 0.6328967
0.7167886 0.6425693
0.7276695 0.652242
0.7390656 0.6602805
0.7505031 0.6681886
0.7619405 0.6760966
0.7735813 0.6832061
0.7852956 0.6900267
0.7970099 0.6968474
0.8086267 0.7039092
