0.2708858 0.2598039
0.2733579 0.2457744
0.27583 0.2317449
0.2783021 0.2177154
0.281639 0.2039546
0.2870827 0.1908481
0.2925265 0.1777415
0.2979702 0.164635
0.3034139 0.1515284
0.3088143 0.1384031
0.3140759 0.1252177
0.3193377 0.1120322
0.324575 0.09883657
0.3320849 0.09033486
0.3417797 0.1001846
0.3506266 0.1111391
0.3594735 0.1220936
0.3683205 0.133048
0.3767205 0.1443686
0.3850551 0.1557428
0.3933897 0.167117
0.4017242 0.1784912
0.4100588 0.1898654
0.4183934 0.2012397
0.426728 0.2126139
0.4350625 0.2239881
0.4437674 0.2350418
0.4531708 0.2454911
0.4625742 0.2559404
0.4719777 0.2663896
0.481381 0.2768389
0.4907844 0.2872881
0.5 0.2977374
0.5094034 0.3081867
0.5188068 0.3186359
0.5282102 0.3290852
0.5373836 0.339749
0.546513 0.3504538
0.5556425 0.3611586
0.564772 0.3718634
0.5739014 0.3825682
0.5830308 0.393273
0.5921603 0.4039778
0.6012897 0.4146825
0.6104192 0.4253873
0.6195487 0.4360921
0.6286781 0.4467969
0.6384114 0.4569099
0.648303 0.4668676
0.6581947 0.4768254
0.6680864 0.4867831
0.677978 0.4967408
0.6878697 0.5
0.6977614 0.5099577
0.707653 0.5199155
0.7175447 0.5298733
0.7274014 0.5398675
0.7371731 0.5499504
0.7469449 0.5600334
0.7567166 0.5701164
0.7664884 0.5801994
0.7762601 0.5902823
0.7866609 0.5995992
