0.2807823 0.3186083
0.2790424 0.3052049
0.2785493 0.2916558
0.2785493 0.2780491
0.2785493 0.2644424
0.2819054 0.2510618
0.2845222 0.2375888
0.293398 0.2260726
0.298061 0.2129816
0.303034 0.1998543
0.3131374 0.188428
0.3187309 0.1755516
0.3288696 0.1641688
0.3364607 0.152562
0.3425497 0.1402211
0.3489382 0.1274916
0.3551255 0.1146408
0.3611707 0.1025503
0.3630987 0.09033164
0.3714546 0.08696875
0.3812633 0.09859368
0.3907207 0.1103725
0.3991855 0.1225374
0.4101712 0.1336096
0.4219687 0.1442398
0.4318113 0.1557251
0.4403633 0.167812
0.4508474 0.1791334
0.4613314 0.1904549
0.4706637 0.2022745
0.4796391 0.2142486
0.4898596 0.2256943
0.5 0.2371727
0.5003334 0.2493429
0.5097208 0.2611226
0.5202048 0.272444
0.5306888 0.2837655
0.5402012 0.2954929
0.5486537 0.3076631
0.5571062 0.3198333
0.5664973 0.3316224
0.57659 0.3431267
0.5866827 0.3546311
0.596119 0.3664194
0.6054963 0.3782333
0.6149472 0.3900141
0.6255598 0.4012733
0.6361724 0.4125325
0.646785 0.4237918
0.6573163 0.4350872
0.6666164 0.4469327
0.6759164 0.4587782
0.6852165 0.4706237
0.695262 0.4821483
0.7053546 0.4936526
0.7149791 0.5
0.7234316 0.5121702
0.7318841 0.5243404
0.7403365 0.5365106
0.748789 0.5486808
0.75674 0.5610233
0.7638845 0.5736016
0.7750903 0.5829685
0.7817892 0.5929807
