0.8675503 0.4426323
0.8641651 0.4225946
0.8525348 0.4077806
0.8403291 0.3933312
0.8265283 0.381111
0.8124821 0.3692336
0.798436 0.3573563
0.78475 0.3449528
0.7720257 0.3311447
0.7593014 0.3173366
0.7465771 0.3035284
0.7327005 0.2914034
0.7186544 0.279526
0.7046082 0.2676486
0.6906279 0.2556649
0.6768187 0.2434042
0.6630096 0.2311434
0.6490921 0.2190683
0.6345294 0.2080975
0.6199666 0.1971267
0.6049377 0.1871671
0.589265 0.1786038
0.5735924 0.1700405
0.5573127 0.1639108
0.5402248 0.1610209
0.5249903 0.1659833
0.5139399 0.1816816
0.5033703 0.1978301
0.5 0.2141778
0.4887845 0.2296741
0.4770068 0.2446128
0.465229 0.2595516
0.4534512 0.2744904
0.4422707 0.2900019
0.432372 0.3067425
0.4224732 0.3234832
0.4125745 0.3402238
0.4026757 0.3569645
0.3930829 0.3739336
0.3845893 0.3917232
0.3760957 0.4095127
0.3676022 0.4273023
0.3591086 0.4450918
0.350615 0.4628814
0.3431873 0.481304
0.33622 0.5
0.3292526 0.509324
0.3222852 0.5280199
0.3153178 0.5467159
0.3083504 0.5654118
0.301383 0.5841078
0.2944156 0.6028037
0.2880816 0.6218116
0.2817916 0.6408411
0.2755015 0.6598706
0.2692115 0.6789002
0.2629215 0.6979297
0.2572761 0.7172356
0.2518176 0.7366216
0.2463591 0.7560076
0.2409005 0.7753935
0.2306469 0.791527
0.2192802 0.8069055
