0.1441603 0.3759749
0.1496242 0.3591815
0.1586758 0.3433127
0.1703678 0.3284734
0.1786102 0.3120557
0.187189 0.295915
0.2000511 0.2815218
0.2075411 0.2649115
0.2153818 0.2484493
0.2272835 0.2335203
0.2382851 0.2183924
0.2479839 0.2025613
0.2614993 0.1883918
0.273927 0.1736411
0.2894302 0.1607714
0.3059618 0.1509466
0.3276842 0.1487478
0.3495801 0.1510137
0.3676624 0.1618202
0.3821371 0.1750309
0.3944589 0.1898215
0.4085229 0.2037156
0.4223692 0.2177375
0.4352233 0.2322273
0.444823 0.2482091
0.4547784 0.264038
0.4674853 0.2786837
0.4788929 0.2939088
0.4891375 0.3096524
0.4995062 0.3253468
0.5 0.340878
0.5107801 0.356409
0.5206894 0.3722727
0.5302891 0.3882545
0.5386296 0.4046293
0.5462537 0.4212278
0.5538779 0.4378262
0.5662311 0.4526455
0.5786186 0.4674518
0.5881706 0.4833014
0.5954148 0.5
0.603583 0.5053735
0.6148138 0.5207149
0.6260446 0.5360563
0.636744 0.5516144
0.6469886 0.567358
0.6569754 0.5831945
0.6661572 0.5993207
0.6753391 0.6154467
0.6856638 0.6311452
0.6965243 0.6466432
0.708171 0.6617851
0.7205585 0.6765915
0.7326838 0.6915035
0.7414945 0.7077515
0.7511256 0.7236392
0.7648702 0.7377207
0.7749527 0.7533837
0.7840341 0.7694856
0.797349 0.7838089
0.8080314 0.79935
0.814825 0.8161252
0.8290958 0.829443
0.8362125 0.8400757
