0.2669747 0.2826481
0.2669747 0.2663597
0.2704634 0.2508689
0.2745255 0.2355092
0.2803085 0.221221
0.2865175 0.2071979
0.2927265 0.1931749
0.2993086 0.1794599
0.3059389 0.1657847
0.3125692 0.1521094
0.3191995 0.1384343
0.3259524 0.1248703
0.3330463 0.1116159
0.3403957 0.09862867
0.3486432 0.0882723
0.356691 0.1001956
0.3637294 0.1135027
0.3711531 0.1263919
0.3794698 0.1383132
0.3877864 0.1502346
0.396103 0.1621559
0.4044196 0.1740772
0.4128146 0.1859001
0.4212318 0.1976951
0.4296489 0.2094901
0.4380661 0.2212851
0.4464833 0.2330801
0.4549004 0.2448751
0.4634344 0.2565083
0.4725758 0.2673005
0.4817172 0.2780927
0.4908586 0.2888849
0.5 0.2996772
0.5080401 0.3104694
0.5171815 0.3212616
0.5263229 0.3320538
0.5354643 0.3428461
0.5446057 0.3536383
0.5537471 0.3644305
0.5628885 0.3752227
0.5720614 0.3859667
0.5813166 0.3965848
0.5905718 0.407203
0.5998269 0.4178211
0.6090821 0.4284392
0.6183373 0.4390574
0.6275924 0.4496755
0.6368476 0.4602937
0.6461027 0.4709118
0.6557835 0.4808128
0.6656468 0.4904064
0.6755101 0.5
0.6853734 0.5021423
0.6952367 0.5117359
0.7050999 0.5213295
0.7149632 0.530923
0.7248265 0.5405167
0.7346532 0.5501764
0.7444171 0.5599495
0.754181 0.5697225
0.7639449 0.5794954
0.7737088 0.5892684
0.7836905 0.5986381
