0.2805441 0.1813931
0.2836428 0.1651847
0.2892379 0.1516967
0.296819 0.1416282
0.303892 0.1303074
0.3105053 0.1180598
0.3191982 0.1124632
0.3256632 0.1050779
0.3348239 0.1032946
0.3436615 0.0977937
0.3524342 0.09202173
0.3605225 0.08339116
0.3688962 0.07600203
0.3744994 0.06300735
0.3823897 0.0663133
0.3879705 0.07999516
0.3931775 0.09434831
0.3993119 0.1074398
0.4055247 0.1204014
0.4117565 0.1333314
0.4180194 0.1462089
0.4242858 0.1590807
0.4305522 0.1719523
0.4368186 0.184824
0.4434032 0.1971168
0.450129 0.2091528
0.4568548 0.2211889
0.4635806 0.233225
0.4703064 0.2452611
0.4777237 0.2557831
0.4851492 0.2662876
0.4925746 0.276792
0.5 0.2872965
0.5043602 0.2978009
0.5118278 0.3081946
0.5195789 0.3178439
0.52733 0.3274932
0.5350811 0.3371425
0.5428322 0.3467919
0.5505832 0.3564412
0.5583344 0.3660905
0.5662031 0.3753927
0.5741912 0.3843426
0.5821792 0.3932926
0.5901673 0.4022425
0.5981554 0.4111924
0.6061435 0.4201424
0.6141316 0.4290923
0.6227409 0.4356753
0.6314231 0.4419803
0.6401054 0.4482853
0.6487876 0.4545902
0.6574699 0.4608952
0.6661521 0.4672001
0.6748344 0.4735051
0.6835166 0.4798101
0.6921272 0.486444
0.7007067 0.493222
0.709286 0.5
0.7178655 0.5024354
0.7264938 0.5089912
0.7351432 0.5154517
0.7429762 0.5241621
