0.2635816 0.3823166
0.2650498 0.3509327
0.2679881 0.3203956
0.2722552 0.2915809
0.2759521 0.2618929
0.280123 0.2329934
0.2849661 0.2052125
0.2894485 0.1767787
0.293747 0.1480121
0.2973698 0.1183659
0.3016585 0.09028795
0.3094709 0.08176672
0.3186665 0.0911178
0.3276996 0.102109
0.3367327 0.1131001
0.3457732 0.1240212
0.3548723 0.1343859
0.3639713 0.1447506
0.3730703 0.1551152
0.3821694 0.1654799
0.3912684 0.1758446
0.4003674 0.1862093
0.4094291 0.1969325
0.4184845 0.2077172
0.4275398 0.218502
0.4365951 0.2292867
0.4456505 0.2400714
0.4547058 0.2508562
0.4637611 0.2616409
0.4728164 0.2724257
0.4818774 0.2831565
0.4909387 0.2938851
0.5 0.3046136
0.5081321 0.3153422
0.5171934 0.3260708
0.5262547 0.3367994
0.5353159 0.3475279
0.5443772 0.3582565
0.5534885 0.3684597
0.5627357 0.3772343
0.5719829 0.3860089
0.58123 0.3947835
0.5904772 0.4035581
0.5997244 0.4123327
0.6089716 0.4211072
0.6182188 0.4298818
0.627466 0.4386564
0.6366501 0.4481159
0.6457686 0.4582864
0.6548872 0.4684569
0.6640058 0.4786275
0.6731243 0.488798
0.6822429 0.4989685
0.6913615 0.5
0.70048 0.5101705
0.70972 0.5190204
0.7189709 0.5277511
0.7282218 0.5364819
0.7374727 0.5452126
0.7467236 0.5539433
0.7559226 0.5632631
0.7650844 0.5729579
0.774009 0.5839843
0.7727169 0.5718225
