0.2466677 0.3483922
0.2466677 0.3303306
0.2487628 0.3125129
0.2514215 0.2947607
0.2540803 0.2770085
0.2581805 0.2596949
0.262326 0.242395
0.2664716 0.2250952
0.2706876 0.2078226
0.275032 0.1905994
0.2793764 0.1733762
0.2837208 0.1561531
0.2911412 0.1407255
0.2988867 0.1254877
0.3104861 0.1216444
0.3212377 0.1336878
0.3319892 0.1457312
0.3427408 0.1577745
0.3534923 0.1698178
0.3639218 0.1822917
0.3742217 0.1949385
0.3845216 0.2075854
0.3948216 0.2202322
0.4051215 0.232879
0.4154215 0.2455259
0.4257214 0.2581728
0.4360214 0.2708196
0.4463213 0.2834665
0.4566213 0.2961133
0.4669212 0.3087602
0.4772212 0.321407
0.4875783 0.3339766
0.4984357 0.3458702
0.5 0.3577638
0.5108574 0.3696574
0.5217147 0.381551
0.5325722 0.3934446
0.5434295 0.4053382
0.5542869 0.4172319
0.5651442 0.4291255
0.5760016 0.4410191
0.586859 0.4529127
0.5977164 0.4648063
0.6085738 0.4766999
0.6194906 0.488506
0.6306191 0.5
0.6417477 0.5047983
0.6528763 0.5162924
0.6640048 0.5277864
0.6751333 0.5392805
0.6862619 0.5507746
0.6973905 0.5622686
0.7085191 0.5737627
0.7195644 0.5853785
0.7303472 0.5973779
0.74113 0.6093773
0.7519128 0.6213768
0.7626957 0.6333761
0.7734785 0.6453755
0.7842613 0.657375
0.795393 0.668864
0.8065296 0.6803458
0.8176662 0.6918277
0.8268747 0.7044487
