0.2416791 0.2146402
0.2496081 0.2014783
0.2568877 0.1874328
0.2631077 0.1719452
0.2693277 0.1564576
0.2755477 0.1409701
0.2809137 0.1246598
0.2866156 0.1086731
0.2935721 0.09457055
0.3040034 0.08907241
0.3146337 0.09399316
0.3239637 0.1043182
0.3332937 0.1146432
0.3423638 0.125578
0.3513345 0.1367462
0.360305 0.1479145
0.3692756 0.1590827
0.3781744 0.1704037
0.3868772 0.1821414
0.39558 0.193879
0.4042827 0.2056167
0.4129855 0.2173544
0.4216868 0.229095
0.4303183 0.2409768
0.4389498 0.2528586
0.4475813 0.2647405
0.4562128 0.2766223
0.4648443 0.2885041
0.4734758 0.3003859
0.482141 0.3121987
0.4909129 0.3237937
0.4996848 0.3353887
0.5 0.3469837
0.5087719 0.3585787
0.5175438 0.3701737
0.5263157 0.3817687
0.5350876 0.3933637
0.5438595 0.4049587
0.5528539 0.416053
0.5621156 0.4265463
0.5713772 0.4370397
0.5806387 0.4475331
0.5899003 0.4580265
0.5991619 0.4685198
0.6084235 0.4790132
0.6176851 0.4895066
0.6269466 0.5
0.6362082 0.5059332
0.6459327 0.5151608
0.6558148 0.5239573
0.6656969 0.5327536
0.6755791 0.54155
0.6854612 0.5503464
0.6953433 0.5591428
0.7052254 0.5679393
0.7151076 0.5767357
0.7249897 0.5855321
0.7348718 0.5943285
0.7447556 0.6031197
0.7546399 0.6119095
0.7645241 0.6206993
0.7744083 0.6294891
0.7848483 0.6361381
