0.285749 0.1620693
0.2890422 0.1442531
0.2906963 0.1250876
0.2930447 0.1062432
0.2954517 0.08744466
0.2984735 0.06911945
0.3030057 0.05613828
0.3112313 0.06046039
0.3192925 0.06698319
0.3272856 0.07387394
0.3349317 0.08263862
0.3425777 0.09140334
0.3502237 0.100168
0.3579048 0.1087563
0.3658095 0.1162184
0.3737141 0.1236806
0.3816188 0.1311427
0.3895234 0.1386048
0.3974281 0.1460669
0.4053327 0.153529
0.4132374 0.1609911
0.4210426 0.1689644
0.4287448 0.1774665
0.4364471 0.1859687
0.4441493 0.1944708
0.4518515 0.2029729
0.4595538 0.211475
0.4672561 0.2199772
0.4749583 0.2284793
0.4826606 0.2369814
0.4903628 0.2454836
0.4980651 0.2539857
0.5 0.2624878
0.5077022 0.2709903
0.5154024 0.2795019
0.5231027 0.2880134
0.530803 0.2965251
0.5385032 0.3050366
0.5462035 0.3135482
0.5539037 0.3220598
0.561604 0.3305714
0.5693042 0.339083
0.5770454 0.3473932
0.584844 0.3554205
0.5926425 0.3634478
0.6004412 0.3714752
0.6082397 0.3795025
0.6160383 0.3875299
0.6238369 0.3955572
0.6316354 0.4035845
0.6393774 0.4118947
0.6471178 0.4202129
0.6548581 0.4285312
0.6625985 0.4368494
0.670342 0.4451523
0.6781242 0.4532622
0.6859065 0.4613721
0.6936889 0.469482
0.7015834 0.4769894
0.7095205 0.4842681
0.7175948 0.4906264
0.7252867 0.4986269
0.7301885 0.5047534
0.7218952 0.5
