0.1974162 0.4322509
0.1974162 0.4089853
0.2085111 0.3929069
0.2199718 0.3769613
0.2289262 0.3577005
0.2410116 0.3446683
0.2484999 0.3250537
0.2544083 0.3041413
0.2601242 0.2843043
0.2629745 0.2627517
0.2629745 0.2394861
0.2686753 0.2213321
0.2718773 0.2022524
0.2773234 0.1819887
0.2898728 0.1772108
0.3015231 0.1925972
0.3091407 0.2130513
0.3190014 0.2309597
0.3309253 0.2463614
0.3412482 0.2640611
0.3542972 0.277584
0.3656133 0.2937618
0.3767166 0.3103541
0.3888893 0.3254543
0.4023252 0.3369834
0.4162714 0.3475871
0.4284468 0.3627282
0.440892 0.3773966
0.4536105 0.3915628
0.4666039 0.4051222
0.4773309 0.4223439
0.4889497 0.4375423
0.5 0.4539935
0.5124652 0.4684519
0.5239624 0.4846236
0.5354404 0.5
0.5457692 0.5012181
0.559339 0.5136029
0.5696954 0.5310886
0.5841305 0.5405886
0.5973374 0.5525993
0.6064848 0.5707604
0.6200985 0.5814259
0.6298589 0.5984794
0.6434058 0.6102681
0.6535081 0.6282756
0.6671817 0.640028
0.6773796 0.6575623
0.692058 0.6667842
0.7044082 0.6814462
0.7178957 0.6920732
0.7309223 0.7037484
0.741618 0.7201989
0.7556528 0.7310515
0.7694016 0.7426577
0.7823031 0.7556716
0.7938215 0.7698161
0.8064442 0.7832543
0.821473 0.7894264
0.8334011 0.8024272
0.8461617 0.8138998
0.8560101 0.8265235
0.8707464 0.8354804
