0.2966679 0.2773364
0.2979475 0.2615791
0.3016145 0.2464527
0.3052815 0.2313263
0.3082661 0.2158749
0.3110895 0.2003465
0.3139128 0.1848182
0.3167361 0.1692899
0.3195595 0.1537616
0.3235898 0.1388647
0.3278167 0.1240706
0.3320435 0.1092766
0.3360158 0.09432915
0.3397835 0.07925847
0.3480483 0.07124695
0.3571606 0.07752511
0.3651003 0.08835205
0.3730401 0.09917903
0.3812078 0.1095923
0.3897921 0.1192496
0.3983763 0.1289069
0.4069605 0.1385642
0.4155448 0.1482215
0.424129 0.1578787
0.4327133 0.1675361
0.4412975 0.1771933
0.4497262 0.1871518
0.4581052 0.1972066
0.4664841 0.2072614
0.4748631 0.2173161
0.4832421 0.2273709
0.491621 0.2374256
0.5 0.2474804
0.5008802 0.2575352
0.5092592 0.2675899
0.5176381 0.2776447
0.5260171 0.2876994
0.5343961 0.2977542
0.5428341 0.3076941
0.5514477 0.3172922
0.5600615 0.3268903
0.5686752 0.3364884
0.5772888 0.3460866
0.5859025 0.3556846
0.5945162 0.3652828
0.6031299 0.3748809
0.6117436 0.384479
0.6203573 0.3940771
0.6293057 0.4029477
0.6383435 0.411624
0.6473814 0.4203003
0.6564192 0.4289766
0.665457 0.4376529
0.6744949 0.4463292
0.6831405 0.4557705
0.6910504 0.4666466
0.6989603 0.4775227
0.7068702 0.4883988
0.7157114 0.4974537
0.7247641 0.5
0.7338169 0.5086412
0.7414259 0.5199822
0.7512367 0.5251321
0.7572368 0.5332196
