0.2207212 0.3358154
0.2270281 0.3193095
0.2333351 0.3028035
0.2402695 0.286737
0.2472664 0.2707142
0.2542633 0.2546915
0.2618924 0.2391742
0.2695963 0.2237168
0.2773001 0.2082593
0.285004 0.1928019
0.2927079 0.1773445
0.3011783 0.1626061
0.3098913 0.1480952
0.3186043 0.1335843
0.3262817 0.1182148
0.3339608 0.1046139
0.3471909 0.1075897
0.3576733 0.119935
0.3681558 0.1322802
0.3780145 0.1454565
0.3876371 0.1589476
0.3972597 0.1724387
0.4068822 0.1859297
0.4171625 0.1985553
0.4275252 0.2110724
0.437888 0.2235896
0.4482507 0.2361067
0.4586135 0.2486238
0.4689762 0.2611409
0.4793312 0.2736689
0.4896656 0.2862261
0.5 0.2987833
0.5029366 0.3113405
0.513271 0.3238977
0.5236054 0.3364549
0.5339398 0.3490121
0.5442742 0.3615693
0.5546086 0.3741264
0.564943 0.3866836
0.5752774 0.3992409
0.5856118 0.411798
0.5959462 0.4243552
0.6062806 0.4369124
0.616615 0.4494696
0.6269494 0.4620268
0.6372838 0.474584
0.6476182 0.4871412
0.6577262 0.5
0.6675085 0.5049073
0.6772907 0.5182002
0.687073 0.5314931
0.6968552 0.5447861
0.7066374 0.5580791
0.7164197 0.571372
0.7262781 0.5845672
0.7362502 0.5976163
0.7462224 0.6106654
0.7561945 0.6237145
0.7661667 0.6367636
0.7761388 0.6498127
0.786111 0.6628618
0.7960831 0.6759109
0.8060553 0.6889601
