0.2757937 0.2916421
0.2767424 0.267721
0.2783575 0.2439352
0.2813362 0.2209807
0.284352 0.1980367
0.2869369 0.1747725
0.2904193 0.1523035
0.2944847 0.1303511
0.3008202 0.1119916
0.3082324 0.09661272
0.3164432 0.08573708
0.3257544 0.08269614
0.3341628 0.09378001
0.3434197 0.1014503
0.3517508 0.1142307
0.3604798 0.1252695
0.3691716 0.1364879
0.3776739 0.1485698
0.3861762 0.1606517
0.3946316 0.1729259
0.4029849 0.1856184
0.4113382 0.1983108
0.4196916 0.2110032
0.4280085 0.2238387
0.4363222 0.2366869
0.4446359 0.2495351
0.4529497 0.2623833
0.461256 0.27526
0.4695559 0.2881622
0.4778557 0.3010644
0.4861555 0.3139665
0.4944553 0.3268687
0.5 0.3392855
0.5084861 0.3514358
0.5169722 0.363586
0.5254583 0.3757363
0.5339444 0.3878866
0.5424305 0.4000368
0.5514212 0.4097202
0.5604599 0.4191696
0.5694986 0.4286189
0.5785373 0.4380682
0.587576 0.4475175
0.5966146 0.4569668
0.6056533 0.4664161
0.614692 0.4758655
0.6239275 0.4840679
0.6332003 0.492034
0.6424731 0.5
0.6517459 0.5001758
0.6610187 0.5081419
0.6702952 0.5160764
0.67988 0.5213697
0.6894648 0.526663
0.6990496 0.5319563
0.7086344 0.5372496
0.7182192 0.5425429
0.7277761 0.5481188
0.737286 0.5541704
0.746796 0.5602221
0.7563059 0.5662738
0.7658496 0.5719879
0.7754224 0.5774101
