0.1698423 0.4608563
0.1698423 0.442269
0.1698423 0.4236816
0.1729143 0.4053289
0.1835308 0.3888593
0.1945953 0.3723875
0.2022229 0.3547562
0.2118693 0.3381552
0.221572 0.3225119
0.2346112 0.3078896
0.2428629 0.290434
0.2528554 0.2735367
0.2610485 0.2560857
0.2722897 0.239736
0.2809696 0.2224778
0.2924227 0.206269
0.3041368 0.1900626
0.3124529 0.173051
0.3215714 0.1566372
0.3271708 0.1398385
0.3442137 0.1522708
0.3592415 0.166688
0.3731814 0.1818319
0.388238 0.1963462
0.4029767 0.2110397
0.4163463 0.2265053
0.4299542 0.241844
0.4439633 0.2569692
0.4579725 0.2720943
0.4719817 0.2872194
0.4859908 0.3023446
0.5 0.3174697
0.511685 0.3327979
0.5250546 0.3482636
0.5384241 0.3637291
0.5517936 0.3791947
0.5653539 0.3945594
0.5792533 0.4097447
0.5931526 0.4249299
0.607052 0.4401152
0.6212965 0.4551085
0.635594 0.4700723
0.6498914 0.4850362
0.6641889 0.5
0.6757522 0.5071082
0.6870294 0.5235355
0.6983066 0.5399628
0.7087877 0.5566939
0.718888 0.5735704
0.7298805 0.5900619
0.74325 0.6055275
0.7566195 0.6209931
0.7664965 0.6379001
0.7757667 0.6550577
0.7827435 0.6728011
0.7894757 0.6906123
0.798427 0.7078702
0.8067435 0.7253075
0.8143654 0.742941
0.8204948 0.7608462
0.8261836 0.7783675
0.8395168 0.7926958
0.8468195 0.8095779
