0.3098854 0.3511221
0.31078 0.3264216
0.3142103 0.3032848
0.3178574 0.2805262
0.3190874 0.2555797
0.3221027 0.2320838
0.324954 0.2083607
0.3270633 0.1839134
0.3308565 0.1612708
0.3334404 0.1373322
0.3355498 0.1128849
0.337978 0.08870661
0.341132 0.06528461
0.3477915 0.06397176
0.356104 0.07138264
0.3643895 0.07901794
0.3724952 0.08815145
0.3806009 0.09728503
0.3887066 0.1064186
0.3968305 0.1154143
0.4049647 0.1243323
0.4130989 0.1332503
0.4212332 0.1421683
0.4293674 0.1510863
0.4375016 0.1600043
0.4456359 0.1689223
0.4536673 0.1785581
0.4615912 0.1889446
0.4695152 0.1993311
0.4774391 0.2097176
0.4853631 0.2201042
0.493287 0.2304907
0.5 0.2408772
0.5079239 0.2512637
0.5158822 0.2614094
0.5240255 0.2702577
0.5321688 0.2791058
0.5403121 0.2879541
0.5484554 0.2968023
0.5565987 0.3056505
0.564742 0.3144988
0.5728853 0.323347
0.5810173 0.3322813
0.5891347 0.3413274
0.597252 0.3503736
0.6053694 0.3594198
0.6134868 0.368466
0.6216041 0.3775122
0.6297215 0.3865584
0.6378389 0.3956047
0.6460207 0.4041475
0.654211 0.4126231
0.6624014 0.4210987
0.6705918 0.4295743
0.6787822 0.4380499
0.6869405 0.4467772
0.6950678 0.4557481
0.7031951 0.4647191
0.7113224 0.4736902
0.7196285 0.4808639
0.7281567 0.485806
0.7366848 0.4907481
0.7447026 0.5
