0.1965818 0.2585894
0.210605 0.2511723
0.2167353 0.2393773
0.2266464 0.2282313
0.2378051 0.2178727
0.2496162 0.2082254
0.2624204 0.1988547
0.2721241 0.1875944
0.2832431 0.1770448
0.2945522 0.1666217
0.3078043 0.1576748
0.321016 0.1491041
0.3303962 0.1377535
0.3451408 0.1302843
0.3565878 0.1199546
0.3674303 0.1103983
0.3774198 0.1025866
0.3940915 0.1062861
0.4037992 0.1174923
0.4153995 0.1277416
0.4251608 0.1389948
0.434251 0.1506028
0.4418407 0.1628172
0.4494305 0.1750315
0.457323 0.187129
0.4659131 0.1989572
0.4745032 0.2107854
0.4830934 0.2226136
0.4915493 0.2344972
0.5 0.2463829
0.5075604 0.2584199
0.5155319 0.270494
0.5235034 0.282568
0.5314749 0.2946421
0.539147 0.3068266
0.5467775 0.3190263
0.5544081 0.331226
0.5620387 0.3434258
0.5696693 0.3556255
0.5772999 0.3678252
0.5853963 0.3798491
0.5936672 0.3918071
0.601938 0.4037651
0.6099606 0.4158146
0.6172753 0.4281248
0.62459 0.4404351
0.6319574 0.4527257
0.6402974 0.4646562
0.6486375 0.4765866
0.6565688 0.4886604
0.6631888 0.5
0.6698088 0.5125337
0.6776105 0.5246655
0.685582 0.5367395
0.6932662 0.5489132
0.7001219 0.561374
0.7073746 0.5736972
0.7153462 0.5857712
0.7215577 0.5983026
0.7250535 0.6115397
0.7300151 0.6244999
0.7362031 0.6371095
0.7439349 0.6492507
