0.2501661 0.5466341
0.2555719 0.5240575
0.2612056 0.5018249
0.2670579 0.4911886
0.2736511 0.4719519
0.2775645 0.4466983
0.2831251 0.4250087
0.2858391 0.3996952
0.2944384 0.4079824
0.3025345 0.4219763
0.3109177 0.4344176
0.3193009 0.4468589
0.3276496 0.459501
0.3359593 0.4723694
0.3442689 0.4852378
0.3525786 0.4981062
0.3608884 0.5
0.369198 0.5128684
0.3776012 0.525117
0.3863698 0.5349433
0.3951384 0.5447696
0.4039069 0.5545959
0.4126755 0.5644222
0.4214441 0.5742486
0.4302126 0.5840749
0.4389812 0.5939012
0.4477498 0.6037275
0.4565184 0.6135538
0.4652869 0.6233801
0.4740555 0.6332064
0.482824 0.6430327
0.4916793 0.6521213
0.5 0.6606124
0.5089254 0.6691035
0.5178509 0.6775945
0.5267764 0.6860856
0.5357019 0.6945767
0.5446273 0.7030678
0.5535528 0.7115588
0.5624783 0.7200499
0.5714037 0.728541
0.5803743 0.736596
0.589368 0.7444264
0.5983618 0.7522569
0.6073555 0.7600874
0.6163493 0.7679179
0.6253431 0.7757484
0.6343368 0.7835789
0.6433306 0.7914094
0.6523244 0.7992399
0.6613135 0.8071166
0.6702862 0.8151566
0.679259 0.8231965
0.6882318 0.8312366
0.6972045 0.8392766
0.7061772 0.8473166
0.71515 0.8553566
0.7241776 0.862815
0.733253 0.8697666
0.7423283 0.8767181
0.7514037 0.8836696
0.7602792 0.8925016
0.7690551 0.9022697
0.7770595 0.9162188
