0.2697477 0.3575232
0.2768815 0.3447028
0.2819387 0.3277359
0.2854538 0.3097627
0.2892799 0.2919925
0.2943372 0.2750255
0.3001506 0.2587948
0.3064233 0.2430112
0.3120763 0.2266243
0.3171335 0.2096573
0.3224638 0.1929297
0.3278788 0.1762764
0.3336599 0.160008
0.3402327 0.1445718
0.3467495 0.1290692
0.3532344 0.1135288
0.3601009 0.09852543
0.3656133 0.0837709
0.3757586 0.09081692
0.3837547 0.1042305
0.392038 0.1171058
0.4008683 0.128956
0.4096986 0.1408063
0.4185289 0.1526565
0.4273214 0.1645852
0.4360879 0.1765678
0.4448545 0.1885504
0.4536211 0.2005329
0.4623876 0.2125155
0.4711542 0.2244981
0.4799207 0.2364807
0.4889787 0.2478296
0.4981134 0.2590116
0.5 0.2701936
0.5091347 0.2813756
0.5182694 0.2925575
0.5274041 0.3037395
0.5365388 0.3149215
0.5456735 0.3261035
0.5548083 0.3372855
0.5639604 0.3484273
0.5731157 0.3595619
0.582271 0.3706964
0.5914263 0.3818309
0.6005816 0.3929654
0.6097369 0.4041
0.6188921 0.4152345
0.6280474 0.426369
0.6372027 0.4375036
0.6464252 0.4484737
0.6559193 0.458779
0.6654133 0.4690842
0.6749074 0.4793895
0.6844015 0.4896947
0.6938956 0.5
0.7033896 0.501038
0.7128837 0.5113432
0.7222482 0.5219604
0.7312948 0.5333421
0.7403414 0.5447239
0.749388 0.5561056
0.7584943 0.5673507
0.7676962 0.5783765
0.7770439 0.589048
