0.3022333 0.1781444
0.3049608 0.1669238
0.3087392 0.1560527
0.3129158 0.1453141
0.3169513 0.1345222
0.3205075 0.1235499
0.3240638 0.1125775
0.3276201 0.1016052
0.3316759 0.090821
0.3358525 0.08008233
0.3404607 0.06955802
0.346387 0.06013066
0.3551417 0.06550106
0.3622176 0.07449061
0.3692935 0.08348006
0.3763694 0.0924696
0.3835076 0.1014062
0.390732 0.11027
0.3979564 0.1191338
0.4051807 0.1279975
0.412405 0.1368612
0.4196294 0.145725
0.4268537 0.1545888
0.434078 0.1634525
0.4413024 0.1723163
0.4485267 0.18118
0.4557511 0.1900438
0.4629754 0.1989075
0.4701998 0.2077713
0.4774241 0.216635
0.4848832 0.2252882
0.4924416 0.2338522
0.5 0.2424162
0.5031844 0.2509803
0.5107428 0.2595443
0.5183012 0.2681083
0.5258597 0.2766723
0.5334181 0.2852363
0.5409765 0.2938004
0.5485349 0.3023643
0.5560933 0.3109283
0.5636518 0.3194924
0.5712102 0.3280565
0.5787889 0.3366013
0.5865013 0.3450187
0.5942137 0.3534363
0.6019261 0.3618538
0.6096386 0.3702713
0.6173511 0.3786888
0.6250635 0.3871064
0.6327759 0.3955239
0.6404884 0.4039414
0.6482008 0.412359
0.6559132 0.4207765
0.6636568 0.4291625
0.671734 0.4372099
0.6798112 0.4452574
0.6878885 0.4533049
0.6959656 0.4613524
0.7040429 0.4693999
0.7121202 0.4774473
0.720321 0.4853521
0.7290249 0.492676
0.7377287 0.5
