0.2874756 0.1687952
0.2896241 0.1540108
0.2925574 0.1395686
0.2975648 0.1267624
0.302604 0.1139812
0.3079282 0.1015783
0.3144873 0.09081367
0.3211449 0.08022204
0.3281257 0.07019731
0.3361135 0.06263411
0.3446262 0.05732834
0.3539021 0.05732834
0.362568 0.06228581
0.3711169 0.06819338
0.3796659 0.07410094
0.3870967 0.08320633
0.3945174 0.09234044
0.4019381 0.1014745
0.4093588 0.1106086
0.4164369 0.1204406
0.4234528 0.1303991
0.4304687 0.1403575
0.4374847 0.150316
0.4445006 0.1602745
0.4515166 0.170233
0.4585233 0.1802084
0.4654361 0.1903594
0.4723489 0.2005103
0.4792617 0.2106613
0.4861745 0.2208122
0.4930872 0.2309632
0.5 0.2411141
0.5025536 0.2512433
0.5097246 0.2608998
0.5168955 0.2705563
0.5240664 0.2802128
0.5312374 0.2898693
0.5384083 0.2995258
0.5455793 0.3091823
0.5527759 0.3187841
0.5602915 0.3277069
0.567807 0.3366297
0.5753226 0.3455525
0.5828381 0.3544753
0.5903536 0.363398
0.5978692 0.3723208
0.6053847 0.3812436
0.6129197 0.3901193
0.6207561 0.3982646
0.6285926 0.40641
0.6364291 0.4145553
0.6442655 0.4227007
0.6521389 0.4307448
0.6602142 0.4382356
0.6682894 0.4457265
0.6763647 0.4532173
0.6844159 0.4607771
0.6924435 0.4684047
0.700471 0.4760322
0.7085727 0.483441
0.7167574 0.490605
0.7248698 0.497962
0.7324689 0.5
