0.2260023 0.2647203
0.2310803 0.2474158
0.2380093 0.2316024
0.2455473 0.2165943
0.2532767 0.2018829
0.2615284 0.1879813
0.2697801 0.1740797
0.2780318 0.160178
0.2859298 0.1457188
0.2936143 0.1309232
0.3020254 0.1175469
0.3118417 0.1069157
0.3226342 0.1008206
0.3339669 0.1037755
0.3429002 0.116162
0.351597 0.1292711
0.3601569 0.1426136
0.3680424 0.1571059
0.3759279 0.1715983
0.3838134 0.1860907
0.3921398 0.1998459
0.4006808 0.2132425
0.4092217 0.2266392
0.4177627 0.2400358
0.4265249 0.2530032
0.4355951 0.2653732
0.4446653 0.2777432
0.4537355 0.2901131
0.4628057 0.3024831
0.4718759 0.3148531
0.4811611 0.3267524
0.4905806 0.338358
0.5 0.3499636
0.5068461 0.3615692
0.5162655 0.3731748
0.525685 0.3847804
0.5351044 0.396386
0.5445238 0.4079916
0.5539432 0.4195972
0.5633985 0.4311198
0.5728688 0.4426071
0.5823391 0.4540945
0.5918095 0.4655819
0.6012798 0.4770692
0.6107501 0.4885566
0.6202387 0.5
0.6299179 0.5094296
0.6395972 0.5204116
0.6492765 0.5313936
0.6589558 0.5423756
0.668635 0.5533577
0.6783143 0.5643397
0.6883096 0.5744692
0.698414 0.5843046
0.7085184 0.59414
0.7186227 0.6039754
0.7287272 0.6138108
0.7388361 0.623633
0.7489682 0.633387
0.7591003 0.643141
0.7692324 0.6528951
0.7798567 0.660932
0.7906917 0.6682335
0.8010911 0.6769302
