0.1932114 0.3432798
0.2012954 0.3217651
0.2078812 0.2967283
0.2149664 0.2725211
0.2208891 0.2460024
0.2287196 0.2230144
0.2365966 0.2001356
0.2445251 0.1773773
0.2526469 0.1551004
0.2607195 0.1327921
0.2707264 0.1241152
0.2818945 0.1315654
0.2926245 0.1442927
0.3026482 0.1604538
0.3126431 0.176755
0.32287 0.1919763
0.3334122 0.2057312
0.3439543 0.2194861
0.3544964 0.233241
0.3650031 0.2471739
0.3753808 0.2617558
0.3857584 0.2763376
0.396136 0.2909194
0.4065137 0.3055013
0.4168913 0.3200831
0.427269 0.334665
0.4376466 0.3492468
0.4480242 0.3638287
0.4584019 0.3784105
0.468806 0.3928616
0.4792749 0.406992
0.4897439 0.4211225
0.5 0.4352529
0.510469 0.4493833
0.5209379 0.4635138
0.5314068 0.4776442
0.5418758 0.4917746
0.5523447 0.5
0.5629997 0.5131019
0.5738332 0.5252177
0.5846667 0.5373335
0.5955001 0.5494492
0.6063336 0.5615649
0.617167 0.5736806
0.6281384 0.5848389
0.6393477 0.5943455
0.6505571 0.603852
0.6617664 0.6133585
0.6729757 0.6228651
0.6841851 0.6323716
0.6952518 0.6429307
0.706261 0.6539152
0.7172702 0.6648996
0.7282794 0.6758841
0.7392885 0.6868685
0.7504749 0.6965352
0.7617006 0.7059091
0.7729262 0.7152831
0.7841634 0.724562
0.7954286 0.7336072
0.806705 0.7425569
0.8180175 0.7511095
0.8297129 0.7549244
0.8284456 0.7508928
