0.1987514 0.4164943
0.1987514 0.3997175
0.200357 0.3830228
0.207 0.3668084
0.2162181 0.3510301
0.222699 0.3348565
0.2262537 0.3182246
0.2330217 0.3021234
0.2407517 0.2862196
0.2444105 0.2696257
0.25279 0.2537332
0.2657799 0.2390639
0.2700772 0.2225263
0.2793595 0.2067596
0.2860097 0.1905859
0.2941461 0.1748064
0.3098698 0.16201
0.3234316 0.1586667
0.3340113 0.1735009
0.3424826 0.1892263
0.3474439 0.2057114
0.3612621 0.220079
0.3772438 0.2335971
0.3849864 0.2496512
0.3993821 0.2638779
0.4115152 0.2788599
0.4228975 0.2940925
0.4359412 0.3087963
0.449762 0.3232379
0.4635588 0.3376841
0.4757059 0.3526897
0.4878529 0.3676953
0.5 0.3827009
0.5124814 0.3968889
0.5294491 0.4099893
0.5419923 0.4247085
0.5524391 0.4401948
0.5656164 0.4548518
0.5790923 0.4694181
0.5906327 0.4845797
0.6013322 0.5
0.61268 0.5052403
0.6244336 0.5203649
0.6361874 0.5354896
0.6479411 0.5506142
0.6570868 0.5663909
0.6656762 0.5823067
0.6752583 0.5979978
0.6859366 0.6134012
0.6991275 0.6280667
0.7071486 0.643993
0.7140914 0.6601962
0.7245381 0.6756824
0.735169 0.6911197
0.7462004 0.7064505
0.7557845 0.7221472
0.7703253 0.7362092
0.7846689 0.7504322
0.8001891 0.7641218
0.8157982 0.7777731
0.8320016 0.7908984
0.8488852 0.8035389
0.8604814 0.8170166
0.8653649 0.8032563
