0.2381228 0.319942
0.2411792 0.3035034
0.2449134 0.287173
0.2509741 0.2719656
0.2578135 0.2571341
0.2646529 0.2423025
0.2714923 0.227471
0.2793863 0.2134562
0.2879637 0.1999708
0.2965412 0.1864853
0.3051187 0.1729999
0.3136961 0.1595145
0.3222736 0.146029
0.3308515 0.132544
0.3403981 0.1200192
0.3499447 0.1074944
0.3596391 0.09513772
0.3703748 0.0985249
0.3785134 0.1123919
0.3870064 0.1259117
0.396826 0.1381327
0.4066455 0.1503536
0.416465 0.1625746
0.4262846 0.1747956
0.4361041 0.1870165
0.4457705 0.1993989
0.4547295 0.2125267
0.4636885 0.2256545
0.4726475 0.2387823
0.4816065 0.2519101
0.4905656 0.2650378
0.4995246 0.2781656
0.5 0.2912934
0.508959 0.3044212
0.5179181 0.317549
0.5269893 0.3305572
0.5369183 0.3426516
0.5468475 0.354746
0.5567765 0.3668404
0.5667056 0.3789347
0.5766348 0.3910291
0.5865638 0.4031235
0.5964929 0.4152179
0.6064219 0.4273123
0.6163511 0.4394067
0.6262801 0.451501
0.6362092 0.4635954
0.6461383 0.4756898
0.6560172 0.4878425
0.665892 0.5
0.6757667 0.5078035
0.6856415 0.519961
0.6955162 0.5321186
0.7053909 0.5442761
0.7152656 0.5564336
0.7251405 0.5685911
0.7347592 0.5810357
0.7443284 0.5935359
0.7538977 0.6060361
0.763467 0.6185363
0.7730362 0.6310365
0.7827978 0.6433041
0.7934051 0.6545497
