0.2688438 0.501545
0.2688438 0.4627935
0.2702479 0.4191039
0.2737833 0.3771066
0.2737833 0.3323021
0.2745251 0.2876595
0.2754298 0.2430525
0.2759459 0.198435
0.2770764 0.1540401
0.2770764 0.1092356
0.2841724 0.1028807
0.29376 0.1185151
0.3036607 0.1298248
0.3135614 0.1411344
0.3234621 0.1524441
0.3333375 0.164142
0.3431097 0.1774221
0.3528819 0.1907021
0.3626542 0.2039821
0.3724265 0.2172622
0.3822256 0.2301417
0.3920843 0.2421333
0.4019431 0.254125
0.4118018 0.2661166
0.4216605 0.2781083
0.4315193 0.2900999
0.4413529 0.3024666
0.4511274 0.3157146
0.4609019 0.3289626
0.4706765 0.3422106
0.480451 0.3554586
0.4902255 0.3687065
0.5 0.3819545
0.503068 0.3945851
0.5130158 0.4050718
0.5229636 0.4155585
0.5329114 0.4260451
0.5428592 0.4365318
0.552807 0.4470185
0.5627548 0.4575051
0.5727026 0.4679918
0.5826504 0.4784784
0.5926227 0.4884794
0.602656 0.4972663
0.6126893 0.5
0.6227227 0.5087869
0.632756 0.5175738
0.6427894 0.5263607
0.6528226 0.5351475
0.662856 0.5439344
0.6730202 0.548923
0.6831989 0.5534944
0.6933775 0.5580658
0.7035562 0.5626371
0.7137348 0.5672085
0.7239134 0.5717798
0.7340293 0.5783086
0.744102 0.5861849
0.7541747 0.594061
0.7642474 0.6019373
0.7743212 0.6097836
0.7844635 0.6157052
0.7946057 0.6216267
0.8038031 0.6385322
