0.2758309 0.186519
0.279981 0.1734419
0.2847163 0.1608533
0.2906153 0.1492361
0.2967806 0.1379185
0.303259 0.1269528
0.3097309 0.1159792
0.3161515 0.104944
0.3225721 0.09390876
0.3294139 0.08340687
0.3362733 0.07292736
0.3431328 0.06244782
0.3522022 0.05648467
0.3620049 0.05406722
0.3716113 0.05819485
0.3809127 0.06347609
0.3900189 0.06949568
0.3991251 0.0755153
0.4082313 0.08153489
0.4173375 0.08755448
0.4264438 0.09357411
0.4346713 0.1016301
0.4425029 0.1106036
0.4503344 0.1195771
0.4580275 0.1287682
0.4649893 0.1391085
0.471951 0.1494488
0.4789127 0.1597891
0.4858744 0.1701294
0.4928361 0.1804696
0.5 0.1905205
0.5026283 0.2004981
0.5098434 0.2104757
0.5170585 0.2204533
0.5242736 0.2304308
0.5315567 0.2403035
0.5390527 0.2498468
0.5465487 0.2593901
0.5540447 0.2689334
0.5615407 0.2784768
0.5687951 0.2883622
0.5753712 0.2992079
0.5819473 0.3100537
0.5885234 0.3208994
0.5950995 0.3317452
0.6016756 0.342591
0.6082517 0.3534367
0.6150405 0.3639928
0.62227 0.373949
0.6294995 0.3839052
0.636729 0.3938615
0.6439584 0.4038177
0.6511391 0.4138452
0.6582309 0.4240025
0.6653228 0.4341598
0.6724145 0.4443171
0.6797857 0.4540363
0.6874905 0.4632323
0.6951952 0.4724283
0.7028999 0.4816243
0.7106047 0.4908203
0.7183187 0.5
0.7261503 0.5043026
