0.2308771 0.471374
0.2336327 0.4412369
0.2408624 0.4166647
0.2456309 0.3879216
0.2515898 0.3608383
0.2574836 0.3336496
0.2633559 0.3064259
0.2689593 0.2788041
0.2741389 0.2505541
0.2798743 0.223167
0.2861373 0.1965989
0.2927566 0.1707062
0.2991371 0.1444802
0.3043166 0.1162303
0.3153627 0.1199415
0.3253455 0.1359554
0.3353284 0.1519693
0.3459657 0.164391
0.3566753 0.1764168
0.3673848 0.1884425
0.3780943 0.2004683
0.3887078 0.2130942
0.3992237 0.2263299
0.4097396 0.2395656
0.4202554 0.2528013
0.4307713 0.266037
0.4412872 0.2792727
0.4518031 0.2925083
0.4625326 0.3043455
0.4733846 0.3153805
0.4842366 0.3264155
0.4950886 0.3374506
0.5 0.3484856
0.510852 0.3595206
0.521704 0.3705556
0.5325447 0.3816695
0.543275 0.3935572
0.5540052 0.4054448
0.5647355 0.4173324
0.5754657 0.4292201
0.5861959 0.4411077
0.5969262 0.4529953
0.6076564 0.4648829
0.6183866 0.4767706
0.6291529 0.4884127
0.6399272 0.5
0.6507015 0.5026487
0.6614758 0.514236
0.6722502 0.5258233
0.6830245 0.5374106
0.6937988 0.5489979
0.7045732 0.5605853
0.7153475 0.5721725
0.7259336 0.5849538
0.7364289 0.5983103
0.7469242 0.6116669
0.7574195 0.6250235
0.7678182 0.6389248
0.7781774 0.6530498
0.7885486 0.6671019
0.7993021 0.678832
0.8099774 0.6909922
0.820501 0.7028561
