0.2123154 0.5150594
0.2193771 0.4966792
0.2261143 0.4697332
0.2343715 0.4475545
0.2410361 0.42045
0.2481619 0.3946368
0.2557878 0.3702362
0.2630515 0.3449998
0.2690402 0.3175892
0.2768382 0.2955427
0.2874821 0.2975954
0.2972742 0.3120562
0.3071563 0.3258278
0.3172543 0.3379443
0.3273524 0.3500608
0.3374505 0.3621772
0.3476427 0.373457
0.3578364 0.3847244
0.36803 0.3959919
0.3782237 0.4072593
0.3884173 0.4185268
0.3986109 0.4297942
0.4088046 0.4410617
0.4189675 0.4526052
0.4290966 0.4644539
0.4392256 0.4763026
0.4493547 0.4881513
0.4594838 0.5
0.4696128 0.5042122
0.4797419 0.5160609
0.4898709 0.5279096
0.5 0.5397583
0.5057697 0.551607
0.5158987 0.5634557
0.5260278 0.5753044
0.5361568 0.5871531
0.5462556 0.5992621
0.5563411 0.6114856
0.5664266 0.6237091
0.576512 0.6359327
0.5865975 0.6481562
0.596683 0.6603798
0.6067684 0.6726034
0.6168539 0.684827
0.6269394 0.6970505
0.6371101 0.7085074
0.6473414 0.7194196
0.6575727 0.7303319
0.667804 0.7412442
0.6780354 0.7521565
0.6882667 0.7630688
0.698498 0.7739811
0.7087293 0.7848934
0.7189929 0.7954837
0.7293007 0.8056319
0.7396085 0.8157801
0.7499164 0.8259283
0.7602242 0.8360766
0.7705152 0.8463902
0.7807142 0.857608
0.7909132 0.8688257
0.8011122 0.8800435
0.8113111 0.8912612
