0.2743964 0.2307092
0.2815678 0.2194118
0.2887391 0.2081144
0.2949762 0.1963117
0.3008142 0.1842931
0.3066522 0.1722746
0.3126169 0.1603169
0.3186681 0.148401
0.3247193 0.1364851
0.3308518 0.1246102
0.3371538 0.112821
0.3434558 0.1010317
0.3517027 0.09057707
0.3610582 0.08134615
0.3682745 0.09114775
0.3755389 0.1023873
0.3817723 0.1142017
0.3878236 0.1261176
0.3938748 0.1380335
0.399926 0.1499495
0.4059773 0.1618654
0.4120285 0.1737813
0.4185052 0.1854561
0.425929 0.1965943
0.4333529 0.2077324
0.4407767 0.2188706
0.4482006 0.2300088
0.4557806 0.2410437
0.4634462 0.2520219
0.4711119 0.2630001
0.4787776 0.2739783
0.4864433 0.2849565
0.4942344 0.2958487
0.5 0.3067326
0.5078031 0.3176166
0.5156062 0.3285006
0.5234092 0.3393845
0.5321034 0.3495814
0.5409653 0.359649
0.5498271 0.3697166
0.5586889 0.3797842
0.5675508 0.3898517
0.5764127 0.3999193
0.5852745 0.4099869
0.5945492 0.4196759
0.6041171 0.4290963
0.613685 0.4385167
0.6232527 0.447937
0.6328206 0.4573574
0.6424899 0.4666733
0.6524761 0.4756629
0.6624624 0.4846524
0.6724485 0.493642
0.6824348 0.5
0.692421 0.5089895
0.7024868 0.5178918
0.7126446 0.526693
0.7228025 0.5354941
0.7329604 0.5442953
0.7430201 0.5532033
0.7529355 0.5622686
0.7628937 0.5712856
0.773366 0.5797219
