0.2781475 0.3238607
0.2792567 0.3016378
0.2832845 0.281169
0.2876616 0.2611024
0.2915503 0.2404549
0.2970134 0.2219509
0.3016721 0.2022751
0.3061516 0.1824175
0.3127978 0.1663381
0.3189416 0.1492293
0.3244047 0.1307253
0.3305631 0.1135525
0.3368183 0.09658831
0.3444196 0.08424777
0.3489521 0.07175851
0.3579622 0.07710007
0.3667954 0.0848712
0.3754598 0.09365416
0.3840488 0.1028896
0.3926378 0.1121251
0.4010981 0.1219819
0.4092989 0.1330926
0.4174996 0.1442033
0.4257004 0.155314
0.4339011 0.1664247
0.4421244 0.1774369
0.4503758 0.1883258
0.4586272 0.1992148
0.4668786 0.2101038
0.47513 0.2209927
0.4833815 0.2318816
0.4916365 0.2427537
0.5 0.2531303
0.5073701 0.2635068
0.5157336 0.2738833
0.5240971 0.2842597
0.5324605 0.2946362
0.5408239 0.3050128
0.5491874 0.3153893
0.557575 0.3256504
0.5659819 0.3358199
0.5743886 0.3459894
0.5827954 0.3561589
0.5912023 0.3663284
0.599609 0.3764979
0.6080158 0.3866674
0.6163198 0.3973141
0.624578 0.4081726
0.6328363 0.4190311
0.6410946 0.4298896
0.6493528 0.4407481
0.6576111 0.4516066
0.6658694 0.4624651
0.6741276 0.4733236
0.6823859 0.4841822
0.6911119 0.4924879
0.6999832 0.5
0.7088546 0.5018672
0.7177155 0.5094495
0.7265161 0.517434
0.7353168 0.5254184
0.7438173 0.5347281
0.7519839 0.5448694
0.7580876 0.5470471
