0.236329 0.2841979
0.2444708 0.2694488
0.2510365 0.2515062
0.2587153 0.2352591
0.2631993 0.2147778
0.26858 0.1951706
0.2738096 0.1754162
0.2783093 0.1549492
0.2834 0.1350188
0.2899717 0.1168801
0.2927656 0.09570128
0.3033364 0.09467685
0.3128077 0.1070372
0.3220721 0.1199289
0.3306742 0.1345227
0.3392763 0.1491165
0.3478783 0.1637103
0.3571436 0.1766
0.3666149 0.1889603
0.3760862 0.2013207
0.3855575 0.213681
0.3950288 0.2260414
0.4044926 0.2384234
0.4138727 0.2510473
0.4232528 0.2636712
0.4326329 0.2762952
0.4420131 0.2889191
0.4513932 0.3015431
0.4607733 0.314167
0.4703009 0.3263296
0.4802006 0.3373286
0.4901003 0.3483276
0.5 0.3593266
0.5037416 0.3703256
0.5136413 0.3813245
0.523541 0.3923235
0.5334407 0.4033225
0.5433584 0.4142592
0.5532796 0.4251837
0.5632008 0.4361081
0.573122 0.4470326
0.5830432 0.457957
0.5929645 0.4688815
0.602963 0.4795254
0.6130736 0.4897627
0.6231843 0.5
0.6332949 0.5014569
0.6434056 0.5116941
0.6535163 0.5219315
0.6637211 0.5318005
0.6739676 0.5415061
0.6842142 0.5512117
0.6944607 0.5609173
0.7047073 0.5706229
0.7149539 0.5803284
0.7253857 0.5892234
0.7359113 0.5977076
0.746437 0.6061919
0.7566541 0.6158972
0.7664866 0.6271249
0.7763317 0.6382982
0.7871306 0.6453447
0.792768 0.6484935
0.7841623 0.6343057
