0.1907472 0.4646324
0.2033051 0.4538694
0.2123939 0.4382145
0.2227563 0.4227291
0.2324178 0.4080569
0.2412055 0.394246
0.248329 0.3783399
0.2611666 0.3654847
0.2674736 0.3488055
0.2760017 0.3328942
0.2874579 0.3189141
0.2973969 0.3042177
0.304877 0.2879714
0.3180557 0.2756936
0.3255068 0.2593274
0.3349254 0.2455019
0.3464414 0.2379456
0.3563718 0.2513017
0.3630351 0.2683156
0.3752493 0.2813747
0.3839155 0.2977627
0.3920349 0.3143107
0.4052985 0.3275966
0.4120107 0.3447625
0.4200601 0.3613613
0.4296711 0.3772873
0.4403799 0.392579
0.448171 0.4093336
0.4618521 0.42238
0.4695891 0.4391688
0.4820836 0.4532462
0.4931355 0.4683351
0.5 0.4838074
0.5090018 0.5
0.5178723 0.5025918
0.5279776 0.5182545
0.538373 0.5337519
0.5496788 0.5486698
0.5620754 0.5610765
0.5685741 0.5777883
0.5770378 0.5942414
0.5869963 0.6086993
0.5961683 0.6238806
0.6042936 0.63459
0.6144349 0.6464878
0.6266332 0.6562601
0.6373196 0.6691071
0.6515941 0.6801974
0.6584624 0.6935512
0.671691 0.7048016
0.682951 0.7167716
0.693894 0.7307786
0.7048447 0.743166
0.7145994 0.7557597
0.7264357 0.7685974
0.7381096 0.7829975
0.751099 0.7945632
0.7631904 0.8082342
0.7745718 0.8209182
0.7884675 0.832917
0.7974288 0.8464344
0.810135 0.8528838
0.8182603 0.866544
0.8345104 0.8716218
