0.2823699 0.3285595
0.2823699 0.3106661
0.2823699 0.2927728
0.2823699 0.2748795
0.2823699 0.2569862
0.2854069 0.2396559
0.2887501 0.2223823
0.2920932 0.2051088
0.2954362 0.1878352
0.2987793 0.1705617
0.3023532 0.1533799
0.306035 0.1362413
0.3097169 0.1191026
0.3145367 0.1025406
0.3231236 0.1038139
0.3327666 0.1155967
0.3424096 0.1273795
0.3518926 0.1394108
0.3613078 0.1515475
0.370723 0.1636842
0.3801382 0.1758209
0.3895535 0.1879576
0.3995216 0.1991914
0.4095678 0.2102978
0.419614 0.2214042
0.4296602 0.2325107
0.4397063 0.2436171
0.4497525 0.2547235
0.4597987 0.26583
0.4698449 0.2769364
0.4798945 0.2880367
0.4899473 0.2991316
0.5 0.3102264
0.5044445 0.3213212
0.5144973 0.3324161
0.52455 0.3435109
0.5346028 0.3546057
0.5446555 0.3657006
0.5547082 0.3767954
0.564761 0.3878902
0.5748137 0.3989851
0.5852153 0.4094234
0.5957338 0.4196417
0.6062522 0.4298599
0.6167707 0.4400781
0.6272892 0.4502964
0.6378076 0.4605146
0.6483261 0.4707329
0.6588446 0.4809511
0.669363 0.4911694
0.6798815 0.5
0.6904 0.5102183
0.7008325 0.5206017
0.7110499 0.5313994
0.7212672 0.542197
0.7314846 0.5529945
0.741702 0.5637921
0.7519194 0.5745897
0.7621367 0.5853873
0.7723299 0.5962294
0.782522 0.6070735
0.792714 0.6179177
0.803358 0.6277493
