0.2603212 0.2195069
0.2653817 0.2042224
0.2705758 0.1891061
0.2771534 0.1757341
0.283731 0.1623622
0.2899502 0.1485091
0.2955212 0.1337859
0.3010922 0.1190628
0.3073573 0.1053874
0.3147607 0.09343046
0.3221225 0.08139667
0.3302124 0.07213771
0.3400351 0.07192978
0.3486471 0.0810338
0.3572592 0.09013781
0.3658712 0.09924179
0.374346 0.1087358
0.3828052 0.1182744
0.3912644 0.127813
0.3997236 0.1373515
0.4080189 0.1473236
0.4162764 0.1573958
0.4245339 0.1674679
0.4327914 0.1775401
0.4410304 0.187659
0.4492478 0.1978326
0.4574651 0.2080063
0.4656824 0.21818
0.4738998 0.2283536
0.4821171 0.2385273
0.4901566 0.2490943
0.4976217 0.2609316
0.5 0.272769
0.5074651 0.2846063
0.5149302 0.2964436
0.5223954 0.3082809
0.5306104 0.3183476
0.5391759 0.3275871
0.5477413 0.3368267
0.5563067 0.3460662
0.5648721 0.3553057
0.5734376 0.3645452
0.582003 0.3737847
0.5905684 0.3830242
0.5988297 0.3930732
0.6070022 0.4033582
0.6151748 0.4136432
0.6233473 0.4239282
0.6315231 0.4342051
0.6397806 0.4442772
0.6480382 0.4543494
0.6562957 0.4644216
0.6645532 0.4744938
0.6728787 0.4843897
0.6812352 0.4942051
0.6895917 0.5
0.6979769 0.5097375
0.7064684 0.5191865
0.7149599 0.5286355
0.7235103 0.5379004
0.7324933 0.5458138
0.7414763 0.5537273
0.7500154 0.5628364
0.7583716 0.5710464
