0.2934477 0.3118563
0.2934477 0.2869292
0.2940259 0.2620797
0.2952756 0.2374294
0.2977413 0.2134627
0.3018872 0.1911672
0.3041411 0.1670655
0.3068699 0.1432947
0.3100261 0.1198585
0.3119508 0.09549466
0.3146485 0.07178965
0.321592 0.05856121
0.3300037 0.06834424
0.3383002 0.07946587
0.3467242 0.08987293
0.3551482 0.10028
0.3635722 0.1106871
0.3719962 0.1210941
0.3804201 0.1315012
0.3888575 0.1418293
0.3973116 0.1520585
0.4057657 0.1622877
0.4142197 0.1725169
0.4226738 0.1827461
0.4311278 0.1929753
0.4396517 0.2027607
0.4482715 0.211935
0.4568914 0.2211094
0.4655113 0.2302838
0.4741312 0.2394581
0.482751 0.2486325
0.4913709 0.2578069
0.5 0.266918
0.5085627 0.2759017
0.5172103 0.2848854
0.5258579 0.2938691
0.5345055 0.3028529
0.5431532 0.3118365
0.5518007 0.3208203
0.5603496 0.330459
0.5688816 0.340209
0.5774136 0.349959
0.5859456 0.359709
0.5944776 0.369459
0.6030096 0.3792089
0.6118706 0.3864763
0.6207736 0.3934263
0.6296766 0.4003762
0.6385795 0.4073261
0.6473361 0.4154058
0.6559165 0.424844
0.6644968 0.4342822
0.6731341 0.443288
0.6820138 0.4504507
0.6908934 0.4576135
0.6996852 0.4654525
0.7082927 0.4747102
0.7169198 0.4838243
0.7257971 0.4908142
0.7348015 0.4964284
0.7324502 0.5
0.7239292 0.4901807
0.7155083 0.4797561
0.707091 0.4693102
