0.2285534 0.3718714
0.2354847 0.3554584
0.2425189 0.3391209
0.2498827 0.3230252
0.2572464 0.3069295
0.2646102 0.2908337
0.2718829 0.2746694
0.2791053 0.2584672
0.2863277 0.242265
0.2935501 0.2260628
0.3007725 0.2098606
0.3079832 0.1936496
0.3151647 0.1774171
0.3223462 0.1611846
0.3295277 0.1449521
0.3377029 0.1295331
0.3463348 0.1145757
0.3544251 0.1293347
0.3634251 0.1439737
0.3724675 0.1585726
0.3815098 0.1731716
0.3905521 0.1877706
0.3995945 0.2023696
0.4086368 0.2169685
0.4183704 0.2307791
0.4284683 0.2441741
0.4385661 0.2575691
0.448664 0.2709641
0.4587619 0.2843591
0.4688598 0.2977541
0.4789577 0.3111491
0.4891944 0.3243567
0.5 0.3367963
0.5052803 0.349236
0.516086 0.3616756
0.5268916 0.3741153
0.5376973 0.3865549
0.5485029 0.3989946
0.5593085 0.4114342
0.5701142 0.4238738
0.5808194 0.4364563
0.5914356 0.449165
0.6020519 0.4618737
0.6126682 0.4745825
0.6232845 0.4872912
0.6339007 0.5
0.644517 0.5026532
0.6551332 0.515362
0.6659349 0.5278049
0.6768283 0.5401161
0.6877217 0.5524274
0.6986151 0.5647387
0.7095085 0.57705
0.7204019 0.5893612
0.7312953 0.6016725
0.7421888 0.6139838
0.7530822 0.626295
0.7638638 0.6387686
0.7745974 0.6513119
0.785331 0.6638551
0.7960646 0.6763984
0.8072063 0.6883222
0.8185092 0.7000014
