0.2901351 0.2106624
0.2901351 0.1925287
0.2933282 0.1767674
0.2983344 0.1619344
0.3025235 0.1459683
0.3066358 0.1299201
0.3105874 0.1137008
0.3146741 0.09762773
0.3189653 0.08177605
0.3229441 0.06558621
0.3298715 0.06106025
0.3380756 0.06779495
0.3461356 0.07520717
0.3541211 0.08296993
0.3621066 0.09073275
0.3700393 0.09871784
0.3779426 0.1068275
0.3858458 0.1149371
0.393749 0.1230467
0.4016522 0.1311564
0.4094962 0.1395005
0.4172822 0.1480744
0.4250682 0.1566484
0.4328542 0.1652223
0.4406402 0.1737962
0.4484262 0.1823702
0.4562122 0.1909441
0.4639039 0.1998672
0.4715758 0.208864
0.4792477 0.2178608
0.4869195 0.2268577
0.4945914 0.2358545
0.5 0.2448514
0.5076718 0.2538482
0.5153437 0.262845
0.5231122 0.2714818
0.5309175 0.2799814
0.5387229 0.2884809
0.5465282 0.2969805
0.5543335 0.3054801
0.5621388 0.3139796
0.5699441 0.3224792
0.5777495 0.3309787
0.5856293 0.3391816
0.5935325 0.3472912
0.6014357 0.3554008
0.6093389 0.3635105
0.6172421 0.3716201
0.6251453 0.3797297
0.6330122 0.3879839
0.6408087 0.3965174
0.6486052 0.4050509
0.6564018 0.4135844
0.6641982 0.4221179
0.6719948 0.4306514
0.6797913 0.4391849
0.6875849 0.4477293
0.6952318 0.4568149
0.7028788 0.4659005
0.7105258 0.4749862
0.7179167 0.4849165
0.7252688 0.4949753
0.7335334 0.5
0.7394408 0.5116449
