0.2403423 0.2654707
0.2470509 0.2516464
0.2525635 0.2367448
0.2578742 0.2217165
0.2641939 0.2073851
0.2707141 0.1931921
0.2773118 0.1790603
0.2839201 0.164937
0.2907483 0.1509971
0.297778 0.1372252
0.3048078 0.1234533
0.3111635 0.1091494
0.3181022 0.09546921
0.3263741 0.09932363
0.3344514 0.1120758
0.3426374 0.1247112
0.3509612 0.1371911
0.3593459 0.1496022
0.367889 0.1618096
0.3772662 0.1729435
0.3866435 0.1840774
0.3960207 0.1952113
0.405398 0.2063452
0.4147672 0.2174906
0.4240986 0.2286899
0.4334301 0.2398892
0.4427615 0.2510886
0.452093 0.2622879
0.4614245 0.2734872
0.4709524 0.2843953
0.4806349 0.2950741
0.4903175 0.305753
0.5 0.3164319
0.5065966 0.3271107
0.5162792 0.3377896
0.5259617 0.3484685
0.5356134 0.3591948
0.5452644 0.3699223
0.5549153 0.3806498
0.5645663 0.3913773
0.5742173 0.4021048
0.5838683 0.4128323
0.5935059 0.4235799
0.6029896 0.4345588
0.6124734 0.4455377
0.6219572 0.4565166
0.6314409 0.4674955
0.6409248 0.4784743
0.6504085 0.4894533
0.6600043 0.5
0.669708 0.5106459
0.6794118 0.5212919
0.6891155 0.5319378
0.6988193 0.5425838
0.708523 0.5532297
0.7182268 0.5638757
0.7278508 0.5746401
0.7371773 0.5858465
0.7465037 0.5970531
0.7558302 0.6082595
0.7651159 0.619523
0.7743443 0.630867
0.7835728 0.642211
0.7938619 0.651812
