0.1454348 0.4210575
0.1454348 0.4032039
0.1454348 0.3853503
0.1497425 0.3681356
0.1584363 0.351614
0.1670806 0.3354407
0.1783204 0.3208476
0.191761 0.3072168
0.2005916 0.2910245
0.2175116 0.2773699
0.2260391 0.260477
0.2383426 0.2449083
0.2549939 0.2310602
0.2702098 0.2164798
0.2834701 0.2011193
0.2974808 0.1861513
0.3091089 0.170784
0.3253765 0.1575259
0.3422486 0.1474613
0.3585743 0.1601723
0.3746554 0.174328
0.3859295 0.1904328
0.3967621 0.2067139
0.4075947 0.222995
0.4220449 0.2378561
0.4375711 0.2522949
0.4500359 0.2679925
0.4618412 0.2839612
0.4743969 0.2996583
0.4874937 0.3151596
0.5 0.3308651
0.5102135 0.3471184
0.5219094 0.3631149
0.5342605 0.3788937
0.5466115 0.3946724
0.5599299 0.4100821
0.5732189 0.425496
0.584281 0.4417063
0.5955775 0.4578279
0.6102201 0.4726829
0.6248628 0.487538
0.6359251 0.5
0.6469871 0.5162103
0.6587548 0.5321913
0.6706018 0.5481447
0.6839027 0.5635663
0.6970143 0.5790457
0.7053619 0.5959831
0.7176673 0.6116464
0.7318395 0.6267087
0.740662 0.6434265
0.7484888 0.6604754
0.7568364 0.6774128
0.7649446 0.6944025
0.7728183 0.7114434
0.7808119 0.7284569
0.7898331 0.7452356
0.7993388 0.7618864
0.8094916 0.7783666
0.8175204 0.7953227
0.8250272 0.8124106
0.8347061 0.8290065
0.8461093 0.8450974
