0.2831184 0.3200513
0.2882166 0.2973766
0.2942724 0.2766039
0.2999776 0.2545437
0.305708 0.2325645
0.3113542 0.2103245
0.3168321 0.1875632
0.3219994 0.1639525
0.3269286 0.1396901
0.3314163 0.11441
0.3361017 0.08958578
0.339573 0.06316629
0.3478536 0.06845888
0.3555535 0.08095366
0.3634019 0.092213
0.371317 0.1029163
0.3792322 0.1136197
0.3871551 0.1242521
0.3950799 0.1348666
0.4030048 0.145481
0.4109297 0.1560954
0.4188794 0.1664548
0.4269914 0.1751469
0.4351035 0.1838391
0.4432155 0.1925312
0.4513276 0.2012233
0.4594397 0.2099155
0.4675517 0.2186076
0.4756638 0.2272997
0.4837759 0.2359919
0.4918879 0.244684
0.5 0.2533761
0.5006446 0.2620683
0.5087257 0.2711076
0.5167958 0.2802699
0.5248659 0.2894322
0.532936 0.2985945
0.5410061 0.3077568
0.5490762 0.3169191
0.5571463 0.3260813
0.5652164 0.3352436
0.5732865 0.3444059
0.5813566 0.3535682
0.5894392 0.3625902
0.5975561 0.3712267
0.605673 0.3798632
0.6137898 0.3884997
0.6219067 0.3971362
0.6300236 0.4057727
0.6381404 0.4144092
0.6462573 0.4230457
0.6543738 0.4316863
0.6624761 0.4404912
0.6705783 0.4492961
0.6786805 0.458101
0.6867827 0.466906
0.694885 0.4757109
0.7029874 0.484514
0.7110928 0.4932825
0.7191982 0.5
0.7273036 0.5087686
0.7354091 0.5175371
0.7432618 0.5287262
