0.2513202 0.3856275
0.2528808 0.3661674
0.2544413 0.3467073
0.2568757 0.3275267
0.2616284 0.3090876
0.2664279 0.2906752
0.2724772 0.2729802
0.2785265 0.2552851
0.2845758 0.2375901
0.2925105 0.2214304
0.300724 0.2054976
0.3091443 0.1897839
0.3180926 0.17463
0.3270409 0.1594761
0.3359892 0.1443221
0.34494 0.1291713
0.3555534 0.1351072
0.36112 0.1531039
0.3666864 0.1711006
0.3736135 0.1881117
0.381103 0.2047153
0.3885924 0.221319
0.3963846 0.2376518
0.4042231 0.2539432
0.4120615 0.2702346
0.4200467 0.2863594
0.4300388 0.3002045
0.440031 0.3140495
0.4500231 0.3278945
0.4600153 0.3417395
0.4700074 0.3555846
0.480095 0.3692933
0.4903852 0.3827126
0.5 0.3961319
0.5102902 0.4095513
0.5205804 0.4229706
0.5308706 0.4363899
0.5411608 0.4498092
0.5516464 0.4629194
0.5626059 0.4752796
0.5735654 0.4876398
0.5845249 0.5
0.5954844 0.5081726
0.6064438 0.5205328
0.6174033 0.5328929
0.6283628 0.5452532
0.6393223 0.5576133
0.6509815 0.5686693
0.6626809 0.5796506
0.6743802 0.590632
0.6860796 0.6016132
0.6977789 0.6125945
0.7095206 0.6234875
0.721357 0.6341834
0.7331933 0.6448792
0.7450296 0.655575
0.7570263 0.6658752
0.7697744 0.6743231
0.7825225 0.6827709
0.7952706 0.6912187
0.8083025 0.6986287
0.8218898 0.7040076
0.8353895 0.7097284
