0.2717492 0.1520607
0.2792591 0.1436792
0.2865818 0.1350044
0.2925915 0.1242729
0.2997903 0.1155107
0.3076011 0.107762
0.3154119 0.1000133
0.3229351 0.09165969
0.330421 0.08323297
0.3376326 0.07429004
0.3458163 0.06783447
0.3546059 0.06292954
0.3633956 0.05802462
0.3724314 0.05513868
0.3814355 0.05719784
0.3895969 0.06405973
0.3982253 0.06956246
0.4065574 0.0759728
0.4147986 0.08266199
0.422811 0.08990014
0.4305015 0.09791097
0.4381257 0.1060497
0.4452919 0.1150731
0.4524582 0.1240964
0.4596244 0.1331197
0.4665402 0.1425645
0.4734381 0.1520395
0.480336 0.1615146
0.4870739 0.1712375
0.4937118 0.1811152
0.5 0.190993
0.5066379 0.2008707
0.5131372 0.2109482
0.5195576 0.2211393
0.525978 0.2313304
0.5323985 0.2415214
0.538933 0.2515481
0.5455709 0.2614258
0.5522088 0.2713035
0.5588467 0.2811813
0.5654846 0.291059
0.5719692 0.3011582
0.5784029 0.3113306
0.5848367 0.321503
0.5912704 0.3316754
0.5977043 0.3418477
0.6041381 0.3520201
0.6105719 0.3621925
0.6170057 0.3723649
0.6234395 0.3825373
0.6303005 0.3920713
0.6371632 0.4016028
0.6440259 0.4111342
0.6508886 0.4206657
0.6577513 0.4301972
0.6646141 0.4397286
0.6714767 0.4492601
0.6785442 0.4584256
0.6860875 0.4667405
0.6936308 0.4750554
0.7011741 0.4833702
0.7087175 0.4916851
0.7162608 0.5
