0.207447 0.3261395
0.2124657 0.3095986
0.220882 0.294457
0.2295319 0.2795351
0.2382199 0.2646491
0.2455143 0.2486017
0.2525464 0.2323357
0.2608426 0.2171232
0.2695305 0.2022371
0.2780161 0.1871607
0.2864061 0.1720005
0.2917838 0.1547238
0.3039979 0.1455307
0.3093756 0.1282539
0.3137791 0.1120568
0.3272297 0.1176601
0.3394537 0.1273395
0.3501277 0.1399131
0.3608016 0.1524867
0.371484 0.1650482
0.3824106 0.1772581
0.3933372 0.189468
0.4042639 0.2016779
0.4151905 0.2138878
0.4261172 0.2260977
0.4370438 0.2383077
0.4476047 0.2510353
0.4581164 0.2638326
0.4686282 0.2766299
0.4791399 0.2894272
0.4896517 0.3022244
0.5 0.3152374
0.5085778 0.328395
0.5188166 0.3415526
0.5290555 0.3547101
0.5392944 0.3678677
0.5495332 0.3810252
0.5594919 0.394532
0.569416 0.408082
0.57934 0.4216321
0.589264 0.4351822
0.5992857 0.4486076
0.6097599 0.4614557
0.620234 0.4743038
0.6307081 0.4871519
0.6411822 0.5
0.6516563 0.5051309
0.6621075 0.5180082
0.6719874 0.5316114
0.6818674 0.5452146
0.6917472 0.5588178
0.7016271 0.572421
0.7128582 0.5841337
0.724244 0.5956299
0.7356298 0.6071261
0.7465296 0.6192961
0.756314 0.6330128
0.7660986 0.6467295
0.7758994 0.6604249
0.7866136 0.6729417
0.797328 0.6854586
0.8079865 0.6980341
0.8154364 0.71399
