0.2467751 0.3243861
0.2524734 0.3081936
0.2575881 0.2916254
0.2639756 0.2759812
0.2708572 0.2606954
0.2777387 0.2454097
0.2845877 0.2300963
0.291268 0.2146394
0.2979483 0.1991825
0.3037874 0.1830847
0.3095941 0.166962
0.3154008 0.1508394
0.3212075 0.1347167
0.3262798 0.1181363
0.3298799 0.1008514
0.3405194 0.1077918
0.3497005 0.1205378
0.3586584 0.1335841
0.3675388 0.1467344
0.3764192 0.1598848
0.3852996 0.1730352
0.3946472 0.1855236
0.4042982 0.1975821
0.4139493 0.2096406
0.4236003 0.2216991
0.4332513 0.2337576
0.4428365 0.2459163
0.4523638 0.258163
0.461891 0.2704098
0.4714183 0.2826566
0.4809455 0.2949033
0.4904728 0.3071501
0.5 0.3193969
0.5072689 0.3314019
0.51706 0.3432408
0.5268511 0.3550797
0.5366422 0.3669186
0.5464333 0.3787575
0.5562244 0.3905964
0.5660155 0.4024353
0.5758066 0.4142742
0.5861536 0.4251505
0.5966066 0.4358433
0.6070595 0.446536
0.6175125 0.4572288
0.6279654 0.4679216
0.6384183 0.4786144
0.6488713 0.4893072
0.6593243 0.5
0.6697772 0.5013552
0.6798363 0.5127506
0.6898695 0.5241921
0.6999027 0.5356337
0.7099358 0.5470753
0.7199691 0.5585169
0.7300023 0.5699584
0.7400465 0.5813811
0.7501854 0.5926416
0.7603244 0.6039022
0.7704632 0.6151627
0.7804669 0.62665
0.7903251 0.6383809
0.8011318 0.6482852
