0.2144949 0.2641574
0.2141972 0.2494204
0.2127017 0.2347183
0.2113712 0.2200113
0.2113712 0.2052657
0.2113712 0.1905201
0.2172902 0.1771297
0.217651 0.1624617
0.2238515 0.1492059
0.2332374 0.1373779
0.2413768 0.1264363
0.2543974 0.1169427
0.2712654 0.1112669
0.2901731 0.1091675
0.3080938 0.105892
0.3255751 0.1022072
0.3406442 0.09644336
0.3588499 0.09408119
0.3770557 0.091719
0.3965553 0.091719
0.4123083 0.09957501
0.4249253 0.1107279
0.4381685 0.1214926
0.4499821 0.1330456
0.459452 0.1459356
0.4688149 0.1588702
0.4781523 0.1718153
0.4889006 0.1841027
0.5 0.1962264
0.5006273 0.208389
0.5114438 0.2206582
0.5222602 0.2329272
0.5321882 0.24558
0.5406657 0.2588592
0.5491431 0.2721384
0.5576206 0.2854176
0.5660981 0.2986967
0.574151 0.3121102
0.5807095 0.3259968
0.5872679 0.3398834
0.5956419 0.3531841
0.6043624 0.3663729
0.6130829 0.3795618
0.6219209 0.3927048
0.6310972 0.4057156
0.6402735 0.4187265
0.6480143 0.4322151
0.6545042 0.4461201
0.6609941 0.460025
0.6689259 0.4734671
0.6776464 0.486656
0.6858123 0.5
0.6905416 0.5036145
0.6960496 0.5176833
0.7057242 0.530486
0.7153987 0.5432888
0.7234491 0.5566682
0.7302582 0.5704855
0.7369221 0.5843433
0.7439224 0.5981005
0.751555 0.6116691
0.7591636 0.6252355
0.7665265 0.6388496
0.77262 0.6526732
