0.3033773 0.3311796
0.3022524 0.3152403
0.3027952 0.2988142
0.303338 0.2823882
0.3063668 0.2665113
0.3095897 0.2506772
0.3128126 0.2348432
0.3168586 0.2193969
0.3213685 0.2041691
0.3258783 0.1889413
0.3303882 0.1737136
0.3350378 0.1585656
0.3396952 0.1434221
0.3443526 0.1282786
0.3493574 0.1133623
0.3549501 0.09883007
0.3605428 0.08429793
0.367883 0.08683658
0.3759235 0.09900343
0.3839292 0.1112131
0.3918196 0.1235645
0.39971 0.1359159
0.4076004 0.1482674
0.4154908 0.1606188
0.4233813 0.1729702
0.4317036 0.1847589
0.4402406 0.1962679
0.4487777 0.2077768
0.4573147 0.2192858
0.4658518 0.2307947
0.4743888 0.2423036
0.4829259 0.2538126
0.4914629 0.2653216
0.5 0.2768305
0.508598 0.2873046
0.5179632 0.2975222
0.5273285 0.3077398
0.5366938 0.3179574
0.546059 0.328175
0.5554242 0.3383926
0.5647894 0.3486102
0.5741546 0.3588278
0.5835198 0.3690454
0.5930251 0.3790083
0.6027195 0.3886275
0.6124138 0.3982468
0.6221081 0.407866
0.6318024 0.4174853
0.6414967 0.4271045
0.6511911 0.4367238
0.6608853 0.446343
0.6705797 0.4559623
0.680274 0.4655815
0.6901134 0.4749172
0.6999688 0.4842214
0.7098243 0.4935256
0.7196798 0.5
0.7295353 0.5093042
0.7393909 0.5186083
0.7492463 0.5279125
0.7590706 0.537275
0.7684523 0.5474638
0.7778341 0.5576527
