0.2081278 0.302808
0.211494 0.2815462
0.2169098 0.2614141
0.2226855 0.2414861
0.2285953 0.221656
0.234505 0.2018259
0.2414933 0.1829573
0.2494259 0.1650246
0.2597883 0.151618
0.2732826 0.1559589
0.283924 0.1690371
0.293496 0.1849075
0.3030678 0.2007777
0.3126397 0.216648
0.3225539 0.2319777
0.3326044 0.2470922
0.3426549 0.2622068
0.3527053 0.2773214
0.3615688 0.2941113
0.3699572 0.3115716
0.3783456 0.329032
0.386734 0.3464924
0.3951224 0.3639528
0.4043573 0.3802712
0.4139692 0.3960812
0.4235809 0.4118912
0.4331928 0.4277012
0.4428045 0.4435112
0.4533471 0.4577493
0.4639813 0.4718329
0.4746155 0.4859164
0.4852496 0.5
0.4958837 0.5090293
0.5 0.5225912
0.511403 0.5350852
0.522806 0.5475792
0.534209 0.5600731
0.545612 0.5725671
0.557015 0.5850611
0.568418 0.597555
0.579821 0.6100491
0.5913309 0.622255
0.6038082 0.6318536
0.6162854 0.6414522
0.6287627 0.6510508
0.6412399 0.6606494
0.6537173 0.670248
0.6661873 0.6798697
0.6786013 0.6896709
0.6910152 0.699472
0.7034292 0.7092732
0.7158431 0.7190744
0.7282571 0.7288756
0.7412184 0.7366675
0.754262 0.7441572
0.7673056 0.7516469
0.7803493 0.7591366
0.7933943 0.7666191
0.8065033 0.7738191
0.8196121 0.7810189
0.832721 0.7882189
0.8457147 0.795913
0.8586502 0.8038564
