0.2779528 0.1949885
0.2768738 0.1782677
0.2746345 0.1621393
0.2751152 0.1449079
0.2761343 0.1277218
0.278776 0.1110778
0.2822685 0.0950326
0.2888247 0.08176401
0.2965925 0.07477474
0.3066385 0.07789218
0.3156895 0.08597344
0.3247404 0.0940547
0.3337914 0.102136
0.3429994 0.1096943
0.352218 0.1172172
0.3614367 0.1247401
0.3706553 0.1322631
0.3798739 0.139786
0.3889655 0.1477131
0.3978284 0.1563669
0.4066913 0.1650207
0.4155542 0.1736745
0.4244171 0.1823283
0.4332801 0.1909821
0.442143 0.199636
0.4508427 0.2087062
0.4590355 0.2190693
0.4672284 0.2294324
0.4754213 0.2397955
0.4836142 0.2501586
0.4918071 0.2605217
0.5 0.2708848
0.5066472 0.2804998
0.5152453 0.2898827
0.5238435 0.2992657
0.5324416 0.3086486
0.5410397 0.3180316
0.5496378 0.3274145
0.5581824 0.3369302
0.566516 0.3469692
0.5748495 0.3570083
0.5831831 0.3670474
0.5915166 0.3770864
0.5998501 0.3871254
0.6081836 0.3971645
0.6165172 0.4072036
0.6248507 0.4172426
0.6333418 0.4268965
0.641863 0.4364772
0.6503841 0.4460579
0.6589052 0.4556385
0.6673949 0.4652959
0.6757284 0.4753349
0.684062 0.485374
0.6923956 0.4954131
0.7007291 0.5
0.7094316 0.5091041
0.7181393 0.5181952
0.7268469 0.5272864
0.7355546 0.5363774
0.7447077 0.5441223
0.7538676 0.5518464
0.7630275 0.5595707
