0.2940017 0.340749
0.2950949 0.3145288
0.2983519 0.2895852
0.3015117 0.2645263
0.3046526 0.2394491
0.3082143 0.2148995
0.3113881 0.1898889
0.3141613 0.1644025
0.3171396 0.1391349
0.3201366 0.1138873
0.3235275 0.08929342
0.3269622 0.06576148
0.3354897 0.06460506
0.3440348 0.07064593
0.35258 0.0766868
0.3608705 0.08537838
0.3691218 0.0944781
0.3773731 0.1035778
0.3856245 0.1126775
0.3938388 0.1220797
0.4020084 0.1318463
0.4101781 0.1416129
0.4183478 0.1513795
0.4265174 0.1611461
0.4346871 0.1709127
0.4428568 0.1806792
0.4510254 0.1904539
0.4591879 0.2002772
0.4673503 0.2101005
0.4755127 0.2199238
0.4836752 0.2297471
0.4918376 0.2395703
0.5 0.2493936
0.5053658 0.2592168
0.5135282 0.2690401
0.5216907 0.2788634
0.5298676 0.2885679
0.5381265 0.2976036
0.5463852 0.3066393
0.554644 0.315675
0.5629029 0.3247107
0.5711617 0.3337464
0.5794205 0.3427821
0.5876793 0.3518178
0.5959381 0.3608534
0.604197 0.3698892
0.6124945 0.3785636
0.6208944 0.3862832
0.6292942 0.3940029
0.6376941 0.4017225
0.646094 0.4094421
0.6544938 0.4171617
0.6628937 0.4248813
0.6712935 0.4326009
0.6796934 0.4403205
0.6880932 0.4480401
0.6964931 0.4557597
0.7046689 0.4654446
0.7128114 0.475422
0.7209539 0.4853994
0.7291718 0.4947159
0.7375717 0.5
0.7458277 0.5089812
0.7441914 0.5167922
