0.2683491 0.2506485
0.269454 0.2297953
0.2719882 0.2092979
0.2735673 0.1884535
0.2766479 0.1688737
0.2824438 0.1512939
0.2847452 0.1308597
0.2874931 0.1106646
0.2926459 0.09229985
0.3003939 0.09027421
0.3090877 0.101994
0.3174776 0.1145737
0.3257775 0.1274081
0.3340775 0.1402425
0.3428513 0.1516744
0.3517799 0.1626487
0.3607085 0.1736231
0.369637 0.1845974
0.3785656 0.1955717
0.3874941 0.206546
0.3964227 0.2175204
0.4053513 0.2284947
0.4141633 0.2398315
0.4227478 0.2518764
0.4313322 0.2639211
0.4399167 0.275966
0.4485011 0.2880108
0.4570856 0.3000556
0.46567 0.3121004
0.4742545 0.3241452
0.4828389 0.33619
0.491995 0.3463505
0.5 0.3563674
0.5091997 0.3663843
0.5183994 0.3764012
0.5275991 0.3864181
0.5367988 0.396435
0.5459985 0.4064519
0.5551982 0.4164688
0.5644856 0.4261439
0.5738311 0.4355927
0.5831766 0.4450415
0.5925221 0.4544903
0.6018676 0.4639391
0.6112131 0.473388
0.6205587 0.4828368
0.6300508 0.491611
0.6398149 0.4991326
0.6495789 0.5
0.659343 0.5075216
0.6691071 0.5150431
0.6788712 0.5225646
0.6886372 0.5300754
0.6985496 0.5367568
0.708462 0.5434381
0.7183744 0.5501195
0.7282869 0.5568008
0.7381713 0.5636474
0.7480333 0.5706271
0.7578953 0.5776068
0.7675344 0.5856935
0.7770028 0.5946283
0.7865742 0.6030399
