0.1705153 0.2892639
0.1675354 0.2741919
0.1675354 0.2582137
0.1675354 0.2422354
0.1761167 0.2283573
0.1821255 0.2131462
0.1875455 0.1976835
0.1970333 0.1836412
0.2080515 0.1702799
0.2180477 0.1569575
0.2310138 0.1470591
0.246114 0.1404957
0.2624393 0.1495515
0.277766 0.1601608
0.288568 0.1740317
0.3025254 0.1862521
0.3162982 0.1986094
0.3293563 0.2113919
0.3430699 0.2237736
0.3578317 0.2355145
0.3725933 0.2472553
0.3850143 0.2603685
0.3973439 0.2735352
0.4094319 0.2868183
0.4209666 0.3003678
0.4325012 0.3139173
0.4454128 0.3267568
0.4588587 0.3393208
0.4721951 0.3519465
0.4852531 0.3647291
0.4983112 0.3775117
0.5 0.3902943
0.510974 0.4040727
0.5216078 0.4180138
0.5322415 0.4319549
0.5428752 0.445896
0.555779 0.4587523
0.568837 0.4715349
0.5818951 0.4843175
0.5934772 0.4977873
0.6036601 0.5
0.613843 0.5141214
0.6255017 0.5276055
0.6373625 0.5410023
0.6492233 0.5543991
0.6612139 0.5677333
0.6732861 0.581028
0.6851888 0.5944
0.6960931 0.608228
0.7069973 0.622056
0.7178868 0.6358902
0.7286844 0.6497632
0.7394822 0.6636362
0.7497621 0.6777191
0.7600037 0.6918176
0.7692381 0.7062709
0.7778112 0.7209572
0.7869852 0.7354389
0.796718 0.7497302
0.8059908 0.7641855
0.8152577 0.7786429
0.8242367 0.7931952
0.8341112 0.807364
0.8475006 0.8199215
