0.2923129 0.315632
0.2956794 0.2969078
0.2976713 0.2772811
0.3015943 0.2587554
0.3055173 0.2402298
0.3091491 0.2214834
0.312711 0.2026839
0.316599 0.1841587
0.3212067 0.1662392
0.3258145 0.1483196
0.3294716 0.1296111
0.3329389 0.1107457
0.3393754 0.09510127
0.3458118 0.07945675
0.3532948 0.07961798
0.3601359 0.09453407
0.3674215 0.1087008
0.3751363 0.1219222
0.3832692 0.1342223
0.3914022 0.1465224
0.3996416 0.1585495
0.4079273 0.170458
0.416213 0.1823665
0.4244987 0.1942749
0.4327844 0.2061834
0.4410701 0.2180918
0.4493558 0.2300003
0.4576415 0.2419087
0.4659272 0.2538172
0.4742129 0.2657257
0.4825536 0.2774775
0.4912768 0.2881394
0.5 0.2988013
0.5030579 0.3094632
0.5117811 0.3201251
0.5205036 0.3307891
0.5292048 0.3415186
0.5379061 0.352248
0.5466074 0.3629774
0.5553086 0.3737069
0.5640098 0.3844363
0.5727242 0.3951234
0.5816825 0.4050207
0.5906408 0.4149181
0.5995991 0.4248154
0.6085575 0.4347128
0.6175158 0.4446101
0.6264741 0.4545074
0.6359171 0.462456
0.6454693 0.4699648
0.6550217 0.4774736
0.664574 0.4849824
0.6741264 0.4924912
0.6836787 0.5
0.6932288 0.5054291
0.7027774 0.5129563
0.7123259 0.5204834
0.7218744 0.5280105
0.7314229 0.5355377
0.7410862 0.5424733
0.7508112 0.5490918
0.7605433 0.5556653
0.7704504 0.5611693
