0.2139517 0.3014082
0.2139517 0.2869414
0.214714 0.2725383
0.2232888 0.2595239
0.2317822 0.246337
0.2431705 0.2346886
0.253898 0.2223666
0.2608863 0.2087104
0.2720578 0.1964948
0.2853659 0.185205
0.2979995 0.1735596
0.3110955 0.1621402
0.3234354 0.1503971
0.3310394 0.1368859
0.3443063 0.1258951
0.3562182 0.1142471
0.3643371 0.1011426
0.3776108 0.08990687
0.393548 0.0907667
0.4025533 0.1032281
0.4141881 0.1151434
0.423061 0.1282926
0.4319305 0.1414428
0.44147 0.1543823
0.4499024 0.167659
0.4578246 0.1810911
0.4662105 0.1943736
0.4765698 0.2070198
0.4850157 0.2202534
0.4921901 0.2338774
0.5 0.2473212
0.5021077 0.2603559
0.5113614 0.2733904
0.5206152 0.2864251
0.5298689 0.2994596
0.5387217 0.31262
0.547385 0.32584
0.5560484 0.3390599
0.5649397 0.3522094
0.5739603 0.365319
0.5828632 0.3784623
0.5904569 0.3919813
0.5980507 0.4055003
0.6056444 0.4190193
0.6141809 0.4322656
0.6233125 0.4453398
0.632444 0.458414
0.6421692 0.4712759
0.6529173 0.483772
0.6633965 0.4963667
0.6729361 0.5
0.6830755 0.5127195
0.6938236 0.5252155
0.7031648 0.5381433
0.7099103 0.5518677
0.7204064 0.5644222
0.731159 0.5769044
0.7395617 0.5902015
0.7499499 0.602828
0.7598381 0.6156409
0.7693776 0.6285804
0.7769836 0.6420356
0.782222 0.6560172
