0.2448161 0.3199611
0.2494515 0.3029114
0.2553098 0.2871669
0.2636307 0.2740504
0.2719515 0.2609339
0.2802723 0.2478174
0.2885931 0.2347009
0.297147 0.2219624
0.3057021 0.2092259
0.3142571 0.1964893
0.3228122 0.1837528
0.3313673 0.1710162
0.3397884 0.1580624
0.3481092 0.1449459
0.35643 0.1318294
0.3647508 0.1187129
0.3731974 0.1058083
0.3820533 0.09359339
0.3909091 0.0813784
0.3996005 0.09160113
0.4082749 0.1041355
0.4169493 0.1166699
0.4253501 0.1296315
0.4332221 0.1434193
0.4410941 0.157207
0.4489661 0.1709948
0.4568381 0.1847825
0.4647101 0.1985703
0.472582 0.2123581
0.480454 0.2261458
0.488326 0.2399336
0.4964924 0.2532735
0.5 0.2661659
0.5084606 0.2790582
0.5169213 0.2919505
0.5253819 0.3048428
0.5338425 0.3177352
0.5423031 0.3306275
0.5507638 0.3435199
0.5592244 0.3564122
0.5679975 0.3687339
0.5773246 0.3800437
0.5866517 0.3913535
0.5959789 0.4026634
0.605306 0.4139733
0.6146331 0.4252831
0.6239603 0.4365929
0.6333568 0.4477518
0.6430793 0.4582015
0.6528019 0.4686511
0.6625245 0.4791007
0.6722471 0.4895504
0.6819696 0.5
0.6915678 0.5075921
0.700928 0.5188339
0.7102882 0.5300757
0.7196484 0.5413175
0.7290086 0.5525594
0.7383687 0.5638012
0.747759 0.5749802
0.7571729 0.5861099
0.7661825 0.5979744
0.7734154 0.6118013
