0.3097786 0.3320659
0.3137788 0.3191274
0.3178673 0.2992517
0.3212393 0.2784404
0.3246113 0.2576292
0.3279546 0.2367881
0.331288 0.2159366
0.3346213 0.1950851
0.3379546 0.1742336
0.3412879 0.1533821
0.3445931 0.1325018
0.3478822 0.1116051
0.3509588 0.09052366
0.3536551 0.06914344
0.3598822 0.0629825
0.3681746 0.07088503
0.375568 0.08301201
0.3827097 0.09632158
0.3898765 0.1095267
0.3977978 0.1195919
0.4057191 0.1296571
0.4136404 0.1397223
0.4215617 0.1497875
0.429483 0.1598527
0.4373339 0.1702578
0.4450853 0.1811439
0.4528367 0.1920299
0.4605881 0.202916
0.4683394 0.2138021
0.4760908 0.2246881
0.4838422 0.2355742
0.4919207 0.244797
0.5 0.2540155
0.5042146 0.2632339
0.5122939 0.2724524
0.5203732 0.2816708
0.5284526 0.2908892
0.5365319 0.3001077
0.5446123 0.3093193
0.5527117 0.3184234
0.5608111 0.3275273
0.5689105 0.3366314
0.5770099 0.3457354
0.5851093 0.3548394
0.5932087 0.3639434
0.601308 0.3730474
0.6094074 0.3821514
0.6177177 0.3898549
0.6261389 0.3968226
0.6345601 0.4037903
0.6429814 0.410758
0.6514025 0.4177257
0.6598237 0.4246933
0.6682448 0.431661
0.6766675 0.4386178
0.6850901 0.4455742
0.6935127 0.4525307
0.7019353 0.4594871
0.7103579 0.4664435
0.7187805 0.4734
0.7271874 0.4804779
0.7355892 0.4875951
0.7429314 0.5
