0.2870111 0.2559317
0.2850145 0.2434821
0.2850145 0.2302
0.2850145 0.216918
0.2860671 0.2039294
0.2926149 0.1924063
0.2950822 0.1794023
0.2984612 0.1666968
0.3040338 0.1552536
0.3109936 0.1447262
0.318113 0.1342045
0.3287381 0.1267241
0.3368586 0.1174185
0.3442284 0.1066033
0.3546513 0.09908959
0.3631348 0.08891958
0.3729444 0.08003438
0.382754 0.07114917
0.390545 0.06116086
0.4007685 0.05498472
0.4128143 0.05900773
0.4226176 0.06678784
0.4343188 0.07284507
0.4418256 0.08331224
0.4525648 0.09103224
0.4612881 0.1009918
0.4704784 0.1104794
0.4804987 0.1191233
0.4904326 0.1278676
0.4990517 0.1376815
0.5 0.1492921
0.5081857 0.1596588
0.5173391 0.1691809
0.5272712 0.1779272
0.534861 0.18869
0.5419084 0.1999198
0.5489558 0.2111497
0.5557033 0.2225568
0.562023 0.2342171
0.5692633 0.24527
0.5773658 0.2557542
0.5842379 0.2670677
0.5910411 0.278446
0.5978781 0.2897982
0.6037802 0.301678
0.6131661 0.3107234
0.6203812 0.321681
0.6273948 0.3329233
0.6347154 0.3439746
0.6406655 0.3558264
0.6476519 0.3670493
0.6549729 0.3780828
0.6614615 0.3896468
0.6674545 0.4014748
0.6745399 0.4126803
0.6816499 0.4238698
0.6894867 0.4345413
0.6953292 0.4462279
0.7011594 0.4580615
0.7085377 0.4690573
0.7162277 0.4797859
0.7213144 0.4920341
0.7279505 0.5
