0.2624832 0.4405723
0.2666532 0.4226361
0.2708231 0.4046999
0.276042 0.3872186
0.2819563 0.3700389
0.2878706 0.3528593
0.2937849 0.3356796
0.2996992 0.3184999
0.3062759 0.3016891
0.3128873 0.2848976
0.3194986 0.2681061
0.3261099 0.2513146
0.3327213 0.2345231
0.3390839 0.2175957
0.3447969 0.2003135
0.3505099 0.1830312
0.3562229 0.165749
0.3619359 0.1484667
0.3676488 0.1311845
0.3753531 0.1152862
0.3856981 0.1210542
0.3937698 0.136852
0.4018415 0.1526499
0.4099131 0.1684477
0.4179848 0.1842455
0.4260564 0.2000434
0.4341281 0.2158412
0.4421997 0.231639
0.450327 0.2473863
0.4602616 0.2614898
0.4701962 0.2755933
0.4801308 0.2896969
0.4900654 0.3038003
0.5 0.3179039
0.5036997 0.3320074
0.5136343 0.3461109
0.5235689 0.3602144
0.5335036 0.3743179
0.5434382 0.3884215
0.5533728 0.402525
0.5633074 0.4166285
0.5732419 0.430732
0.5831766 0.4448355
0.5938876 0.4579591
0.605625 0.4697871
0.6173624 0.4816152
0.6290997 0.4934433
0.6408371 0.5
0.6525744 0.5118281
0.6643118 0.5236561
0.6760491 0.5354843
0.6877865 0.5473123
0.6995239 0.5591404
0.7112612 0.5709684
0.7234976 0.5819932
0.7358761 0.5927892
0.7482545 0.6035851
0.7606331 0.614381
0.7730116 0.6251769
0.7853901 0.6359728
0.797121 0.6477473
0.808244 0.6604403
0.819367 0.6731334
