0.2147302 0.2013393
0.220661 0.1819435
0.227562 0.1640323
0.2349964 0.1469372
0.2440181 0.1334863
0.2533749 0.1210738
0.2637043 0.1122767
0.2742887 0.1060841
0.2854789 0.1060841
0.2966359 0.1077175
0.3076699 0.110567
0.3179219 0.1197346
0.328174 0.1289023
0.337458 0.1413227
0.3461556 0.1557139
0.3548532 0.1701052
0.3635507 0.1844965
0.3723118 0.1987255
0.3810948 0.2128982
0.3898778 0.2270709
0.3984799 0.24167
0.4065832 0.257444
0.4146865 0.2732181
0.4227898 0.2889921
0.4309376 0.3046646
0.4394801 0.3194388
0.4480226 0.3342131
0.4565651 0.3489873
0.4651076 0.3637615
0.4736974 0.3784176
0.4824649 0.3926303
0.4912325 0.4068431
0.5 0.4210559
0.5041739 0.4352687
0.5129414 0.4494814
0.5222244 0.4622391
0.5315678 0.4748261
0.5409111 0.487413
0.5502545 0.5
0.5595979 0.5109703
0.5689413 0.5235572
0.5782847 0.5361442
0.5877671 0.5482634
0.5975356 0.5594211
0.607304 0.5705787
0.6170725 0.5817363
0.6268409 0.592894
0.6366094 0.6040516
0.6467226 0.6137961
0.6569607 0.6230284
0.6671989 0.6322606
0.6774371 0.6414928
0.6876752 0.650725
0.6981752 0.6583547
0.7090728 0.663552
0.7199703 0.6687493
0.7308678 0.6739466
0.7417653 0.6791438
0.7527866 0.6830971
0.7638113 0.6870161
0.7748362 0.6909351
0.7858691 0.6947555
0.7969071 0.6985157
0.8079451 0.7022759
