0.224491 0.3658489
0.2246615 0.3463437
0.2302976 0.3283716
0.2359337 0.3103995
0.2420961 0.2927667
0.2486582 0.2753915
0.2552204 0.2580163
0.2617825 0.2406411
0.2689457 0.2237212
0.2762503 0.2069085
0.2835549 0.1900957
0.2908595 0.1732829
0.2995216 0.1577617
0.308524 0.1425643
0.3175263 0.1273667
0.3284431 0.1321175
0.33899 0.14533
0.3487127 0.1596642
0.3583371 0.1741322
0.3679615 0.1886003
0.3778238 0.2027628
0.3877932 0.2167877
0.3977625 0.2308127
0.4077319 0.2448377
0.4177013 0.2588627
0.4277868 0.2727293
0.438025 0.2863878
0.4482632 0.3000463
0.4585014 0.3137048
0.4687396 0.3273633
0.4789778 0.3410219
0.489272 0.3545975
0.5 0.3674875
0.5107585 0.3803775
0.5215169 0.3932675
0.5322754 0.4061576
0.5430339 0.4190476
0.5537924 0.4319376
0.5645509 0.4448276
0.5753093 0.4577176
0.5860678 0.4706076
0.5968263 0.4834976
0.6077167 0.4961773
0.6186792 0.5
0.6296415 0.512565
0.640604 0.52513
0.6515664 0.5376951
0.6625288 0.5502601
0.6734912 0.5628251
0.6844536 0.5753901
0.695416 0.5879551
0.706857 0.5996926
0.7183351 0.6113659
0.7298132 0.6230393
0.7412913 0.6347126
0.7527694 0.646386
0.7642764 0.6580048
0.7759445 0.6693211
0.7876124 0.6806374
0.7992805 0.6919537
0.8109236 0.7033154
0.8221534 0.7154313
0.8333833 0.7275472
