0.2183168 0.4356722
0.2202311 0.4189292
0.2307661 0.4041773
0.2366094 0.387608
0.2459794 0.3720436
0.2527941 0.3556538
0.2609008 0.3396813
0.2702708 0.3241169
0.280207 0.3088006
0.2893172 0.2932398
0.2944792 0.2763874
0.3061012 0.2619085
0.3163259 0.246722
0.3240994 0.2307228
0.3299226 0.2140401
0.337704 0.1978832
0.3466158 0.182148
0.355524 0.1664058
0.3636319 0.1503612
0.3716952 0.1343256
0.3828865 0.1250353
0.395323 0.1371985
0.4070953 0.1515913
0.4192122 0.165782
0.4285822 0.1813464
0.4393464 0.1961809
0.4522097 0.2099168
0.4628371 0.2248574
0.4726968 0.2402116
0.4822795 0.2556808
0.4911397 0.2714497
0.5 0.2872186
0.5032127 0.3026639
0.512971 0.3180627
0.5227293 0.3334616
0.5317072 0.3491793
0.5404369 0.3649984
0.5491666 0.3808174
0.5578963 0.3966365
0.568713 0.4115294
0.5796939 0.4263496
0.5906747 0.4411696
0.6016555 0.4559898
0.6108372 0.4715413
0.6181939 0.4878348
0.6256207 0.5
0.6372427 0.5144789
0.6488647 0.5289578
0.6601498 0.5436138
0.6709294 0.5585355
0.6817091 0.5734571
0.6905334 0.5892228
0.7006899 0.6043348
0.7130133 0.618408
0.7260113 0.6320337
0.7398082 0.6451297
0.7522052 0.6591508
0.7644723 0.6732578
0.7767395 0.6873649
0.7900662 0.7007715
0.803757 0.7139413
0.8176557 0.7268353
0.8307589 0.739812
