0.294955 0.1897807
0.3003595 0.1785224
0.3054816 0.1670128
0.310588 0.1554891
0.3154577 0.143772
0.3202344 0.1319788
0.3250895 0.1202683
0.3319789 0.1107005
0.3388683 0.1011328
0.3445172 0.09017646
0.3497859 0.0787946
0.3554137 0.06778407
0.3617544 0.05751067
0.3697152 0.06042093
0.3772488 0.06893259
0.3841383 0.07850033
0.3909345 0.08819431
0.3976451 0.09800416
0.4043556 0.107814
0.4110662 0.1176239
0.4177949 0.1274097
0.4245423 0.1371706
0.4312897 0.1469316
0.4380372 0.1566926
0.4447846 0.1664536
0.4515934 0.1761311
0.4584828 0.1856989
0.4653722 0.1952666
0.4722617 0.2048344
0.4791511 0.2144021
0.4860405 0.2239699
0.49293 0.2335376
0.5 0.2428434
0.5025538 0.2519866
0.5097359 0.2611297
0.5169181 0.2702728
0.5241003 0.279416
0.5312825 0.2885591
0.5384647 0.2977022
0.5456468 0.3068454
0.5528291 0.3159885
0.5600291 0.3251039
0.5673762 0.3339907
0.5747232 0.3428775
0.5820704 0.3517643
0.5894175 0.3606511
0.5967646 0.3695379
0.6041878 0.3782872
0.6122609 0.3858626
0.6203339 0.3934379
0.628407 0.4010133
0.63648 0.4085886
0.6445531 0.416164
0.6526262 0.4237393
0.6604946 0.4317085
0.6682172 0.4399585
0.6759399 0.4482084
0.6836625 0.4564583
0.6913851 0.4647082
0.6997383 0.4716255
0.7082554 0.4781967
0.7167724 0.4847679
0.7247209 0.4925565
0.7328159 0.5
