0.2593221 0.166291
0.2656766 0.1543992
0.2726729 0.1434098
0.2796691 0.1324202
0.2864828 0.1211603
0.2930562 0.1095445
0.2996295 0.09792861
0.3070277 0.08782694
0.3153505 0.0794228
0.323828 0.07142821
0.332514 0.06398612
0.3422341 0.06188878
0.3520804 0.0620836
0.3619202 0.06371054
0.3714713 0.06659403
0.3797038 0.07521495
0.3879362 0.08383584
0.3961687 0.0924567
0.4039351 0.1020418
0.4114326 0.112183
0.4189301 0.1223242
0.4264276 0.1324654
0.4339252 0.1426066
0.4414227 0.1527478
0.4487741 0.163148
0.4560879 0.173615
0.4634017 0.1840821
0.4707154 0.1945491
0.4780292 0.2050162
0.4853429 0.2154832
0.4926567 0.2259503
0.5 0.2363657
0.5025777 0.2466672
0.5099862 0.2569687
0.5173945 0.2672702
0.5248029 0.2775717
0.5322114 0.2878733
0.5396197 0.2981748
0.5470281 0.3084763
0.5544366 0.3187778
0.561845 0.3290793
0.5693011 0.3392941
0.5768692 0.3493049
0.5844374 0.3593158
0.5920056 0.3693266
0.5995738 0.3793375
0.607142 0.3893483
0.6147768 0.3992275
0.6226922 0.4085524
0.6306075 0.4178773
0.6385229 0.4272022
0.6464383 0.4365271
0.654441 0.4456581
0.6626734 0.454279
0.6709059 0.4628999
0.6791384 0.4715208
0.6864685 0.4818705
0.6934648 0.49286
0.700883 0.5
0.7083952 0.5101143
0.7161298 0.5197933
0.7240451 0.5291182
0.732407 0.537386
0.7409534 0.5452169
