0.2333603 0.3231601
0.2373773 0.3061328
0.2429404 0.2895278
0.2489879 0.2732515
0.2561908 0.2577588
0.2633938 0.2422661
0.2705968 0.2267735
0.2777997 0.2112808
0.2852533 0.1959933
0.2927932 0.1807764
0.300333 0.1655596
0.3062693 0.1491896
0.3120854 0.1327332
0.3160169 0.1153634
0.3266317 0.1108111
0.33631 0.1236526
0.3456885 0.1370132
0.3554671 0.1498635
0.3654717 0.1624258
0.3754762 0.1749882
0.3854808 0.1875505
0.3954853 0.2001128
0.4053703 0.2128343
0.4151843 0.2256503
0.4249983 0.2384663
0.4348124 0.2512823
0.4446264 0.2640983
0.4544404 0.2769144
0.4642544 0.2897304
0.4742921 0.3022471
0.4843425 0.3147468
0.4943929 0.3272465
0.5 0.3397462
0.5100504 0.352246
0.5201008 0.3647457
0.5301512 0.3772454
0.5402016 0.3897451
0.5503833 0.402062
0.5605817 0.4143555
0.5707802 0.4266491
0.5809786 0.4389426
0.591177 0.4512362
0.6013755 0.4635297
0.6115739 0.4758233
0.6218686 0.4879778
0.632255 0.5
0.6426414 0.5113928
0.6530278 0.523415
0.6634142 0.5354372
0.6738006 0.5474594
0.684187 0.5594816
0.6945734 0.5715038
0.7050422 0.5834011
0.7156696 0.5950587
0.7262969 0.6067163
0.7369242 0.6183739
0.7475516 0.6300315
0.7580321 0.6419127
0.7684772 0.6538478
0.7789223 0.6657829
0.7903066 0.6761162
0.8018547 0.6861699
0.8138981 0.6951629
