-150.0903 31.76254
-147.667 23.90076
-144.5379 15.98518
-141.4089 8.069617
-138.2798 0.1540384
-135.7676 -7.932841
-131.9025 -15.05246
-128.7596 -22.87637
-125.2646 -30.63649
-121.6555 -38.34103
-117.6715 -45.86265
-115.0986 -53.96168
-112.667 -62.11856
-109.8123 -70.12904
-106.1834 -77.81432
-103.9599 -85.93153
-100.3255 -86.47615
-96.30836 -79.24657
-89.84203 -73.74489
-83.93193 -67.64362
-78.22469 -61.32898
-72.46784 -55.06208
-66.37604 -49.11758
-60.35993 -43.1025
-54.85593 -36.60995
-49.86158 -29.72054
-44.91575 -22.79335
-39.47097 -16.25469
-33.60634 -10.09522
-27.57061 -4.093786
-21.53488 1.907644
-15.65343 8.060212
-9.777664 14.21835
-3.857747 20.33138
2.42331 26.07556
8.704368 31.81974
14.98542 37.56392
21.69555 42.79872
28.42331 48.0126
35.15107 53.22648
41.87882 58.44036
48.60658 63.65424
55.88235 68.01914
63.00407 72.57585
69.33484 78.26517
75.66562 83.95451
81.9964 89.64383
88.759 94.78239
95.79462 99.57269
102.3199 104.9921
108.4576 110.8892
114.5953 116.7862
120.9597 122.4094
127.9028 127.3328
134.8459 132.2562
141.8504 137.0913
148.8861 141.8816
155.9218 146.6718
163.2475 150.9809
170.7691 154.965
178.2907 158.949
185.8123 162.933
193.5941 166.3284
199.9097 171.4874