-185.1348 -40.32165
-189.8306 0.3956108
-192.4357 43.27571
-187.9148 87.01449
-176.7471 131.1421
-159.4602 165.3112
-141.6582 199.6392
-121.83 225.2076
-102.8052 248.5943
-80.32007 263.9646
-58.32113 278.5914
-34.13241 287.4754
-10.24332 289.9041
14.26298 281.745
37.42375 273.1029
60.17231 251.4399
82.34486 229.0751
100.5635 199.1748
114.4748 161.2919
129.2837 122.5838
141.6964 82.67735
151.0942 42.48346
155.3507 -5.340501
157.5643 -50.23582
155.9988 -98.02628
150.803 -144.5627
143.6403 -189.9337
133.9937 -235.3315
124.3709 -280.6346
113.2033 -324.7622
97.074 -344.8152
74.93392 -348.7353
50.68703 -342.2067
26.8892 -342.2962
3.693283 -341.9355
-20.21094 -336.7567
-44.28124 -335.2784
-67.57587 -316.6693
-87.89583 -290.8599
-100.0485 -249.9022
-104.6171 -209.3525
-106.727 -164.5747
-102.2258 -117.4854
-96.50898 -71.12957
-85.87864 -26.6847
-74.71101 17.44293
-55.80469 41.18882
-35.54446 56.36371
-12.5974 66.99075
6.864449 73.47474
30.48357 61.70457
51.59475 35.56644
61.9918 -2.955149
66.77285 -49.58382
67.06614 -96.88745
65.34206 -140.8118
58.37076 -184.7044
42.78898 -214.4815
23.32716 -220.9657
1.22394 -214.213
-14.54579 -183.5976
-22.47197 -143.0312
-22.8668 -98.02272
-22.8668 -98.02272