0.5 0.4588261
0.4514093 0.4677885
0.4197707 0.5
0.4029427 0.5322786
0.388526 0.5731115
0.4267425 0.5999622
0.4765979 0.6194031
0.5233845 0.6356527
0.5756594 0.6512415
0.629385 0.6540598
0.6586203 0.6209772
0.6837869 0.5831887
0.6994184 0.5426676
0.6982036 0.5004693
0.6865904 0.4673626
0.6701407 0.4269651
0.650427 0.3877268
0.6154672 0.3549665
0.5648048 0.3399591
0.5096009 0.3340921
0.4605369 0.3443196
0.4096797 0.3624058
0.360717 0.3830675
0.3171617 0.4094197
0.2786478 0.4401768
0.2422979 0.472429
0.2128031 0.5004162
0.186643 0.5377898
0.1661349 0.5767782
0.1550986 0.6182066
0.1471122 0.6598617
0.1471122 0.7021105
0.1645757 0.7403051
0.2028676 0.7712647
0.2514974 0.791456
0.3064262 0.7994348
0.3624481 0.7994954
0.418473 0.7957633
0.4742845 0.7903566
0.5249371 0.78495
0.568005 0.7604578
0.6124318 0.7345955
0.6557591 0.7076714
0.6972315 0.6793317
0.7265756 0.6432815
0.7566327 0.6075732
0.7876474 0.5724934
0.8036599 0.5322264
0.7960743 0.4987174
0.7814907 0.4579121
0.7670946 0.4170714
0.7505829 0.37671
0.7364942 0.3358856
0.7164423 0.2964126
0.6906458 0.2593549
0.6512592 0.229874
0.6064969 0.2042693
0.5618863 0.1785168
0.5123787 0.1601038
0.4637013 0.1481411
0.4076503 0.1457823
0.3527443 0.1493096
0.3054454 0.1721896
0.2604184 0.1934193
