0.3907017 0.3563841
0.4047095 0.3284539
0.4312564 0.3171638
0.4594835 0.3171638
0.4810427 0.3393454
0.4978085 0.3672592
0.5048589 0.4023795
0.5126135 0.4374998
0.5162397 0.4732639
0.5151548 0.5096245
0.51407 0.5461233
0.5 0.5768044
0.4841504 0.6070285
0.4683008 0.6372526
0.446082 0.6573821
0.4200262 0.6714304
0.3940631 0.682806
0.3690844 0.6657943
0.3441057 0.6487826
0.3268188 0.6199489
0.3096085 0.5909978
0.2923981 0.5620467
0.2802813 0.5292941
0.2695338 0.4956577
0.2587864 0.4618832
0.2497455 0.427583
0.2475806 0.3911649
0.2454156 0.3547468
0.2432507 0.3183288
0.2457662 0.2827963
0.2558992 0.2487052
0.2660321 0.2146142
0.2830575 0.1865132
0.3036125 0.1614798
0.3266631 0.1420791
0.3537433 0.1317728
0.3808234 0.1214665
0.4079035 0.1111602
0.4359946 0.1124057
0.46417 0.1146153
0.4923454 0.1168249
0.5186852 0.1261284
0.5452343 0.1385341
0.5717835 0.1509399
0.5983326 0.1633456
0.6240184 0.1784798
0.6496677 0.1937293
0.675317 0.2089787
0.7009664 0.2242282
0.7213326 0.2494737
0.7416166 0.2748744
0.7619007 0.3002752
0.7821847 0.3256759
0.793682 0.3582332
0.8026081 0.3928845
0.8115343 0.4275358
0.8143305 0.4634743
0.8143305 0.5
0.8143305 0.5363877
0.8090644 0.571488
0.7977505 0.6049512
0.7864365 0.6384145
0.7748798 0.6717061
