0.6287827 0.4844759
0.6383766 0.5211637
0.6376711 0.5650818
0.622048 0.6044444
0.598289 0.6380489
0.5688821 0.6620754
0.5356442 0.679271
0.4991238 0.6774267
0.4632457 0.6671385
0.4276394 0.6555058
0.3963759 0.6335877
0.3784207 0.5960044
0.3717573 0.552723
0.3699708 0.508805
0.3735097 0.470472
0.3840897 0.4283106
0.3994496 0.3882625
0.41955 0.3519753
0.4442432 0.3192025
0.4717565 0.2898305
0.5028928 0.2678782
0.5352433 0.2467861
0.5695694 0.2304316
0.6053453 0.2204768
0.6420859 0.2187895
0.6759953 0.2339387
0.7036426 0.2627408
0.7287599 0.2950207
0.7450122 0.3338764
0.7616248 0.3731771
0.7716925 0.4152009
0.7831991 0.4570435
0.7907835 0.5
0.7918787 0.5387868
0.7890894 0.5822058
0.7773379 0.6238605
0.7659441 0.6655253
0.7484576 0.704266
0.7298019 0.7422038
0.7054128 0.7752941
0.6776811 0.803651
0.6442442 0.821992
0.6086091 0.833204
0.5734771 0.8465567
0.5368709 0.8522905
0.5 0.8555166
0.4632787 0.8563954
0.4263083 0.8563954
0.3894681 0.8537499
0.3529385 0.8471955
0.3179819 0.8332374
0.2828327 0.8200011
0.2501919 0.7993445
0.2229094 0.7703943
0.2028139 0.7334374
0.1808876 0.697993
0.1683443 0.6568761
0.153081 0.6168294
0.1493116 0.5733373
0.1493116 0.5293014
0.152749 0.4909536
0.165332 0.4499754
0.1784479 0.409494
