0.4649889 0.4664093
0.5 0.4492393
0.5301852 0.442935
0.569043 0.4464209
0.6025349 0.4719431
0.6221818 0.5035003
0.6276212 0.5546467
0.6179059 0.6036266
0.5982847 0.6485174
0.572779 0.6881195
0.5381473 0.7090746
0.5009306 0.7240459
0.4704489 0.7240459
0.4320562 0.7212021
0.3980773 0.6955968
0.3640983 0.6699915
0.3412895 0.6277259
0.3188775 0.5848687
0.3032074 0.5379598
0.2944505 0.5
0.2900357 0.4482714
0.2900357 0.3958662
0.2985685 0.3455432
0.3122427 0.2964747
0.3368856 0.25759
0.3661214 0.2229697
0.3970182 0.1922922
0.4341094 0.1763204
0.4716419 0.1635637
0.5020637 0.1606568
0.5409479 0.1577499
0.5778576 0.1685725
0.6131289 0.1907892
0.6484002 0.2130058
0.6836715 0.2352225
0.7145729 0.2662067
0.7432331 0.301688
0.7702525 0.3387024
0.784946 0.3872344
0.7996395 0.4357665
0.8006011 0.4879181
0.8006011 0.52722
0.7867136 0.5761344
0.772655 0.6250058
0.7522477 0.668475
0.7254641 0.7065187
0.6946669 0.7375292
0.6604407 0.7625313
0.6262146 0.7875334
0.5896537 0.8034004
0.5512396 0.8120158
0.5126768 0.8182164
0.482195 0.8182164
0.4438783 0.8128499
0.4068149 0.7967614
0.3697515 0.7806728
0.3340085 0.7599361
0.298421 0.7386523
0.2628334 0.7173686
0.2284954 0.6934232
0.1989269 0.6593183
0.1693583 0.6252135
0.1457039 0.5850926
0.1354937 0.5357051
