0.4345676 0.4526649
0.4113966 0.4378366
0.3935857 0.4045641
0.3855978 0.365581
0.3862398 0.3259506
0.3966357 0.2873789
0.4216255 0.2670652
0.4493498 0.2501726
0.4786217 0.2447625
0.5044436 0.2474049
0.5313085 0.2622108
0.5550628 0.28785
0.5788172 0.3134891
0.6001655 0.3410902
0.605946 0.3813851
0.6113425 0.4216992
0.6077882 0.4624608
0.6042339 0.5
0.591947 0.5369382
0.5770835 0.5727482
0.5540705 0.5990095
0.52925 0.622206
0.5 0.6334813
0.4746872 0.6333466
0.4445521 0.6277386
0.4173334 0.6108647
0.391163 0.589941
0.3672434 0.5648592
0.3445069 0.5375919
0.3226987 0.5091264
0.3035159 0.4804951
0.284333 0.4486412
0.2696435 0.4133119
0.2589623 0.3748824
0.255883 0.3343271
0.2584434 0.293801
0.2672549 0.2548508
0.2817437 0.2187623
0.2997867 0.1863428
0.3218153 0.1580375
0.346874 0.1357121
0.3744184 0.1182922
0.4025417 0.1038625
0.432882 0.1008855
0.4632222 0.09790838
0.4935625 0.0949313
0.5193622 0.0953362
0.549693 0.09848398
0.5800238 0.1016319
0.6073585 0.1193739
0.6345673 0.1377288
0.6562639 0.1655786
0.6759906 0.1968221
0.693899 0.2297834
0.7089147 0.2654777
0.7239304 0.301172
0.7366271 0.3383456
0.7475474 0.3766527
0.7584677 0.4149598
0.7679164 0.453958
0.7769902 0.4931324
0.785449 0.529327
0.79312 0.5690047
