0.2919771 0.3227763
0.3276719 0.3173652
0.3629489 0.3087939
0.3988228 0.3055037
0.4347919 0.3034005
0.4707783 0.3020073
0.5065806 0.3020073
0.5425889 0.3022077
0.5785519 0.3044755
0.6125445 0.3174742
0.6424246 0.3408116
0.6641237 0.3748197
0.6746358 0.4156133
0.6843126 0.4571671
0.6879442 0.5
0.6879953 0.5252597
0.6793907 0.5668564
0.6595099 0.6025302
0.6342942 0.6332946
0.6037685 0.6558656
0.5701301 0.670756
0.5352273 0.6811949
0.5 0.6882948
0.4640568 0.6903591
0.4284964 0.6835423
0.3932339 0.6751465
0.3588958 0.6623523
0.3271198 0.6420479
0.2988147 0.6154805
0.2716284 0.5872192
0.246366 0.55671
0.2263897 0.5208096
0.2122776 0.4990528
0.1987922 0.4590457
0.1917337 0.4172955
0.1898059 0.3742114
0.1881706 0.331109
0.2020676 0.2919557
0.218173 0.253364
0.2412786 0.2204884
0.2707165 0.1957632
0.3019831 0.1743538
0.3328637 0.1521549
0.3662337 0.136315
0.4007609 0.1245955
0.4363143 0.1177252
0.4719478 0.1118354
0.5077272 0.1102954
0.5437229 0.1091517
0.5797358 0.1091517
0.61497 0.1171883
0.6493545 0.1298124
0.6822513 0.1469226
0.7115477 0.1716355
0.7335446 0.2049906
0.7497388 0.2435092
0.7627691 0.2835426
0.7715034 0.3254012
0.779928 0.3673499
0.7855567 0.4098138
0.7870525 0.4529048
0.7870525 0.4960516
0.7870525 0.5213137
0.7771472 0.5570872
