0.6836051 0.5985261
0.6824366 0.6361085
0.6580158 0.6664664
0.6258982 0.6927904
0.5888366 0.7137631
0.5483722 0.7292601
0.5046569 0.726924
0.4879398 0.7038746
0.4578133 0.6769325
0.4388252 0.6432616
0.4266781 0.6072638
0.4293403 0.5701174
0.4483511 0.5364783
0.4718464 0.5043282
0.4952079 0.4917801
0.5083908 0.4644955
0.5423924 0.4413265
0.5848035 0.4292289
0.6296256 0.4261459
0.6666193 0.4441121
0.6964449 0.4717591
0.7259772 0.5
0.7496798 0.5125924
0.7696801 0.5462998
0.7892164 0.5802302
0.8022723 0.6157174
0.8087348 0.6529833
0.8087348 0.6906624
0.8018047 0.727538
0.7768959 0.7587784
0.7484871 0.7880238
0.7182288 0.8158924
0.6836979 0.8399941
0.6505949 0.8649438
0.6100765 0.8808186
0.5662117 0.8888152
0.5213292 0.8906199
0.4941005 0.8906199
0.4490393 0.8906199
0.407373 0.8767902
0.3662987 0.8613621
0.3300518 0.8393263
0.3008556 0.8106994
0.2689925 0.7840562
0.2389456 0.7565318
0.2227659 0.7216523
0.2070269 0.6865613
0.1971648 0.6498237
0.1878845 0.6131184
0.1878845 0.5754393
0.1935535 0.5385294
0.208457 0.5034285
0.2222535 0.4873548
0.2375295 0.4524508
0.2605508 0.4200608
0.2884468 0.3906922
0.3228541 0.3665698
0.3589031 0.3439623
0.3959695 0.3226202
0.4352429 0.3041998
0.4756806 0.2875983
0.5 0.274451
0.5446961 0.2713798
0.5897573 0.2713798
