0.4970795 0.2530948
0.5059224 0.2548662
0.5416327 0.2671817
0.5731959 0.29142
0.5976793 0.3256123
0.6147329 0.3658176
0.6191267 0.4108839
0.6209448 0.4561902
0.6171595 0.5
0.6052295 0.5429708
0.5883677 0.5827936
0.5612512 0.6141189
0.5322418 0.6427386
0.5 0.665501
0.492983 0.6788722
0.4557708 0.683359
0.418542 0.6836482
0.3833596 0.6689097
0.3510734 0.6458651
0.3191651 0.6220562
0.2879726 0.5968924
0.2628855 0.5634803
0.239424 0.5280673
0.2173891 0.4925592
0.1990209 0.452965
0.1888166 0.4095821
0.1819254 0.3649759
0.1772783 0.3198983
0.1781939 0.2750672
0.1883752 0.2317688
0.2083151 0.1935924
0.2357095 0.1632993
0.2695603 0.144793
0.3056597 0.1326344
0.3426311 0.1253228
0.3796268 0.1181455
0.4170897 0.118096
0.4545559 0.118096
0.4919055 0.121304
0.5007352 0.1252969
0.5379257 0.1302328
0.5742732 0.1412508
0.6104603 0.1529371
0.6460038 0.1673028
0.6786447 0.1895402
0.7034196 0.222385
0.7274511 0.2571622
0.7467409 0.295893
0.7596488 0.3384307
0.7676966 0.3826897
0.7698967 0.4280396
0.7703717 0.4734511
0.7628058 0.5165362
0.7536232 0.5605778
0.732771 0.5979881
0.7069697 0.630827
0.6785058 0.6601523
0.646571 0.6835226
0.6126708 0.7028659
0.5776081 0.7188685
0.5411846 0.728286
0.5040331 0.7341616
0.4952389 0.7385662
0.4589907 0.7351341
