0.4146547 0.4476336
0.4386295 0.4260508
0.4630388 0.4052529
0.4913949 0.397211
0.5027584 0.391047
0.5317606 0.3920253
0.5570155 0.4052884
0.5740669 0.4357985
0.5799946 0.4713297
0.579542 0.5003137
0.5669294 0.5341656
0.5542879 0.5679787
0.5272505 0.5825285
0.5 0.5959614
0.4883308 0.5989513
0.4590879 0.6019413
0.4306511 0.5945831
0.4024436 0.5842827
0.374236 0.5739823
0.3472929 0.5599571
0.3221372 0.5406666
0.2969815 0.5213761
0.2733548 0.5
0.2566563 0.4770751
0.2399577 0.4462479
0.2264174 0.4138127
0.2219566 0.3767547
0.2174958 0.3396967
0.2236922 0.3035856
0.232122 0.2676729
0.2405517 0.2317602
0.2587852 0.2026416
0.2777348 0.1740193
0.2966844 0.1453969
0.3214904 0.1264357
0.3479093 0.1101353
0.3743281 0.09383479
0.4030975 0.09001324
0.4324262 0.08916131
0.4617549 0.08830935
0.4910837 0.08745748
0.5015373 0.09671837
0.5291074 0.1095317
0.5566775 0.1223449
0.5829155 0.1386497
0.6077926 0.1585214
0.6326697 0.1783932
0.6575156 0.1983142
0.6778646 0.2253219
0.6982134 0.2523296
0.7185622 0.2793372
0.7330143 0.3109427
0.7424942 0.3464251
0.751974 0.3819075
0.7614539 0.4173899
0.766295 0.4539464
0.7671574 0.4914242
0.7680199 0.5209996
0.7643248 0.5574667
0.7536347 0.5923827
0.7413728 0.6256457
0.7166228 0.6457753
0.6877143 0.6476529
0.6655093 0.6233956
