0.6814569 0.5419389
0.6862538 0.5895256
0.6722565 0.6345125
0.6423189 0.6651853
0.6099246 0.6928483
0.575127 0.7155504
0.5367835 0.7255702
0.5 0.7342582
0.462317 0.7285605
0.4329333 0.6962618
0.4040554 0.6630442
0.3782714 0.626081
0.3607503 0.5825567
0.35614 0.5354632
0.3707349 0.5
0.395537 0.462076
0.4253927 0.4301887
0.455391 0.3985103
0.4881509 0.371548
0.5223836 0.3530303
0.5611136 0.3447544
0.599853 0.3366686
0.6381108 0.3441973
0.6751433 0.3601901
0.7085581 0.3860047
0.7413796 0.4128421
0.7692093 0.4473014
0.7942406 0.4850152
0.8133159 0.5178877
0.8253653 0.5640026
0.8227414 0.6123291
0.8073826 0.6573245
0.7821798 0.6949202
0.7546251 0.729666
0.7223315 0.7575841
0.6880326 0.7814156
0.6534883 0.8047866
0.618035 0.8257867
0.5816954 0.8445005
0.5450677 0.8623184
0.5075803 0.876414
0.4702625 0.8796543
0.4312698 0.8752299
0.3962427 0.8531506
0.3618901 0.8294684
0.3278984 0.8053365
0.295838 0.7769992
0.2668706 0.7443883
0.2406456 0.7078798
0.2233894 0.6639658
0.2096291 0.6186569
0.2027223 0.5704606
0.1988096 0.5217062
0.2085529 0.4842929
0.2250819 0.4399037
0.2440756 0.3970015
0.2706822 0.36098
0.3018216 0.3312879
0.337119 0.3101431
0.3742547 0.2941211
0.4120301 0.280805
0.4506898 0.2718884
0.4890685 0.2612206
