0.6193622 0.5211384
0.6318682 0.5635958
0.6455948 0.6061153
0.6431817 0.6494229
0.6196924 0.6813226
0.5798326 0.6898898
0.5391992 0.6902897
0.5 0.6801921
0.4665791 0.663485
0.4270802 0.6542182
0.389289 0.6377292
0.3723897 0.5999201
0.3645602 0.5592914
0.3694986 0.5145853
0.3816792 0.4788057
0.4017447 0.4406955
0.4307189 0.4106257
0.4657204 0.3884406
0.5017121 0.3824148
0.541504 0.3737555
0.5820301 0.3726662
0.6212132 0.3798887
0.6572803 0.399336
0.6877382 0.4289331
0.7213039 0.4538915
0.7504174 0.4854874
0.7791704 0.5101045
0.7987862 0.5487123
0.8180116 0.5875201
0.8218274 0.63245
0.8218274 0.6777463
0.8088055 0.7192212
0.7898222 0.757589
0.7653634 0.7929879
0.7366103 0.8250173
0.7022113 0.8487708
0.6656491 0.867682
0.6258518 0.8766283
0.5853905 0.8811355
0.5447957 0.8826579
0.5041327 0.8826579
0.4677041 0.8826579
0.4271981 0.8800212
0.387587 0.8708792
0.3514548 0.8508142
0.315904 0.8289807
0.2801014 0.8075057
0.2469017 0.7814431
0.2191384 0.7483928
0.1967321 0.7107791
0.1888918 0.6674721
0.1988126 0.6239692
0.2116714 0.5809973
0.2268048 0.5389738
0.246826 0.5
0.2623255 0.4657114
0.2832944 0.427033
0.3089274 0.3918996
0.3364164 0.3586393
0.3661504 0.3277778
0.4000823 0.3036872
0.4336261 0.2791471
0.4661205 0.2529002
