0.548982 0.3836743
0.5102713 0.3870099
0.4885177 0.4081774
0.4540496 0.4293449
0.4292358 0.4579966
0.4146485 0.4945764
0.4104166 0.5202992
0.4335649 0.5441255
0.472962 0.5548379
0.5 0.5643318
0.5401292 0.5594413
0.5716451 0.5366818
0.5977269 0.5065125
0.6215437 0.4869148
0.6416074 0.4529032
0.6599323 0.4178917
0.6667268 0.3793377
0.6732006 0.3406852
0.6754436 0.3016458
0.6767648 0.262522
0.6728525 0.2251852
0.6423011 0.2012517
0.6026365 0.191428
0.5629719 0.1816044
0.5224161 0.1761938
0.4944873 0.1712161
0.453844 0.1662383
0.4137074 0.1694923
0.3798077 0.1886552
0.3513649 0.2168329
0.3229221 0.2450106
0.297344 0.274941
0.2824475 0.3114068
0.267551 0.3478726
0.2526545 0.3843384
0.2431237 0.4219978
0.2396243 0.4609989
0.2361249 0.5
0.2359082 0.5267549
0.2391759 0.5657743
0.2455057 0.6042384
0.2574363 0.6416866
0.2701737 0.6788716
0.2847059 0.7154713
0.2992382 0.7520709
0.3249434 0.7811733
0.3643127 0.789856
0.4046995 0.7964699
0.4450863 0.8030839
0.4858164 0.8005986
0.5138823 0.7967792
0.5546627 0.7929598
0.5954432 0.7891405
0.6352919 0.781055
0.6742692 0.7689789
0.7132464 0.7569028
0.7503555 0.7417775
0.7804648 0.7152268
0.8049528 0.6841681
0.8259901 0.6506315
0.8443151 0.61562
0.8586387 0.5789546
0.8722944 0.5420595
