0.7509876 0.1356058
0.7079464 0.1337017
0.6649053 0.1317976
0.623459 0.1410614
0.582306 0.1523786
0.541153 0.1636958
0.5 0.1750129
0.4746106 0.1863301
0.4334576 0.1976472
0.3923046 0.2089645
0.3511516 0.2202816
0.3189771 0.2420522
0.2956325 0.2741032
0.272288 0.3061541
0.2489434 0.3382051
0.2255988 0.370256
0.2022542 0.4023069
0.191835 0.4386004
0.1859066 0.4763679
0.1799781 0.5022886
0.1740496 0.5400561
0.1820226 0.5771114
0.1928378 0.6140211
0.203653 0.6509308
0.2278063 0.6819315
0.2547275 0.711706
0.2816487 0.7414805
0.312309 0.7675123
0.3490111 0.7874961
0.3901604 0.7964305
0.4327895 0.7999355
0.4747126 0.7911038
0.500872 0.7822721
0.5422596 0.771688
0.5835025 0.76063
0.6247455 0.749572
0.6657174 0.7379481
0.7033892 0.7194305
0.7410609 0.700913
0.7659832 0.6705183
0.7888235 0.6381842
0.8079418 0.6040543
0.8262914 0.5695536
0.8382706 0.5330437
0.8187376 0.5
0.7959855 0.4796932
0.75785 0.4619343
0.7197145 0.4441754
0.6782956 0.4353872
0.6356338 0.4299948
0.5929719 0.4246024
0.5501946 0.4257511
0.5135906 0.4435259
0.4953371 0.4669354
0.4622137 0.4912407
0.4474233 0.5132937
0.4541617 0.5507253
0.4798912 0.5799333
0.5016342 0.5982607
0.5441982 0.6024757
0.5854696 0.5963326
0.618815 0.5731248
0.6452148 0.5432085
0.6628591 0.5095315
