0.4533942 0.2761234
0.4930986 0.2790409
0.5241205 0.3001411
0.5566248 0.3291819
0.5810617 0.368247
0.5959982 0.4148028
0.5967414 0.464877
0.5766628 0.5
0.5462299 0.5319617
0.5100464 0.5526788
0.4765322 0.565351
0.438224 0.578217
0.3984238 0.5806324
0.3586785 0.579521
0.3224389 0.5593939
0.2920834 0.527212
0.2658299 0.496175
0.2504714 0.4497277
0.2397125 0.4016988
0.2386909 0.3513149
0.2408735 0.3009585
0.2534931 0.2536469
0.2790162 0.2148913
0.3085799 0.1818257
0.342874 0.1562046
0.3803675 0.1405557
0.41947 0.1307508
0.4587487 0.1221069
0.4984135 0.1174116
0.5331378 0.1137779
0.5730062 0.1137779
0.6126947 0.1169796
0.6521184 0.1243977
0.6907964 0.1366332
0.7270902 0.1567701
0.7603033 0.1838168
0.7840496 0.223825
0.7966725 0.2710608
0.8031366 0.3208158
0.8104475 0.3703946
0.8158565 0.4203468
0.8175414 0.4706702
0.8142289 0.5138914
0.8023053 0.5616636
0.7836578 0.6059114
0.7589176 0.6454099
0.729223 0.6783285
0.694598 0.703145
0.6580224 0.7222857
0.6188715 0.7318128
0.5794485 0.7389799
0.539778 0.7439997
0.5 0.746291
0.4651694 0.746291
0.4253011 0.746291
0.386602 0.734273
0.3484615 0.7197016
0.3104241 0.7046079
0.2772535 0.677146
0.2452576 0.6475903
0.2209672 0.607903
0.1983002 0.5670004
0.1831367 0.5207072
0.1863241 0.4815402
