0.5 0.4781699
0.5161909 0.4846745
0.5402853 0.4877268
0.5598254 0.4759763
0.5767162 0.4562549
0.5843824 0.4300334
0.5920486 0.403812
0.5972776 0.3769243
0.6008738 0.3495903
0.60447 0.3222563
0.6080661 0.2949222
0.6100473 0.2673994
0.6113921 0.2398022
0.6127368 0.2122049
0.6109463 0.1853474
0.6001046 0.1606255
0.589263 0.1359037
0.5704609 0.1210456
0.5479522 0.1107805
0.5254434 0.1005152
0.5019262 0.09622034
0.484922 0.09622034
0.4606793 0.09622034
0.4364366 0.09622034
0.4144378 0.10467
0.3942667 0.1200018
0.3740956 0.1353336
0.3543248 0.1511804
0.3385478 0.1721661
0.3227709 0.1931519
0.306994 0.2141376
0.2984496 0.2387037
0.2957724 0.2661745
0.2930952 0.2936453
0.2904181 0.3211161
0.2877409 0.3485868
0.2887707 0.375552
0.2970555 0.4015278
0.3053403 0.4275035
0.313625 0.4534792
0.3219098 0.4794549
0.3402415 0.4964339
0.3604126 0.5
0.3805837 0.5153318
0.4007548 0.5306636
0.4227809 0.5417746
0.4456278 0.5510176
0.4684748 0.5602607
0.4913218 0.5695037
0.5069304 0.5787467
0.5297773 0.5879898
0.5531492 0.5940826
0.5773774 0.5950351
0.6016057 0.5959877
0.625834 0.5969402
0.6500623 0.5978927
0.6742905 0.5988452
0.6983581 0.5960638
0.722388 0.5924109
0.746418 0.5887579
0.7669505 0.5745196
0.7836094 0.5551835
0.7948931 0.5307541
