0.4102813 0.4264314
0.4143731 0.3886908
0.4459697 0.3680242
0.4817821 0.3561179
0.5113855 0.3568848
0.5487648 0.3603428
0.5815226 0.378506
0.6086975 0.4032169
0.6174538 0.4420318
0.62621 0.4808468
0.6136563 0.5146591
0.5972079 0.5496007
0.5692462 0.5762172
0.541044 0.6023753
0.5050696 0.6137154
0.4765965 0.6250553
0.4398823 0.6265614
0.4026705 0.6214532
0.3654586 0.6163449
0.3325267 0.5978205
0.3000796 0.5777766
0.2676324 0.5577328
0.2412181 0.5298345
0.216291 0.5
0.1913638 0.4738353
0.1782807 0.4376816
0.1707146 0.3985845
0.1631486 0.3594873
0.1653503 0.3202696
0.1720622 0.2809963
0.1930408 0.2493664
0.2187026 0.2202453
0.250559 0.1996116
0.2834349 0.1803748
0.3181149 0.165225
0.3530242 0.1505944
0.3879334 0.1359638
0.424984 0.1325453
0.462492 0.1315221
0.5 0.1304989
0.5296061 0.1338765
0.566233 0.1425357
0.6024953 0.1520954
0.6335728 0.1744614
0.6646502 0.1968274
0.6957277 0.2191934
0.7188896 0.248744
0.7347564 0.2849163
0.7506232 0.3210886
0.7598296 0.3594203
0.765622 0.398859
0.7714142 0.4382976
0.7722031 0.4781496
0.7722031 0.514397
0.7708093 0.5540286
0.7568746 0.5910908
0.7429399 0.628153
0.725108 0.6624812
0.6985772 0.6907069
0.6691758 0.7154905
0.6365527 0.7329461
0.5997609 0.7407745
0.5624836 0.7433851
0.5291618 0.7261474
