0.557402 0.5251185
0.5422556 0.4970053
0.5802065 0.4721983
0.6242903 0.4851896
0.6522846 0.5077732
0.6657399 0.5602137
0.6622194 0.6136977
0.6351241 0.6572868
0.590329 0.6720527
0.5435936 0.6742645
0.5019058 0.6499275
0.4826432 0.6242496
0.4460148 0.5906652
0.4122454 0.5523756
0.3951489 0.5008829
0.3951538 0.4657974
0.418764 0.4195707
0.4511581 0.3802021
0.4881898 0.3465289
0.5061269 0.3180571
0.5507137 0.3038018
0.5967863 0.2942624
0.6430987 0.2973489
0.6883258 0.3087322
0.7295958 0.3347743
0.7658222 0.3686684
0.7949044 0.4106935
0.8040774 0.4649582
0.8132502 0.5
0.8153217 0.5542647
0.8061488 0.6085293
0.784309 0.6558488
0.7552447 0.6992071
0.7179635 0.7319463
0.6789002 0.7623824
0.6385998 0.7902492
0.5965515 0.8144863
0.5536635 0.8361293
0.5086903 0.8513322
0.4843412 0.8534736
0.4386815 0.8460692
0.3947773 0.8269872
0.3508731 0.8079052
0.311855 0.7779108
0.2738503 0.7456531
0.2362909 0.7128364
0.2068333 0.6698513
0.1773757 0.6268662
0.1595645 0.5766428
0.1463668 0.5235522
0.1521297 0.4879592
0.1583114 0.4331053
0.1817352 0.3869265
0.2108393 0.3436056
0.2430226 0.3042684
0.2820859 0.2738323
0.3211492 0.2433962
0.3651797 0.2252769
0.4097507 0.2084979
0.4543217 0.1917188
0.5 0.1828007
0.524591 0.1815713
0.5711093 0.1837977
0.6078612 0.2051316
