0.3338869 0.3365315
0.3761101 0.331258
0.4187606 0.3275594
0.4613408 0.3230682
0.5 0.3235822
0.5417252 0.3308989
0.5809953 0.3467361
0.6100361 0.3749198
0.6219281 0.4127578
0.6281042 0.4518017
0.6234537 0.4907982
0.6022353 0.5219479
0.5702772 0.5480841
0.5331833 0.5679049
0.4965329 0.577898
0.4537679 0.5799589
0.4115554 0.5729893
0.3714981 0.5587578
0.3327426 0.5416919
0.2976736 0.5190664
0.2618744 0.5
0.2359326 0.4686627
0.2093321 0.4376752
0.1941309 0.4005819
0.1789539 0.3636025
0.1737357 0.3245404
0.1791963 0.2853665
0.1914338 0.2478337
0.2148275 0.2145523
0.2433934 0.185001
0.2784237 0.1624293
0.3175031 0.1463323
0.3585756 0.1350444
0.4005011 0.1269681
0.4432602 0.1234792
0.486073 0.1211179
0.5247521 0.1211179
0.5671946 0.1245844
0.6087193 0.1346413
0.650244 0.1446983
0.6893031 0.1609958
0.7267033 0.1803479
0.7563916 0.2076724
0.7746186 0.2433302
0.7884279 0.2809125
0.7944294 0.3200867
0.7955351 0.3597274
0.7922258 0.3992611
0.7825103 0.4377607
0.7700616 0.4757491
0.7528408 0.5091764
0.7336439 0.5446802
0.7091831 0.577266
0.6841923 0.6095379
0.6587291 0.641494
0.6286656 0.6697922
0.5964736 0.6960237
0.5589676 0.7148067
0.5190446 0.7293531
0.4817965 0.7384931
0.4392739 0.7439168
0.3963815 0.7443597
0.3534562 0.7443597
0.3290338 0.7196771
