0.3990749 0.4145133
0.4315038 0.4008132
0.4717013 0.4039977
0.5046037 0.4205982
0.5340641 0.4488148
0.5518637 0.4834099
0.5587375 0.5100148
0.564623 0.5505766
0.5569829 0.591006
0.5493428 0.6314353
0.5258996 0.6642472
0.5 0.695875
0.4665466 0.7146727
0.429764 0.7269336
0.3918834 0.7124778
0.3542615 0.6975815
0.3238149 0.6704708
0.2933683 0.6433601
0.2645686 0.6146009
0.238436 0.5831721
0.2123035 0.5517434
0.1925053 0.5164902
0.1779248 0.4920534
0.1633444 0.45365
0.1487638 0.4152465
0.1534765 0.3773026
0.1698064 0.3396353
0.1861362 0.301968
0.2107769 0.2709002
0.2427113 0.2456242
0.2746458 0.2203481
0.3104469 0.2019321
0.3480098 0.1866418
0.3855727 0.1713517
0.4245935 0.1619807
0.4648026 0.1574342
0.5027965 0.1528877
0.5430055 0.1483412
0.5832052 0.1441445
0.6231113 0.1509129
0.6630173 0.1576811
0.6975805 0.1753097
0.7268161 0.2037674
0.7560517 0.2322252
0.7693549 0.2703091
0.7799104 0.3100533
0.7904659 0.3497974
0.7945687 0.390483
0.7954113 0.4316442
0.796254 0.4728054
0.7970967 0.5
0.7894002 0.539947
0.7775025 0.5792965
0.763759 0.6179425
0.747328 0.6555643
0.7230511 0.6880848
0.6964103 0.7190685
0.6621049 0.7408907
0.6259606 0.7586581
0.587382 0.7710557
0.5475438 0.7773882
0.507269 0.7807261
0.4690277 0.7807261
