0.5598632 0.6950082
0.5289617 0.6892997
0.5 0.6756996
0.4821155 0.6550663
0.4659149 0.6242015
0.4622175 0.587047
0.4701742 0.5512385
0.4916673 0.5237329
0.509293 0.5009188
0.5366166 0.4884089
0.5655068 0.4741289
0.5942973 0.4591251
0.6234429 0.4450434
0.6537281 0.4352455
0.6847525 0.4296463
0.7158594 0.4266219
0.7471114 0.4291419
0.7764541 0.4407567
0.7988712 0.4668072
0.8138632 0.5
0.8192306 0.5311189
0.8210443 0.569173
0.8210443 0.6074999
0.8185306 0.6456086
0.8113232 0.6825879
0.7968731 0.7164026
0.7750483 0.7437962
0.7489572 0.7643211
0.720181 0.7778689
0.692013 0.793986
0.6649747 0.8133726
0.6369831 0.8306785
0.6080678 0.8451036
0.5791926 0.8596072
0.5491853 0.8705362
0.5183311 0.876669
0.4946386 0.8793375
0.4635535 0.8833152
0.4321747 0.8833152
0.4013543 0.8778996
0.3760328 0.8578002
0.3558035 0.8292084
0.3393246 0.7966188
0.3239065 0.7632556
0.3089804 0.7295434
0.2957472 0.6948384
0.2785964 0.6629389
0.2646748 0.6285929
0.2522121 0.5934462
0.2410334 0.5576522
0.2276006 0.5230147
0.2191138 0.4924958
0.215064 0.4544949
0.2098571 0.4167394
0.2082914 0.3784656
0.2091291 0.3402169
0.2172117 0.3035226
0.2374718 0.2757805
0.2672348 0.2693302
0.2986135 0.2693302
0.3299922 0.2693302
0.361371 0.2693302
0.3927497 0.2693302
0.4241284 0.2693302
