0.5061506 0.3878656
0.4843544 0.3924663
0.459244 0.3924663
0.43592 0.3799055
0.4188668 0.3557505
0.4104365 0.3251016
0.4263324 0.3039001
0.4500578 0.2927756
0.4748927 0.2889494
0.5 0.2890523
0.5218071 0.2935677
0.5459523 0.3030391
0.567607 0.3199118
0.5873819 0.3408367
0.6050993 0.3650148
0.6175284 0.3947855
0.6261992 0.4267778
0.6282753 0.4611406
0.6268733 0.4954571
0.6183704 0.5172349
0.6072439 0.5481259
0.5901383 0.5733052
0.571561 0.5962626
0.5504798 0.614839
0.5272449 0.6257632
0.5021887 0.6254002
0.4812539 0.6156546
0.4572328 0.6058055
0.433792 0.5935128
0.4113778 0.5779522
0.3893335 0.5614184
0.3679972 0.5433308
0.3478061 0.5228218
0.3290132 0.5
0.3118509 0.4853498
0.2980446 0.4567183
0.2875335 0.4254467
0.2835589 0.3915826
0.2863185 0.3574466
0.296788 0.3262839
0.3109335 0.2977997
0.3266199 0.2708378
0.3461854 0.24921
0.3654562 0.2270783
0.3845888 0.2047163
0.4057368 0.186124
0.4276452 0.1693809
0.4503953 0.1547871
0.4739939 0.1429873
0.4975742 0.1311187
0.5183644 0.1204649
0.5433368 0.1168503
0.5682085 0.1121179
0.5931808 0.109106
0.6182829 0.1082209
0.6433851 0.1073359
0.6683391 0.110794
0.6932706 0.1149079
0.7182021 0.1190217
0.7426667 0.1261871
0.7666892 0.1362403
0.7897837 0.1497467
0.8095398 0.1705163
