0.4924456 0.520652
0.5344936 0.5
0.5870854 0.5032389
0.631383 0.5309376
0.6605018 0.5765626
0.6740731 0.6293021
0.6639026 0.6807224
0.6288894 0.7220367
0.5797662 0.7427278
0.526767 0.7427278
0.4800238 0.734641
0.4277456 0.72544
0.3803526 0.7017546
0.342229 0.665752
0.3205234 0.6154585
0.3144484 0.5598598
0.3216243 0.5051726
0.3351271 0.4518025
0.3640789 0.4049234
0.397423 0.3619129
0.435898 0.3234215
0.4868337 0.3091257
0.5327225 0.2960095
0.5853125 0.3029514
0.6372172 0.3123975
0.6852058 0.3361521
0.7322275 0.3614608
0.7719238 0.3985435
0.8096287 0.4372226
0.8327843 0.4875659
0.8559399 0.5372816
0.8586535 0.5925902
0.8548517 0.6480201
0.8409066 0.7020157
0.8115035 0.7484403
0.76982 0.782186
0.7253585 0.8123466
0.6755501 0.8314732
0.6236551 0.8415653
0.5709238 0.846514
0.517954 0.8483785
0.4706241 0.847159
0.4186513 0.8386546
0.3684708 0.8213464
0.3280119 0.7851945
0.2881903 0.7483807
0.2546292 0.7050641
0.2210681 0.6617475
0.1988241 0.6119776
0.1829335 0.5585848
0.1745687 0.503841
0.17286 0.4485302
0.1862352 0.3951947
0.2047178 0.3427406
0.2250362 0.291458
0.2604156 0.2497862
0.295795 0.2081144
0.3445414 0.1886761
0.3953055 0.172594
0.447078 0.1626156
0.5 0.1595947
0.5473257 0.1575903
0.6003249 0.1575903
0.6422604 0.183338
