0.5555919 0.7252483
0.5229484 0.7106638
0.5 0.6789616
0.498646 0.6419457
0.4892372 0.6021269
0.482949 0.561586
0.4805076 0.5206234
0.4723361 0.4932621
0.4791196 0.45365
0.4977898 0.4182704
0.5114238 0.3909841
0.5417229 0.3665668
0.5774089 0.3521346
0.6145678 0.3446217
0.6526949 0.3419076
0.690962 0.3419076
0.7272867 0.3514073
0.7614723 0.3697089
0.7870301 0.3996928
0.8090763 0.4332168
0.8200722 0.4725909
0.8272655 0.5011001
0.827975 0.5421699
0.8276913 0.5832443
0.8193899 0.6233732
0.8105118 0.6632822
0.7908912 0.6983857
0.7675484 0.7309581
0.7408267 0.7603455
0.7150797 0.7907501
0.6844462 0.8153036
0.6555668 0.8417959
0.6229251 0.8631816
0.5859877 0.8715035
0.5479307 0.8758044
0.5097417 0.8774022
0.4864805 0.873832
0.4497803 0.8622695
0.4138887 0.8480399
0.3786204 0.8320876
0.3458287 0.8111867
0.3135882 0.7890453
0.2819116 0.7660331
0.2493486 0.7445433
0.2230434 0.7154989
0.198801 0.6847349
0.181769 0.6481016
0.1727147 0.608356
0.1727147 0.5672482
0.1749457 0.5262491
0.1890211 0.5
0.200489 0.4608057
0.2186314 0.4246115
0.2372034 0.3886842
0.258781 0.3547894
0.2858399 0.3257217
0.3118312 0.2956605
0.3410807 0.2693062
0.3747354 0.2510368
0.4112355 0.238705
0.4483931 0.2289548
0.4857515 0.2209107
0.5091535 0.2190141
