0.5476042 0.519527
0.5563645 0.4889985
0.5870645 0.479826
0.607281 0.5068106
0.6172891 0.5440233
0.6263329 0.5817627
0.6230729 0.6206344
0.6139578 0.6572198
0.5944852 0.6894544
0.5664533 0.7096322
0.5343363 0.7228097
0.5 0.7245859
0.4666161 0.7216747
0.4354406 0.7052017
0.404265 0.6887288
0.3780974 0.664468
0.3548715 0.6356322
0.3316457 0.6067964
0.3198931 0.5705414
0.3100165 0.5330734
0.302922 0.5
0.3073676 0.4612108
0.316335 0.4250426
0.3412873 0.3981396
0.3662396 0.3712366
0.3986706 0.3583474
0.4311514 0.3455515
0.4646688 0.3377287
0.4987391 0.3325588
0.5325034 0.3288999
0.5644168 0.3434279
0.5949472 0.3605735
0.6211861 0.3858413
0.6474251 0.4111091
0.6704202 0.4394267
0.6872714 0.4735207
0.7041225 0.5029635
0.7189108 0.537959
0.7264395 0.5761269
0.7339683 0.6142947
0.741497 0.6524625
0.7490257 0.6906303
0.7408454 0.7283921
0.7316995 0.7660688
0.7089584 0.7954007
0.6855912 0.8238066
0.6548482 0.8413006
0.6241051 0.8587946
0.5923603 0.8733045
0.5591996 0.8835971
0.5254754 0.8883501
0.491266 0.8869539
0.4570253 0.8847493
0.4238911 0.8743467
0.390757 0.8639442
0.3597354 0.8480684
0.3305881 0.827336
0.3014409 0.8066036
0.2734195 0.7841655
0.2478043 0.758082
0.2234112 0.730859
0.205984 0.6971421
0.1916453 0.661827
0.1850648 0.6260452
