0.4683557 0.3652079
0.444968 0.3641949
0.4261615 0.348527
0.4120933 0.3248504
0.405236 0.2969925
0.4084005 0.2689672
0.4279658 0.2525082
0.4496133 0.2415575
0.4719794 0.2326974
0.4953543 0.2300571
0.5179962 0.2287966
0.5414625 0.2287966
0.56475 0.2302044
0.584303 0.2456534
0.6014185 0.2657722
0.6201815 0.2837281
0.6369066 0.3047149
0.6483783 0.3300779
0.6536947 0.3591453
0.6535811 0.3891038
0.6499869 0.418683
0.6364072 0.4418914
0.6188769 0.4611353
0.5966901 0.470589
0.5754341 0.4832767
0.5533056 0.4932505
0.5304447 0.4997408
0.5071607 0.5
0.4846165 0.5032135
0.4612177 0.5046839
0.4383819 0.5005226
0.4210533 0.4866823
0.4076711 0.4627159
0.395024 0.437635
0.3817993 0.4129286
0.3675216 0.3891496
0.3537959 0.3648457
0.3406985 0.339983
0.3276827 0.315183
0.3200423 0.2870121
0.3171698 0.2573059
0.3182173 0.2276586
0.3242403 0.1987317
0.3347735 0.1720857
0.3504354 0.149967
0.3676427 0.1297114
0.3877849 0.1146326
0.4092644 0.102571
0.4310271 0.09159577
0.4536243 0.08351564
0.4766382 0.07821816
0.5 0.07548347
0.5226537 0.07398692
0.546046 0.07163301
0.5694477 0.06964999
0.592914 0.06964999
0.6161818 0.07233569
0.6392353 0.07792747
0.6626375 0.08014125
0.6859816 0.08288461
0.7089612 0.08895618
0.7319119 0.09518427
0.7545562 0.1030131
