0.4281476 0.6632194
0.4158769 0.6229764
0.4158405 0.5800635
0.4216631 0.5378861
0.4407353 0.5
0.4624159 0.4692268
0.4940627 0.4413111
0.5270641 0.4201715
0.5662044 0.4058684
0.606749 0.3970861
0.6484361 0.3970861
0.6894829 0.4005081
0.7257816 0.420204
0.7524551 0.45263
0.7617331 0.4941211
0.7648605 0.5319083
0.7625829 0.5745565
0.750664 0.6155709
0.730536 0.6528747
0.7065436 0.6879568
0.678353 0.7191203
0.6459749 0.7461417
0.6126252 0.7718908
0.5762262 0.7924139
0.5384803 0.8106286
0.5 0.8270608
0.4634467 0.8403088
0.4224983 0.8483516
0.3816876 0.8571043
0.340377 0.8608654
0.2987523 0.8591951
0.2603438 0.8441746
0.2307198 0.8152252
0.2076106 0.7796623
0.186928 0.7424015
0.1747501 0.7019497
0.1693262 0.6595086
0.1681687 0.61661
0.1686291 0.5738306
0.175712 0.5315393
0.1855933 0.4949687
0.1987758 0.4542557
0.2144285 0.4146218
0.2337115 0.3765738
0.2601264 0.3435472
0.2875775 0.3112502
0.3203533 0.2847437
0.3543094 0.2601072
0.3913812 0.2404801
0.428453 0.2208529
0.4684052 0.2087681
0.505574 0.1971489
0.5468457 0.1911648
0.5882339 0.1864122
0.6298978 0.1849824
0.671554 0.185128
0.7129973 0.1882372
0.7529262 0.2005687
0.7896694 0.2206161
0.8182654 0.2512242
0.8338028 0.2907462
0.84496 0.3320957
0.8460869 0.3748528
0.8436257 0.4173569
