0.4466473 0.2606345
0.4805854 0.28396
0.5033771 0.3021138
0.5399411 0.3219258
0.575831 0.3418159
0.5949814 0.3793794
0.5972543 0.4220064
0.5906386 0.4637033
0.5690165 0.5
0.5430145 0.5311745
0.5083758 0.5543651
0.4872249 0.5751354
0.4478282 0.5873607
0.4069876 0.5926572
0.3667011 0.6013801
0.3255676 0.6024396
0.2843084 0.6024396
0.2455472 0.5895571
0.2129407 0.5634021
0.1943133 0.5261934
0.1853628 0.4852376
0.1829602 0.4427167
0.1829602 0.3999222
0.1878476 0.3576615
0.2031709 0.3179278
0.2218669 0.2799026
0.2456716 0.2450637
0.2735104 0.2137621
0.3056329 0.1869969
0.3404291 0.1640341
0.3785807 0.1477401
0.4176358 0.13404
0.457833 0.1250186
0.4986776 0.1189665
0.5249935 0.113366
0.5662527 0.113366
0.606411 0.1221927
0.6460879 0.1338904
0.6854084 0.1468496
0.723787 0.1619558
0.7562664 0.1881305
0.7817516 0.2212541
0.7951747 0.2611441
0.8066727 0.3021542
0.8145787 0.3440514
0.8145787 0.3868459
0.8142554 0.4296251
0.8076254 0.4716158
0.7927216 0.5104727
0.7703768 0.5464474
0.7470024 0.5817118
0.7187566 0.6125438
0.6876127 0.6406094
0.6535567 0.663978
0.6158437 0.6813352
0.5779205 0.6981927
0.539372 0.7133027
0.5 0.7260873
0.4745322 0.7364665
0.4341249 0.7450926
0.3933474 0.7509893
0.3521997 0.7541147
0.3111171 0.758055
0.2698901 0.7587246
