0.6211111 0.4301706
0.6415446 0.3967719
0.650813 0.3602341
0.6246939 0.3288716
0.5707613 0.3263906
0.518802 0.3407649
0.4974513 0.3632574
0.4768369 0.3977341
0.4562224 0.4322107
0.4379612 0.4672364
0.4208674 0.5
0.4256081 0.5347323
0.4468791 0.5690364
0.46815 0.6033405
0.5 0.6187802
0.5523449 0.6325371
0.6046898 0.6462941
0.6574686 0.6338208
0.7089934 0.6189708
0.758819 0.6016394
0.7911583 0.5733473
0.8151635 0.5398313
0.8273563 0.503696
0.8338778 0.4695212
0.8377568 0.4325672
0.8411599 0.3956482
0.82496 0.3601686
0.8065898 0.3254035
0.7730327 0.2956383
0.7394754 0.2658732
0.7049869 0.236751
0.6580782 0.216204
0.6111696 0.1956569
0.564261 0.1751098
0.5105798 0.1655776
0.4785812 0.178847
0.4302382 0.1979048
0.3818951 0.2169626
0.346153 0.2439843
0.319045 0.2764629
0.291937 0.3089417
0.2689584 0.3425563
0.2527586 0.3780359
0.2365587 0.4135154
0.2203588 0.448995
0.204159 0.4844746
0.1925675 0.5181129
0.1836604 0.5546894
0.1747534 0.5912659
0.1658463 0.6278424
0.1576967 0.6643751
0.1762178 0.6993608
0.1947388 0.7343467
0.2313646 0.7616795
0.2721453 0.7872559
0.3133258 0.8124776
0.3624628 0.8306378
0.4138762 0.8448325
0.4690263 0.8525189
0.5062262 0.8602052
0.5616861 0.8644564
0.6178318 0.8611028
0.6726687 0.8543501
0.7236375 0.8385545
