0.6635931 0.5746478
0.6444437 0.619852
0.6171989 0.6557116
0.5878634 0.6881167
0.5559893 0.7153425
0.5231408 0.7401064
0.4939452 0.7605368
0.4579509 0.7724743
0.4213755 0.7814947
0.3848811 0.7911946
0.3478372 0.7923019
0.3127522 0.7814633
0.2924614 0.7376953
0.278699 0.6883686
0.2726059 0.6359745
0.2710608 0.582751
0.2776511 0.5305638
0.2876779 0.5
0.3014245 0.4507311
0.3211838 0.4063553
0.3474279 0.368688
0.3749517 0.332962
0.4038817 0.2997968
0.4355196 0.2721194
0.4687245 0.2483311
0.5 0.2372774
0.5363109 0.2262672
0.5733837 0.2237335
0.6104659 0.2247442
0.6474645 0.2282853
0.6842389 0.2354827
0.7195058 0.2519786
0.7531432 0.2740993
0.7845132 0.3023165
0.8050226 0.345207
0.8224138 0.392265
0.8303349 0.4440952
0.8350204 0.4966524
0.8350204 0.529224
0.8269174 0.5809889
0.8113949 0.6289718
0.7924362 0.6747558
0.765973 0.7110561
0.7356225 0.7416861
0.7049313 0.7716401
0.6710883 0.793385
0.6369495 0.8142815
0.6026897 0.8347698
0.5660192 0.8418599
0.5292397 0.8488172
0.4977344 0.8581815
0.4608552 0.8630283
0.4237876 0.8655421
0.3868252 0.8703648
0.3497356 0.8711621
0.3127515 0.867401
0.2764044 0.8575739
0.2463053 0.8274181
0.2238017 0.7856965
0.2017296 0.7429092
0.181142 0.6985861
0.1757682 0.6459917
0.1719252 0.5932194
0.1719252 0.5399498
