0.5374132 0.6220291
0.5057585 0.6167732
0.4929261 0.6027777
0.4634024 0.589069
0.4385791 0.5640944
0.42002 0.532057
0.4035664 0.5
0.3954709 0.4719226
0.3897784 0.4331007
0.3897784 0.3931767
0.3990903 0.3556097
0.4155149 0.3217395
0.4393228 0.2950265
0.4686415 0.2790038
0.5 0.2746719
0.5161536 0.2713908
0.5482265 0.2713908
0.5802993 0.2713908
0.6101933 0.2808477
0.6358166 0.3046694
0.6632252 0.324538
0.6884211 0.3492099
0.7130665 0.3747379
0.7375469 0.4002569
0.7564967 0.4324377
0.7786853 0.4596486
0.7926756 0.4955433
0.804928 0.521847
0.8113035 0.5608958
0.8115415 0.6007988
0.8018669 0.6382329
0.784892 0.6719699
0.765711 0.7035191
0.7440454 0.7329555
0.7224506 0.7624586
0.6989686 0.7895907
0.6742599 0.815045
0.6495512 0.8404993
0.6236411 0.8636587
0.5946073 0.8804706
0.5639173 0.8910778
0.5318444 0.8910778
0.5014256 0.8813758
0.4877699 0.865546
0.4581949 0.8501016
0.4285117 0.8349913
0.3978571 0.8232502
0.3689901 0.8059555
0.3405442 0.7875204
0.3123037 0.7685974
0.284267 0.7492086
0.2578135 0.7268806
0.2327856 0.7022166
0.2151102 0.669497
0.2083968 0.6308214
0.2006489 0.5927575
0.1973615 0.5539669
0.1973615 0.5140429
0.2042823 0.4856791
0.2148589 0.4486811
0.2309017 0.4145855
0.2485284 0.381596
0.2721708 0.3554038
