0.3700007 0.3682531
0.3987685 0.3408908
0.4318274 0.3274648
0.4653472 0.3172498
0.4989376 0.3160506
0.5067424 0.3249432
0.527817 0.3671229
0.5377431 0.4187785
0.5374586 0.4725716
0.5253078 0.5201985
0.5012867 0.5576565
0.4982916 0.5865409
0.4643712 0.5913536
0.4309456 0.5868374
0.3982785 0.5711505
0.3703278 0.5456498
0.3521005 0.5
0.3417338 0.4485629
0.3371776 0.395727
0.3386041 0.3416843
0.3498803 0.2906297
0.3623623 0.2403024
0.3789947 0.1934065
0.4019509 0.1547744
0.4307485 0.1257342
0.4632442 0.1114368
0.4968618 0.1028489
0.505131 0.1028489
0.539265 0.1028489
0.573254 0.1057374
0.6069593 0.1142833
0.6406645 0.1228292
0.6743698 0.1313751
0.708075 0.139921
0.7385049 0.1622446
0.7673901 0.1910652
0.7835047 0.2359786
0.7919121 0.2877499
0.7908782 0.3418164
0.7876602 0.3952155
0.7759324 0.4460138
0.7642046 0.4968122
0.7475747 0.5432081
0.7265376 0.5858052
0.6996441 0.6180556
0.6706426 0.6465813
0.639824 0.6693305
0.6079918 0.6888571
0.57511 0.7025003
0.5415376 0.712272
0.5079653 0.7220438
0.5 0.7243034
0.465957 0.7203561
0.4319553 0.7160749
0.3994863 0.6993874
0.3670173 0.6827
0.3362897 0.6597152
0.3065394 0.6331963
0.2767891 0.6066775
0.2489221 0.5764687
0.2263384 0.535909
0.2078494 0.4906288
0.1962385 0.4418076
0.2067061 0.3914761
