0.4960249 0.5095202
0.5054235 0.4770898
0.5377775 0.4462379
0.5776992 0.4490085
0.6041222 0.4887114
0.6240584 0.5182146
0.6349242 0.5656909
0.6442637 0.6135148
0.6301137 0.6548226
0.5908658 0.6812193
0.546524 0.6963632
0.5 0.6994424
0.4610973 0.6812474
0.4308294 0.6439618
0.4013125 0.6060296
0.374285 0.5664297
0.3533054 0.5227787
0.3323257 0.4932539
0.3165334 0.447848
0.3088212 0.3997086
0.3043354 0.3512914
0.3043354 0.302488
0.318332 0.257122
0.3393116 0.2134708
0.3727274 0.1803729
0.4153962 0.1634862
0.4617996 0.1627069
0.5052263 0.1680963
0.5507098 0.179652
0.5959241 0.1926623
0.6411383 0.2056727
0.6813862 0.2291989
0.7189158 0.258481
0.7492566 0.2950698
0.7761922 0.3349582
0.7910271 0.3812572
0.8058619 0.4275562
0.8088348 0.476221
0.8115112 0.5108185
0.8071743 0.5591791
0.7998578 0.6073853
0.7901493 0.654861
0.7712561 0.6995314
0.7510767 0.7435565
0.7287463 0.7863746
0.6931155 0.8167446
0.6478194 0.8286152
0.6011481 0.832388
0.5542362 0.832388
0.5079881 0.8254134
0.4652979 0.815402
0.4207933 0.799969
0.3786649 0.7794818
0.3396318 0.7524105
0.3005987 0.7253392
0.2660627 0.6927798
0.2341903 0.6569698
0.2048258 0.6193312
0.1833422 0.5759462
0.1618585 0.5325612
0.1488003 0.5
0.1374225 0.4526537
0.130902 0.4046854
0.1461153 0.3717088
