0.6194028 0.5218766
0.6222188 0.5668811
0.6204352 0.6122131
0.6072522 0.6523467
0.5829852 0.6823115
0.5529598 0.6981089
0.5202528 0.6981089
0.4944368 0.6783357
0.4679212 0.6529963
0.4426137 0.6249382
0.4165552 0.5975858
0.3999294 0.5596022
0.3919981 0.5159675
0.3919981 0.4872313
0.4041075 0.4462011
0.419811 0.406318
0.4434648 0.3751933
0.4691304 0.3480928
0.5 0.3332143
0.5315726 0.3265713
0.5638092 0.3193157
0.5965161 0.3193157
0.6292231 0.3193157
0.6618423 0.3210338
0.6931483 0.3322924
0.7123361 0.368931
0.7321147 0.4051226
0.7479904 0.4446079
0.7584895 0.4876088
0.7718444 0.5122327
0.7792643 0.5565214
0.78273 0.6015307
0.78273 0.6470171
0.7771987 0.6907656
0.7631369 0.7318336
0.7445897 0.7679571
0.7190498 0.7963723
0.6926554 0.8227895
0.6625115 0.8404409
0.632401 0.8582018
0.6021202 0.8750834
0.569895 0.8827941
0.5382596 0.8939224
0.5055526 0.8939224
0.4735357 0.8939224
0.4411648 0.8898193
0.4094598 0.8787481
0.3782417 0.8651805
0.3474122 0.850013
0.3166745 0.8344684
0.287958 0.8129564
0.2600419 0.7893448
0.2347281 0.760541
0.2171169 0.7225934
0.2071433 0.6797978
0.1998119 0.6354753
0.1948791 0.5908333
0.1942758 0.5453767
0.1920631 0.5
0.1946532 0.4717924
0.2025366 0.4277347
0.2079136 0.3828671
0.2215902 0.3431533
