0.1846838 0.1981568
0.2359802 0.1903224
0.2869819 0.1807946
0.3379835 0.1712668
0.389605 0.1639147
0.4416215 0.1579478
0.4936379 0.1519811
0.5194675 0.1460142
0.571484 0.1400475
0.6201862 0.1464722
0.6653425 0.1661556
0.7104987 0.1858391
0.7556551 0.2055226
0.775601 0.239616
0.7913086 0.2761323
0.8070159 0.3126487
0.8227233 0.349165
0.8347304 0.3862543
0.8408833 0.42425
0.8470362 0.4622458
0.8470152 0.5
0.8352811 0.5106719
0.8235469 0.5479678
0.8092006 0.5844625
0.7805926 0.6165826
0.7519845 0.6487027
0.7233765 0.6808228
0.6899692 0.7101244
0.6516504 0.7362295
0.608189 0.7578331
0.5644875 0.7791625
0.5191504 0.7986253
0.5 0.8180883
0.4484109 0.8197347
0.3957814 0.8184162
0.3444364 0.8130881
0.2964139 0.7973884
0.2537059 0.7768282
0.2217911 0.7463967
0.1898764 0.7159653
0.1754955 0.6792066
0.1669117 0.6419116
0.1698328 0.6037127
0.187646 0.5683869
0.2121347 0.5345353
0.2385197 0.501426
0.2694513 0.4975589
0.3077989 0.4713384
0.3500097 0.450209
0.401 0.4406492
0.4519902 0.4310894
0.4981278 0.4372146
0.5109304 0.462492
0.5311846 0.4978069
0.5514387 0.5064977
0.5542286 0.5438493
0.5331313 0.578493
0.5007893 0.6085448
0.4803112 0.6224203
0.4283724 0.6264414
0.3757504 0.624971
0.3250641 0.6202822
0.303072 0.5869591
0.3157099 0.5522933
