0.6907324 0.6067199
0.6694142 0.6381411
0.6468867 0.6687089
0.6220191 0.69714
0.5887653 0.7155809
0.5535259 0.729763
0.51625 0.7381796
0.4811699 0.7342674
0.4456089 0.720123
0.4157197 0.6965083
0.3879816 0.6703486
0.36225 0.6425025
0.340499 0.6113695
0.3282569 0.5760262
0.3278543 0.5384657
0.3480836 0.5078498
0.3751786 0.491768
0.4102319 0.4768093
0.4449277 0.4605914
0.4815161 0.4493484
0.5170832 0.4448867
0.5554883 0.4430637
0.5938267 0.4446208
0.6317506 0.4508766
0.6689016 0.4601299
0.7039743 0.4755936
0.7326 0.5
0.7533394 0.521143
0.7663448 0.5566609
0.7788126 0.5923991
0.7849218 0.6296108
0.7854723 0.6673657
0.7854723 0.7051564
0.7851316 0.742909
0.777325 0.7798681
0.771136 0.8170987
0.7471477 0.8462294
0.7190935 0.8718811
0.6856799 0.8901098
0.6504099 0.9051592
0.6125724 0.9094853
0.5741373 0.9104943
0.5370128 0.9029204
0.5 0.8928733
0.4665887 0.8798553
0.4319628 0.8635125
0.3980279 0.8457286
0.3649524 0.8265604
0.3348648 0.8032439
0.3068007 0.7774655
0.2794267 0.7512102
0.2565714 0.7209648
0.2413733 0.6863987
0.2310424 0.6499983
0.224616 0.6130351
0.224616 0.5752443
0.2264836 0.5375369
0.2403308 0.5026274
0.2547961 0.4780057
0.2759359 0.4464491
0.2996743 0.4170033
0.3304392 0.3943381
0.3629439 0.3741943
0.3966433 0.357321
