0.505508 0.3431464
0.5437444 0.3594173
0.5836937 0.3681827
0.6196004 0.387879
0.646576 0.418673
0.6486952 0.4618879
0.6441224 0.5
0.6199188 0.5348322
0.5918266 0.5668055
0.5609131 0.5958145
0.5302172 0.6250703
0.5 0.6524937
0.4659628 0.6772107
0.4288416 0.6961405
0.3910597 0.7139635
0.3537779 0.7326707
0.3124237 0.7311743
0.273103 0.7175227
0.2426272 0.6883098
0.2158688 0.6550789
0.1905623 0.6206362
0.1705163 0.5828683
0.155236 0.5424579
0.1454296 0.5005891
0.1435619 0.4615631
0.1447257 0.4181086
0.1506685 0.3757628
0.1711755 0.3380387
0.1964757 0.3035688
0.228381 0.2758163
0.2635514 0.2527744
0.3016011 0.2356275
0.3405865 0.2207602
0.379779 0.2064734
0.4206022 0.1988817
0.4616128 0.1924006
0.5009769 0.1887892
0.5423947 0.1868303
0.5838903 0.1868303
0.6252912 0.1886207
0.6663132 0.1942968
0.7044537 0.2114277
0.7410281 0.2319614
0.7680631 0.2644482
0.7864958 0.3033364
0.8016096 0.3438252
0.8085482 0.3862944
0.8097809 0.4297397
0.8097809 0.473228
0.8017952 0.5112411
0.787448 0.5516099
0.7658725 0.5887576
0.7437084 0.6255121
0.7201277 0.6612338
0.6920881 0.6932913
0.662822 0.7241182
0.6289755 0.7488224
0.5932721 0.7709824
0.556837 0.7917476
0.5190932 0.8097477
0.4822949 0.8248647
0.4432009 0.8382676
0.4039335 0.8506449
