0.5703083 0.5484929
0.5357183 0.563995
0.5 0.5776207
0.4647682 0.5912464
0.4290498 0.604872
0.4112714 0.5860405
0.4112714 0.5512047
0.4112714 0.516369
0.4243736 0.5
0.4528136 0.4762959
0.4877371 0.4631319
0.5250102 0.458381
0.5633825 0.4635996
0.6017549 0.4688181
0.6392161 0.4766164
0.673929 0.4921954
0.7044754 0.5001079
0.7259858 0.5258595
0.7248448 0.5606803
0.7237038 0.5955009
0.720019 0.629747
0.7026625 0.6609051
0.685306 0.6920632
0.6671136 0.7227029
0.6407893 0.7483003
0.6091433 0.7660039
0.5716674 0.7750603
0.5341738 0.7840374
0.4961905 0.7886415
0.4577206 0.7932454
0.4192167 0.7957751
0.3806124 0.7921905
0.3420081 0.7886059
0.3133659 0.7700984
0.2916377 0.7412339
0.2699094 0.7123694
0.2481812 0.6835049
0.2362475 0.6516253
0.2336658 0.6168666
0.2310842 0.582108
0.2285026 0.5473495
0.2323504 0.5134555
0.2461667 0.4942402
0.259983 0.4616866
0.2737993 0.429133
0.2903318 0.3979233
0.313618 0.3700546
0.3369042 0.342186
0.3606265 0.3146659
0.388764 0.2906727
0.4169014 0.2666796
0.4483635 0.2467594
0.4823318 0.2299099
0.5158137 0.2130604
0.5497821 0.1962107
0.5862429 0.1855133
0.6243349 0.1788419
0.6624269 0.1721705
0.7005188 0.1654991
0.7387868 0.1684662
0.777102 0.1740132
0.8154171 0.1795602
0.848187 0.197791
0.8716304 0.2213651
