0.4913015 0.6113755
0.4506146 0.588725
0.4064342 0.571255
0.3696989 0.5441361
0.3426483 0.5108643
0.3310271 0.4781334
0.3310271 0.437663
0.3403611 0.3984104
0.3710369 0.366926
0.4074256 0.3390175
0.4496194 0.3178378
0.4957478 0.3016866
0.5422035 0.2985044
0.5903478 0.3059666
0.6386868 0.3164343
0.6811913 0.3378504
0.7223157 0.3611788
0.761621 0.3864604
0.7949064 0.4161796
0.8213738 0.4505594
0.8423393 0.4871863
0.8541507 0.5202206
0.8563684 0.5606021
0.8573766 0.6006032
0.8404782 0.6384307
0.8152078 0.6733863
0.7796153 0.7020032
0.7431554 0.7298828
0.7056435 0.7568684
0.6666752 0.7823912
0.6255992 0.8057714
0.5819428 0.8257698
0.534988 0.8403443
0.4897997 0.8465509
0.4471037 0.826787
0.4105098 0.799246
0.3772282 0.7688851
0.3440821 0.738428
0.3110886 0.707864
0.2793142 0.6765401
0.2507978 0.6431908
0.2256414 0.6081921
0.1995588 0.5736308
0.178624 0.5370787
0.162739 0.5
0.1587321 0.4657734
0.1587321 0.425303
0.1696076 0.386178
0.1899013 0.3492076
0.2163225 0.3149335
0.2488174 0.2840628
0.2844098 0.2554458
0.3200023 0.2268289
0.3618867 0.2045185
0.406595 0.1859751
0.4516163 0.1678762
0.5 0.156949
0.5456069 0.1503116
0.5959423 0.1503116
0.6460426 0.153345
0.6946437 0.1628969
0.738804 0.1823183
0.7831454 0.2014535
0.8242172 0.2244078
