0.4144965 0.4378264
0.4456554 0.4523378
0.479574 0.4611448
0.5041397 0.4594862
0.5282835 0.4380475
0.5449514 0.4117398
0.5574066 0.384525
0.5583771 0.3548375
0.5593476 0.32515
0.5590187 0.2955856
0.5499513 0.266849
0.5387543 0.2392412
0.5109524 0.2204351
0.4859681 0.213886
0.4511863 0.220873
0.4164278 0.2283695
0.3841523 0.2413296
0.3520229 0.2546111
0.3194366 0.2670731
0.2863539 0.2786448
0.2537656 0.2908766
0.2264917 0.310204
0.2134385 0.3349388
0.215032 0.3644562
0.2247176 0.3930546
0.2344031 0.4216531
0.2519232 0.4475429
0.2697453 0.4733283
0.2891997 0.4981004
0.3141804 0.5089303
0.3391612 0.5302715
0.3641419 0.5516128
0.3929474 0.5687588
0.424643 0.5827345
0.4563387 0.5967101
0.4905699 0.6045873
0.5162934 0.6096759
0.5484429 0.6003756
0.5792456 0.5850959
0.6030489 0.5634797
0.6242434 0.5395015
0.6454378 0.5155234
0.6627197 0.5
0.6799921 0.4739601
0.6972645 0.4479203
0.7064627 0.4192128
0.7156548 0.3905032
0.724744 0.361779
0.7277271 0.3321832
0.7307103 0.3025875
0.7336934 0.2729918
0.7239963 0.2444919
0.7136743 0.2160461
0.7024561 0.187859
0.689115 0.1602848
0.6689757 0.1368326
0.6396101 0.1202878
0.6059032 0.1100209
0.5711637 0.1031792
0.5355713 0.09916657
0.5 0.09502935
0.4741063 0.09082937
0.438233 0.09026533
0.4053576 0.09782097
