0.4726448 0.3653902
0.5 0.3927578
0.5159716 0.4264284
0.5240737 0.4645667
0.5270379 0.5021153
0.5146794 0.5387112
0.4938034 0.5694748
0.4583277 0.5872699
0.4163024 0.5890645
0.3756483 0.5796482
0.3406577 0.5585647
0.3139346 0.5289936
0.2993175 0.4943075
0.2973632 0.4554499
0.3050953 0.4174784
0.3223471 0.382229
0.3471 0.3507054
0.3781349 0.3245986
0.4141467 0.3048425
0.4529793 0.2896923
0.4927205 0.2767528
0.5287734 0.267521
0.5708966 0.2658254
0.6130199 0.2641297
0.6551578 0.2651338
0.696012 0.2724271
0.7342965 0.2886688
0.7616013 0.3181411
0.7797018 0.3528148
0.7912785 0.3897709
0.794789 0.4286625
0.7925754 0.4672706
0.7796977 0.5029311
0.7576013 0.5360593
0.7267339 0.5623267
0.6903306 0.5819445
0.6519892 0.5979949
0.6114803 0.6085628
0.5696526 0.6127924
0.5274979 0.6130385
0.4902417 0.6125425
0.4503523 0.6005335
0.4132239 0.5825777
0.379787 0.5589095
0.3531007 0.5290087
0.3265659 0.5
0.3025661 0.4681165
0.2879666 0.431658
0.2826211 0.3930083
0.2814285 0.3539991
0.2814285 0.3149623
0.2939604 0.2777739
0.315536 0.2442563
0.3415865 0.2137969
0.3714003 0.1861936
0.4054861 0.1634152
0.4426511 0.1452471
0.481575 0.130273
0.5166752 0.118026
0.5576062 0.1086713
0.5990319 0.1014046
0.6407247 0.09614426
0.6828877 0.09614426
0.7207624 0.1053649
