0.394274 0.4096938
0.4311599 0.391476
0.470158 0.3783279
0.5 0.3707899
0.5413353 0.363252
0.5770689 0.3732136
0.6077459 0.3989707
0.6125973 0.4325318
0.6059307 0.4695733
0.5827897 0.5
0.5559368 0.5289325
0.529084 0.5578687
0.5022311 0.586805
0.4731418 0.5964012
0.4322057 0.6054993
0.3915738 0.5983577
0.3510014 0.5880521
0.3196469 0.5651611
0.2926337 0.5363431
0.2802919 0.5050249
0.2934038 0.4693731
0.3065157 0.4337175
0.3196277 0.3980618
0.3360881 0.3638726
0.3598947 0.3329004
0.3837013 0.3019283
0.4075079 0.2709561
0.4313145 0.239984
0.4551211 0.2090118
0.4931548 0.1937364
0.5207661 0.1796427
0.5598708 0.165549
0.5954932 0.1848499
0.6310172 0.2050943
0.6665412 0.2253386
0.693056 0.2527823
0.7119266 0.2863347
0.7307973 0.319887
0.746233 0.3543081
0.7500533 0.3916667
0.7538736 0.4290254
0.7576939 0.466384
0.7615141 0.5037388
0.7576526 0.5396775
0.737398 0.5725859
0.7171434 0.6054944
0.6968889 0.6384029
0.6766343 0.6713114
0.6433325 0.6933057
0.6076152 0.7132794
0.5718979 0.733253
0.5361806 0.7532268
0.5004632 0.7732004
0.4740576 0.7886277
0.4331215 0.7977259
0.3921853 0.806824
0.3510268 0.8102279
0.3094796 0.8036747
0.2679324 0.7971216
0.2263852 0.7905685
0.1848379 0.7840153
0.1542306 0.7613353
0.1283247 0.7317246
