0.4360706 0.4971226
0.4631709 0.4581103
0.5055898 0.4804667
0.5209228 0.5205746
0.5151927 0.5725006
0.4671518 0.5928409
0.4136007 0.5998752
0.3612788 0.5875217
0.3219942 0.5560939
0.3016628 0.507364
0.2923629 0.4658859
0.2961173 0.4131286
0.3177623 0.3656208
0.3465851 0.3213522
0.3931466 0.2937766
0.4463076 0.281938
0.4998641 0.2877982
0.5518572 0.2994817
0.599838 0.3246689
0.6368011 0.3621265
0.6615502 0.4084556
0.6707233 0.4599679
0.6697177 0.5025668
0.6427828 0.5485581
0.6158479 0.5945494
0.5759904 0.6298601
0.5270717 0.652638
0.4765527 0.6694224
0.4227129 0.6768951
0.368931 0.6724141
0.3184069 0.6530579
0.2732535 0.6233643
0.2321291 0.5893609
0.1988455 0.5476629
0.1760727 0.5
0.1664269 0.4579868
0.1664269 0.4051041
0.1763134 0.3536837
0.1925896 0.3032082
0.2228879 0.2596459
0.2554018 0.2171759
0.2978567 0.1844321
0.3419876 0.153328
0.3930358 0.1376303
0.4466002 0.1275366
0.5 0.1280716
0.5544922 0.1308511
0.6064555 0.1460635
0.6579596 0.1635333
0.7033741 0.191448
0.7453924 0.2251881
0.7821739 0.2628556
0.8053343 0.3107387
0.8190666 0.3608074
0.8207711 0.4136642
0.8211561 0.4665411
0.8211561 0.5093972
0.8131455 0.5612977
0.7995559 0.6125142
0.7809994 0.6621394
0.7579848 0.7097676
0.7242445 0.7512447
0.6783584 0.77317
0.6309865 0.7539151
