0.3687722 0.3832814
0.3900028 0.3523659
0.4211705 0.3305585
0.4537593 0.3114465
0.4896566 0.3016858
0.5096889 0.2978092
0.5465029 0.2984045
0.5700483 0.3294441
0.5840835 0.3668174
0.5938053 0.4053467
0.5951278 0.445821
0.5902712 0.4858345
0.5758485 0.504456
0.5570732 0.5393839
0.5322952 0.569517
0.5061499 0.5982302
0.4930701 0.6222435
0.4609559 0.6419909
0.4259937 0.6551427
0.3896981 0.6622903
0.3533373 0.6577143
0.3195481 0.6426982
0.2946039 0.6127687
0.2702127 0.5824196
0.2505478 0.5482652
0.2351328 0.5114232
0.2240849 0.4912895
0.2170709 0.4515716
0.2114388 0.4115031
0.2109136 0.3711407
0.2131107 0.3307282
0.2237538 0.291898
0.2381019 0.2548927
0.2575976 0.220423
0.2814822 0.1901256
0.3098469 0.1640564
0.3379692 0.1376734
0.371742 0.1219933
0.4069597 0.1094961
0.4429207 0.1003062
0.4797491 0.09598741
0.5 0.09204283
0.5370393 0.09204283
0.5740395 0.09290034
0.6108949 0.0969342
0.6473013 0.1040293
0.6830709 0.1141731
0.7173203 0.1296086
0.7423389 0.1580903
0.761188 0.1928049
0.7742436 0.2306557
0.78035 0.270463
0.783126 0.3108347
0.783126 0.3513746
0.7811925 0.3917641
0.7722951 0.4304746
0.7532386 0.4652373
0.734182 0.5
0.7148194 0.5159968
0.6948568 0.5500964
0.6696534 0.5798038
0.6430421 0.6079363
0.6136895 0.6325575
