0.5315613 0.4973865
0.5539351 0.5077551
0.5639852 0.5481119
0.5652724 0.5903924
0.5567054 0.6305764
0.5362674 0.6643592
0.5079796 0.6884372
0.4946042 0.7012649
0.4607681 0.7093209
0.4268697 0.7145077
0.3950208 0.6986651
0.3683306 0.6723819
0.3457509 0.6405595
0.3279146 0.6042083
0.3145255 0.5651163
0.3068332 0.5241045
0.3068332 0.4992437
0.314611 0.4582825
0.3363294 0.4266745
0.3637992 0.4010294
0.3959872 0.3852853
0.428412 0.3702882
0.4616525 0.3585684
0.4954323 0.349036
0.5106964 0.3442091
0.5453383 0.3425799
0.5799969 0.3420082
0.6146645 0.3420082
0.6492121 0.3448019
0.6831656 0.3516975
0.7145808 0.3692082
0.7383662 0.3998794
0.7562025 0.4362306
0.7664908 0.476405
0.7748989 0.5
0.7753184 0.5423293
0.7753184 0.5847217
0.7717561 0.6268728
0.7632313 0.6676502
0.7508556 0.7071945
0.7324818 0.7431432
0.7107185 0.7759181
0.686713 0.8064728
0.6612391 0.8352267
0.6304077 0.8541969
0.5989639 0.8720487
0.5670103 0.8884377
0.5343999 0.902351
0.5 0.9076091
0.4843782 0.9079378
0.4498665 0.9069108
0.417525 0.8916473
0.3857641 0.8746556
0.3551979 0.8547574
0.3265555 0.8310778
0.2999305 0.8040381
0.2761706 0.773168
0.2548434 0.7400205
0.2357605 0.7046914
0.2201483 0.6678529
0.2111653 0.6269145
0.2108862 0.5845699
0.2108862 0.5421775
