0.5119054 0.7008708
0.5533696 0.6957905
0.5934851 0.6851971
0.6333261 0.6734817
0.6678318 0.6523926
0.7010293 0.629005
0.7342268 0.6056173
0.7546345 0.5725261
0.7733419 0.5381449
0.780748 0.5006792
0.7854978 0.4912882
0.7897234 0.453077
0.7885287 0.4146534
0.7873341 0.3762298
0.7796822 0.3392414
0.7616339 0.304564
0.7435856 0.2698866
0.7255373 0.2352092
0.7006458 0.205687
0.6671809 0.1826234
0.633716 0.1595598
0.5979655 0.1405982
0.5580385 0.1291328
0.5181115 0.1176673
0.476992 0.1181986
0.4354167 0.1224436
0.3938414 0.1266885
0.3580092 0.1462831
0.3223834 0.166429
0.289035 0.1894569
0.2571622 0.2143521
0.2310498 0.2437876
0.2091262 0.2765248
0.1908332 0.3104467
0.1853762 0.3485576
0.1799191 0.3866684
0.1777863 0.4247091
0.1851398 0.4625498
0.1935207 0.5
0.217409 0.5027552
0.2412972 0.5343103
0.2737816 0.5582433
0.3072465 0.5813069
0.3432699 0.6004565
0.3811463 0.6167715
0.4190227 0.6330864
0.4590891 0.6438509
0.5 0.6503871
0.5382992 0.6432361
0.5636572 0.6131629
0.5791929 0.5774729
0.5885075 0.5400172
0.5951838 0.502127
0.5976909 0.4928631
0.5871318 0.4556686
0.5715261 0.4208995
0.5443028 0.3917142
0.5096993 0.3704684
0.4703025 0.3594539
0.4288715 0.3554972
0.3908929 0.3671755
0.3778461 0.403544
0.3877975 0.4373873
