0.4507292 0.4284978
0.4174287 0.4543129
0.3845183 0.4811743
0.3540313 0.5029437
0.3387152 0.5425524
0.3372725 0.5857127
0.3517438 0.6264542
0.380619 0.6581793
0.4170539 0.6802932
0.4575174 0.6952645
0.5 0.7007058
0.5288868 0.7002699
0.5696414 0.6876929
0.607699 0.6693181
0.6413066 0.6432694
0.6622989 0.605652
0.6832335 0.5679666
0.6987729 0.5278864
0.7043924 0.4938291
0.7050146 0.4504939
0.7031842 0.4072612
0.6935378 0.3652462
0.6720432 0.32854
0.6356912 0.3063822
0.5983461 0.2859031
0.5568836 0.2762275
0.513867 0.2775233
0.4865635 0.2884578
0.4460196 0.3019255
0.4068502 0.3183626
0.3711452 0.3423168
0.3390561 0.3712382
0.3112371 0.4043236
0.277063 0.4307629
0.2487093 0.4634082
0.2259795 0.5
0.2093048 0.5310268
0.2047322 0.5739166
0.2044452 0.6172705
0.2044452 0.660634
0.2065783 0.7037982
0.2180956 0.7449564
0.2464102 0.7771875
0.2788033 0.8058045
0.3136482 0.8307679
0.3511697 0.8519663
0.3881701 0.8741799
0.4285877 0.8861083
0.471561 0.8896208
0.5005257 0.8899622
0.5436407 0.8899622
0.5863841 0.8843386
0.6289716 0.8775755
0.669897 0.8658888
0.6970164 0.8364714
0.7161924 0.7977889
0.7357095 0.7592986
0.7564619 0.7213542
0.7722695 0.6810458
0.7827079 0.6389993
0.7958826 0.5981188
0.8039405 0.5556425
0.8085967 0.512592
0.8129369 0.4785953
