0.6589059 0.5707105
0.6368704 0.6056361
0.6081159 0.6367142
0.5722131 0.6599855
0.5344801 0.6776285
0.4938233 0.6815517
0.4501821 0.6808355
0.4094814 0.6654627
0.3829183 0.6317626
0.3712228 0.5906066
0.367357 0.5474523
0.3685373 0.504185
0.3841433 0.4722315
0.4093814 0.4378198
0.4443406 0.4121521
0.4828962 0.3917484
0.5218831 0.378889
0.5647432 0.3722674
0.6083956 0.3715434
0.6520354 0.3733796
0.6896603 0.3931692
0.7235715 0.4177237
0.7576132 0.4449104
0.7861987 0.4772773
0.8171293 0.5
0.8337201 0.5391644
0.8413873 0.5812817
0.838523 0.6243204
0.8260739 0.665826
0.8112969 0.7066253
0.7948118 0.7467588
0.7721776 0.7837281
0.7472084 0.8186396
0.7106791 0.8412141
0.6704641 0.8581288
0.6272529 0.8623977
0.5836573 0.8653146
0.5402824 0.8616372
0.5 0.8540916
0.4574158 0.8448336
0.4157276 0.8317068
0.3750348 0.8161657
0.3372577 0.7943588
0.2986984 0.7741429
0.2648272 0.747465
0.2388159 0.7126381
0.2195449 0.6741083
0.2032994 0.6338584
0.1864072 0.5945202
0.1820333 0.5513921
0.185346 0.5083512
0.2032117 0.4773779
0.2207578 0.4377245
0.243683 0.4008048
0.2709976 0.3669462
0.3008646 0.3353494
0.3323166 0.3053403
0.3683837 0.2809592
0.4039344 0.2561203
0.4411151 0.2335669
0.47944 0.2140026
0.5202252 0.2111154
0.5639675 0.2111154
