0.4083143 0.3849853
0.4182842 0.3445683
0.4521063 0.3201309
0.4925084 0.3088814
0.5097453 0.3088814
0.5495542 0.3155801
0.5823594 0.3435808
0.6036539 0.3815098
0.6139909 0.4239466
0.6158985 0.4687234
0.6003346 0.5068045
0.5797054 0.5449651
0.5453836 0.5708138
0.5065001 0.5841951
0.4896161 0.5899925
0.448909 0.580085
0.4082966 0.5686151
0.3697256 0.5525353
0.3356321 0.526345
0.301656 0.5
0.2705702 0.4727754
0.2394844 0.4426242
0.2187806 0.4040818
0.2004677 0.3638578
0.1983698 0.3190907
0.2010312 0.2745947
0.2095451 0.2310807
0.2311597 0.1926453
0.261165 0.1616923
0.2950016 0.13631
0.334857 0.1221358
0.3747123 0.1079615
0.4160682 0.1028337
0.4580622 0.1015536
0.5 0.1012278
0.5167376 0.1081175
0.5582497 0.1150071
0.5997616 0.1218967
0.6359172 0.1429902
0.6703342 0.1686945
0.7047511 0.1943988
0.7371851 0.2220549
0.758431 0.2607237
0.7796769 0.2993923
0.7886423 0.3421074
0.7915328 0.3868242
0.7910072 0.4315084
0.7873677 0.4761629
0.7700898 0.5134619
0.7497951 0.5527079
0.7249319 0.5878929
0.692417 0.6162766
0.6584318 0.6421977
0.6205796 0.6616427
0.5825562 0.6805968
0.5420001 0.6922916
0.501444 0.7039863
0.4853244 0.7131832
0.443324 0.7142017
0.4013236 0.7152201
0.3593233 0.7162386
0.3179242 0.708689
0.2771044 0.6988084
