0.404771 0.2700212
0.4435833 0.2805196
0.4775827 0.3002983
0.5037286 0.3242046
0.5297515 0.351574
0.54677 0.3846612
0.5584778 0.419847
0.5667634 0.4557622
0.5690315 0.4923797
0.5690315 0.5283157
0.5524787 0.5610502
0.5271534 0.5895237
0.5 0.6124781
0.4661994 0.6329387
0.4271781 0.6428559
0.3874465 0.6481988
0.348504 0.6375356
0.3167488 0.6163912
0.2886224 0.5898707
0.2648378 0.5601916
0.2404264 0.5308124
0.2184004 0.5
0.1993266 0.4684178
0.1832943 0.4346438
0.1741084 0.3989501
0.1661265 0.3629187
0.1651857 0.3262578
0.1684723 0.2897398
0.1785224 0.254681
0.1999366 0.2234606
0.2251031 0.1946494
0.2555285 0.1707294
0.2922337 0.1549562
0.3308445 0.1433364
0.3706449 0.135761
0.4108849 0.131024
0.4515458 0.1294279
0.4921997 0.1286519
0.5282015 0.1308097
0.5674279 0.1390317
0.6056178 0.1517346
0.6403111 0.1702405
0.6720111 0.1931467
0.6996167 0.2201471
0.7271737 0.2471877
0.7546753 0.2742744
0.7713526 0.3075581
0.7867627 0.3415672
0.7966276 0.3769646
0.8007615 0.4134242
0.8007615 0.4501691
0.8007615 0.4869141
0.8007615 0.5228501
0.7969425 0.5586401
0.7760965 0.5901967
0.756801 0.6225496
0.731511 0.6508757
0.7021027 0.6761735
0.6685132 0.6969228
0.6349238 0.7176721
0.6022707 0.7396012
0.5666156 0.7559336
0.5283847 0.7680461
