0.450142 0.4444239
0.4902807 0.4198516
0.5354602 0.4144696
0.5783272 0.4334085
0.6133392 0.4652899
0.6285584 0.5084128
0.6188416 0.5549849
0.5842562 0.5875243
0.5402532 0.6067754
0.4945361 0.6114303
0.4470794 0.6081997
0.4000198 0.5978515
0.3598396 0.5715361
0.3249003 0.5386938
0.3069761 0.4960242
0.3032573 0.4463569
0.3070918 0.3971104
0.3218129 0.3496331
0.3469719 0.3075928
0.3822098 0.275673
0.4264751 0.2584222
0.4744156 0.2542807
0.5201186 0.2549213
0.5679436 0.2603102
0.6154003 0.2675064
0.6612424 0.282627
0.7070845 0.2977477
0.7447788 0.3280274
0.7808611 0.3608366
0.8019062 0.4056811
0.8229512 0.4505256
0.8282408 0.5
0.8279942 0.5465251
0.821838 0.5959846
0.7981467 0.6388819
0.7709037 0.6795726
0.7324184 0.7094944
0.6874014 0.7260692
0.6399968 0.7309594
0.5923038 0.7279814
0.5461519 0.71391
0.5 0.6998384
0.4567315 0.6836182
0.4118577 0.6656452
0.367692 0.6461786
0.3265513 0.6203311
0.2877238 0.5915864
0.2555422 0.5545186
0.2371411 0.5087378
0.22397 0.4641191
0.2192675 0.41459
0.2207246 0.3647432
0.2326433 0.3175145
0.2532838 0.2724684
0.2775166 0.2298599
0.3090832 0.192228
0.348629 0.1645648
0.390781 0.1410454
0.4376782 0.1299332
0.4849615 0.122829
0.5308728 0.1241073
0.5763531 0.1345518
0.6146663 0.1639865
0.6357822 0.2072857
