0.5926531 0.4841596
0.6123666 0.5174758
0.6208032 0.5633578
0.624633 0.6103638
0.6214672 0.656126
0.5943314 0.6872181
0.5575105 0.6990726
0.5194603 0.7007533
0.4870921 0.6929366
0.4521104 0.6757573
0.4195625 0.6523223
0.3891763 0.6233627
0.3714824 0.5824448
0.3625742 0.5363946
0.3609938 0.4919284
0.3609938 0.4444944
0.3701018 0.3991717
0.3857988 0.3568771
0.4129606 0.3236279
0.4432583 0.2958976
0.4769724 0.2735996
0.5055159 0.2549962
0.5438875 0.2538872
0.582315 0.2538872
0.6175985 0.2713133
0.6537724 0.2871913
0.6841103 0.3136231
0.7142637 0.3427958
0.7406464 0.3771614
0.7608277 0.4171256
0.7804264 0.4575738
0.7976117 0.5
0.807135 0.5425901
0.8107676 0.5897869
0.8201368 0.635526
0.8218428 0.6828289
0.80568 0.7222829
0.778969 0.75315
0.7478544 0.7771549
0.7150181 0.8016865
0.6800253 0.8203782
0.6436773 0.8357404
0.6073074 0.8506356
0.5695147 0.8587707
0.5322394 0.8699759
0.5 0.8784673
0.4617134 0.8824443
0.4232921 0.882645
0.3848861 0.8822196
0.3478587 0.8708081
0.3120586 0.8540876
0.2771993 0.8342177
0.2474833 0.805033
0.2262577 0.76579
0.2142825 0.7211735
0.2032246 0.6767013
0.1957641 0.6303525
0.1957641 0.5829186
0.1957641 0.5354846
0.1957641 0.490897
0.2000498 0.443839
0.2067257 0.3971405
0.2213922 0.3548255
0.2330738 0.3131003
