0.6218063 0.7031249
0.5722289 0.7153456
0.5197904 0.715695
0.4736298 0.7132571
0.4265685 0.6941863
0.3880978 0.665025
0.3595843 0.6287141
0.3462141 0.5870482
0.3438505 0.5435992
0.3438505 0.5
0.3596297 0.4683012
0.3877221 0.4316705
0.4220562 0.3987675
0.4631646 0.3716819
0.5 0.3464362
0.5508983 0.3358619
0.6025382 0.328251
0.654685 0.3250585
0.706824 0.3288665
0.7549413 0.3442847
0.7943571 0.3716927
0.8196174 0.4096837
0.8351305 0.4513167
0.8489348 0.4933797
0.8552582 0.5280364
0.8562618 0.5716059
0.8562618 0.6152051
0.8439712 0.6572456
0.8220967 0.6965778
0.7936875 0.7331939
0.7587115 0.765
0.7175164 0.7919842
0.6772407 0.8198397
0.6287277 0.8364401
0.577668 0.8447737
0.5254329 0.8486955
0.4787033 0.850824
0.4262386 0.850824
0.3758354 0.8422582
0.3291916 0.8225058
0.2842377 0.8000326
0.2449673 0.7720379
0.2143711 0.7367452
0.1870134 0.6995428
0.1754841 0.6571935
0.1671498 0.6141852
0.1611361 0.5708733
0.1619875 0.5275615
0.1680012 0.4927152
0.1835696 0.451454
0.2066406 0.4124892
0.2352333 0.3759337
0.2685384 0.3424538
0.3044959 0.3107049
0.3426045 0.2807435
0.382624 0.2528421
0.4274393 0.2301728
0.4733919 0.2093374
0.5159548 0.1921629
0.5650369 0.1768183
0.6150627 0.1638333
0.666738 0.1585041
0.7111508 0.1795628
0.7239078 0.2213547
