0.5040025 0.4522664
0.5132554 0.40568
0.5551754 0.3946768
0.5935183 0.4140464
0.6234748 0.4512278
0.6370608 0.4993797
0.6392332 0.5405943
0.6371074 0.5918583
0.6123631 0.634192
0.5811615 0.6685913
0.5435864 0.6928777
0.50031 0.6859365
0.4736293 0.6713457
0.4361767 0.6449143
0.4002027 0.6164067
0.3715165 0.5776671
0.3428303 0.5389274
0.3143671 0.5
0.2924353 0.4651508
0.2705036 0.4207237
0.2543348 0.3742495
0.2516926 0.3229703
0.2490503 0.2716911
0.2713944 0.2308313
0.3065514 0.2022691
0.3466063 0.1817853
0.3889077 0.1732889
0.4325723 0.1720661
0.4762369 0.1708432
0.5053797 0.1734312
0.5485377 0.1813276
0.5916956 0.189224
0.6348535 0.1971205
0.6732054 0.2213418
0.7112732 0.2465282
0.7470996 0.2744257
0.7695713 0.318478
0.7920429 0.3625302
0.798952 0.4129335
0.8045062 0.4638897
0.8100603 0.5052681
0.8042915 0.5560413
0.7975488 0.6067988
0.784013 0.6547375
0.7621866 0.6992363
0.7380881 0.7412695
0.7021327 0.7704358
0.6661773 0.7996022
0.6279705 0.8237718
0.5872615 0.8423817
0.5436518 0.8452313
0.5 0.8462983
0.4706804 0.845934
0.4289916 0.8306106
0.3873028 0.8152873
0.345614 0.799964
0.3048462 0.782316
0.2680583 0.7546229
0.2312705 0.72693
0.1999371 0.6912603
0.1707833 0.6533589
0.1486382 0.6090785
0.1393375 0.5600014
0.1418533 0.5093039
