0.3781051 0.4613404
0.4002913 0.4307555
0.4284591 0.4044899
0.4630321 0.3864247
0.5 0.3773569
0.5342672 0.378723
0.5722613 0.3886493
0.5954271 0.4159027
0.6020962 0.4521205
0.601166 0.4898061
0.5976005 0.517895
0.5748222 0.547905
0.549787 0.5770268
0.5231014 0.6042249
0.4933504 0.6221108
0.4571186 0.6351185
0.4181549 0.63717
0.3811443 0.6242775
0.3481277 0.604521
0.3172177 0.5811443
0.2863077 0.5577676
0.260052 0.5300084
0.236185 0.5
0.212318 0.4794737
0.193962 0.4468946
0.1840212 0.4103903
0.1740804 0.373886
0.1686727 0.3368246
0.1686727 0.2990986
0.1686727 0.2613726
0.1800518 0.2252857
0.1969469 0.192478
0.226219 0.1672406
0.2604967 0.1500748
0.2976333 0.1375188
0.3356633 0.1293053
0.3749959 0.1274213
0.4143284 0.1255374
0.4531157 0.1316845
0.4918621 0.1384331
0.5255301 0.1458106
0.5633365 0.1563739
0.6011429 0.1669371
0.6386856 0.1780956
0.6728784 0.1968129
0.7070713 0.2155302
0.740067 0.2353944
0.7596058 0.2681497
0.7782707 0.3012414
0.7878221 0.337841
0.7973736 0.3744406
0.8009734 0.411631
0.7994598 0.4493291
0.7979463 0.4870272
0.7918665 0.5142401
0.7760817 0.5488031
0.76083 0.5835624
0.7483764 0.6193524
0.7344109 0.6544871
0.7145677 0.687074
0.691762 0.7176201
0.6637793 0.7429153
0.6259128 0.7532794
