0.4081421 0.3994454
0.4352157 0.3644198
0.4725651 0.3637243
0.5 0.4001801
0.5026459 0.4531066
0.486568 0.5
0.4499914 0.5145047
0.4116931 0.5082918
0.3782608 0.483348
0.3500707 0.4458655
0.3301179 0.4003716
0.3359467 0.3481967
0.3628958 0.3095217
0.3977736 0.2866706
0.4363273 0.2774994
0.4754544 0.2796675
0.5122917 0.2848147
0.5485 0.3052216
0.5765732 0.3423952
0.5923261 0.3914821
0.5945791 0.4450028
0.5825962 0.4966483
0.5645813 0.543174
0.536095 0.5800829
0.5030668 0.6076156
0.4675315 0.6225902
0.4287376 0.6296945
0.3895792 0.6296945
0.3506967 0.6257085
0.3134867 0.6112944
0.281943 0.5793443
0.2550766 0.5403258
0.2356486 0.4948589
0.2274912 0.4419406
0.2261867 0.3877227
0.2349676 0.3350277
0.2475951 0.2842461
0.2689047 0.2387342
0.2957586 0.2001756
0.32711 0.1680135
0.3625947 0.1450729
0.3989955 0.1261762
0.4375786 0.1169114
0.4761617 0.1076465
0.5131533 0.1031879
0.5522942 0.1048065
0.5914351 0.1064251
0.6297939 0.1170374
0.6680923 0.1283446
0.7042513 0.1478538
0.7389221 0.17307
0.7665266 0.2111488
0.7896938 0.2537092
0.8020767 0.3051734
0.8037112 0.3592553
0.8042042 0.4134943
0.8037502 0.46768
0.794916 0.518657
0.774711 0.5649645
0.7487036 0.6052535
0.7187326 0.639856
0.682889 0.6616859
0.6464158 0.6814098
