0.5167568 0.5036439
0.5602468 0.5026372
0.6000804 0.5315482
0.6265688 0.5704426
0.6266984 0.6152408
0.5972561 0.6521944
0.5513781 0.673128
0.5 0.6669412
0.4682179 0.6395844
0.4288823 0.6092974
0.3931988 0.5763248
0.3677773 0.5365497
0.3479249 0.5
0.338298 0.4553951
0.3453195 0.410662
0.3773404 0.3749231
0.4171333 0.3461774
0.4627439 0.3232363
0.5039747 0.3142062
0.5563489 0.3128179
0.6079974 0.3225119
0.6554723 0.3404093
0.6984524 0.3666793
0.7290505 0.4036733
0.7595769 0.4407088
0.7880765 0.478917
0.811871 0.5142174
0.828527 0.5570439
0.8319309 0.602313
0.826807 0.6468413
0.8097516 0.689543
0.7830273 0.728358
0.7450497 0.7596476
0.6956166 0.7757359
0.6448107 0.786548
0.5920894 0.7898625
0.5392197 0.7898625
0.4964941 0.784987
0.4454307 0.774326
0.3970188 0.7563179
0.3533364 0.7307631
0.3125093 0.7020603
0.2729101 0.6720039
0.2405955 0.6362442
0.2093303 0.599663
0.1909454 0.5572945
0.1775516 0.5137067
0.1729046 0.4734474
0.1774683 0.4289257
0.1908633 0.3850425
0.2083276 0.3428221
0.2395928 0.306241
0.273122 0.2714323
0.3127212 0.2413757
0.3552461 0.2148586
0.4013984 0.1927294
0.4484505 0.1721523
0.4968603 0.1539167
0.5357528 0.1362118
0.5881199 0.1299712
0.6403304 0.1260723
0.691523 0.1374076
0.7328785 0.1606238
