0.6531403 0.5547545
0.6763714 0.5892395
0.6929942 0.6276414
0.6952083 0.6701499
0.677779 0.7077366
0.6414258 0.7288868
0.6002725 0.7382684
0.5591559 0.7448336
0.5168166 0.7465677
0.4754684 0.7433687
0.4431527 0.7179173
0.4257684 0.6797928
0.4257458 0.6370653
0.42801 0.5944976
0.4385558 0.5533745
0.4520464 0.5129185
0.4736736 0.4872444
0.5 0.4537523
0.5275632 0.4229006
0.5642776 0.4030008
0.6064132 0.4006953
0.648696 0.4026047
0.6831766 0.4264916
0.7127774 0.4562376
0.7403781 0.4885254
0.7645195 0.5125712
0.7863925 0.5490817
0.7995143 0.5893117
0.806496 0.6314069
0.8081278 0.6740452
0.8029356 0.7161901
0.7896639 0.7562457
0.7631066 0.7893922
0.7302611 0.8160853
0.6946531 0.8383491
0.6570271 0.8574647
0.6176437 0.8724765
0.5768664 0.8835828
0.5357981 0.8928804
0.4940832 0.8937731
0.4516746 0.8936656
0.4100964 0.8853713
0.368151 0.8799068
0.3268869 0.8700994
0.2872989 0.8551185
0.2529534 0.8304706
0.2286727 0.7955556
0.2194282 0.7538539
0.2076266 0.7129315
0.2021212 0.6706154
0.2021212 0.6278861
0.2021212 0.5851567
0.2021212 0.5424274
0.2048516 0.5
0.2124674 0.4689829
0.2280677 0.4299692
0.2450517 0.3919311
0.2690719 0.3567881
0.2987157 0.3266015
0.3359967 0.3066735
0.3774275 0.2980976
0.419845 0.2980976
0.4622625 0.2980976
