0.6260721 0.5919341
0.623142 0.6308438
0.6055068 0.6633203
0.584517 0.6925622
0.5578067 0.712154
0.5276335 0.7112047
0.5 0.6937459
0.4811224 0.6649306
0.472029 0.6274254
0.4652236 0.589197
0.4661707 0.5497911
0.4756835 0.5121917
0.4954354 0.4839106
0.5231951 0.4719646
0.5532117 0.4622332
0.5843965 0.4602173
0.6156381 0.4602173
0.6468797 0.4602173
0.6781212 0.4602173
0.7072563 0.4720771
0.728412 0.5
0.7453068 0.5316023
0.7602584 0.5657842
0.7669265 0.6044253
0.7743154 0.6428514
0.7805709 0.6814499
0.7819922 0.7209393
0.7818007 0.7604301
0.7649097 0.7934756
0.7415147 0.8193325
0.7154632 0.841131
0.6885709 0.8610342
0.6593002 0.8748471
0.6289082 0.8840085
0.5981193 0.8901393
0.5670465 0.8941801
0.5361506 0.9000475
0.5049874 0.9013772
0.4751629 0.900071
0.4441321 0.8964576
0.4135607 0.8883091
0.3840372 0.8754054
0.3558199 0.8588125
0.3287976 0.8389641
0.3019009 0.8188421
0.2769791 0.7951404
0.2527994 0.7700936
0.2330206 0.7397055
0.2157499 0.7068145
0.2038662 0.6703304
0.2018451 0.630862
0.2026677 0.5914775
0.2126035 0.553982
0.2258151 0.5181392
0.2452512 0.4889922
0.2655973 0.4589846
0.2866812 0.4297965
0.3087017 0.4020378
0.3345161 0.37977
0.3603498 0.3576061
0.3886939 0.342014
0.4184279 0.3302612
0.4487313 0.3215014
