0.6256582 0.3968607
0.6282138 0.4414436
0.6282138 0.4862176
0.6208548 0.5290185
0.6002852 0.5681857
0.5736887 0.6021878
0.5390819 0.626812
0.4992759 0.6415605
0.456986 0.6438542
0.4148245 0.6391429
0.3757284 0.6228611
0.3447245 0.5944904
0.3205475 0.5596154
0.3050901 0.5181257
0.2963282 0.4748929
0.3004623 0.4306271
0.325428 0.3957137
0.3540753 0.3633499
0.3895262 0.3390933
0.4294972 0.3239699
0.4707363 0.3143237
0.5116812 0.3053107
0.5539939 0.3005673
0.5965306 0.3000683
0.6390888 0.3000683
0.6814643 0.3035166
0.7218827 0.3152818
0.7551274 0.3430732
0.7817191 0.3770935
0.804342 0.414747
0.8195134 0.4561092
0.8275521 0.5
0.8275521 0.5444091
0.8275521 0.5891832
0.8248714 0.6338233
0.813318 0.6764933
0.7924321 0.715409
0.7645754 0.7488164
0.7330848 0.7789347
0.697479 0.8030961
0.6596529 0.8235897
0.6215878 0.8436133
0.5828754 0.8619065
0.5418692 0.8737539
0.5 0.8777692
0.4577437 0.8751888
0.4193709 0.8564739
0.3844394 0.8309122
0.3508826 0.8034737
0.3154523 0.7787896
0.2848312 0.7479484
0.2609232 0.7114855
0.2424194 0.6717054
0.2295191 0.6292653
0.2185845 0.5865589
0.2154181 0.5419105
0.2148783 0.4975539
0.2231645 0.4541525
0.2355244 0.411468
0.255691 0.3728496
0.2781864 0.3353752
0.30805 0.3038681
0.3434198 0.280865
0.3832192 0.2651154
