0.3821334 0.4805303
0.3750721 0.4387425
0.3793645 0.3975988
0.3894447 0.3567834
0.41631 0.3345845
0.4476838 0.3173861
0.4816662 0.314292
0.5007338 0.3156903
0.528521 0.3406931
0.5456777 0.3750423
0.5552751 0.4160379
0.5514631 0.457946
0.5455064 0.5
0.532578 0.5218015
0.5122044 0.5561429
0.5 0.5796213
0.4673955 0.5927957
0.4347909 0.60597
0.4008237 0.6098176
0.3665843 0.6118017
0.3323448 0.6137857
0.3025462 0.5945027
0.2734236 0.5719823
0.2488193 0.543357
0.2284457 0.5090157
0.2123769 0.488234
0.1998866 0.4484664
0.1970939 0.4062347
0.1960862 0.3635494
0.2029378 0.3229151
0.2181522 0.2848117
0.2430716 0.2554902
0.2686318 0.2270868
0.2953972 0.20041
0.3228657 0.1752242
0.3546005 0.1590866
0.3863353 0.142949
0.41807 0.1268114
0.4509824 0.1165972
0.4850942 0.112417
0.5047599 0.1082368
0.5388718 0.1040566
0.5728966 0.1029655
0.6066893 0.1101147
0.6404819 0.117264
0.6742747 0.1244132
0.7050666 0.1409743
0.7335863 0.1646622
0.7609166 0.1896252
0.7754647 0.2282917
0.7900127 0.2669582
0.7963707 0.3082053
0.7983261 0.3508396
0.7989991 0.3934377
0.7955018 0.4359187
0.7920047 0.4783996
0.7812531 0.5014444
0.7641792 0.5384731
0.7471052 0.5755018
0.7300313 0.6125305
0.7076616 0.6446232
0.683969 0.6754827
0.6584098 0.7038015
