0.5031905 0.4710041
0.4903561 0.4710041
0.4648537 0.4620087
0.4419484 0.4431172
0.4251836 0.4141266
0.4188814 0.3777865
0.4223164 0.3413095
0.4399803 0.3133779
0.4637316 0.2965938
0.4901711 0.2919825
0.5029272 0.2906386
0.5287098 0.2983316
0.5542524 0.3088154
0.5794551 0.3210713
0.6026422 0.3388866
0.6240687 0.3610765
0.6402129 0.3907616
0.6470267 0.4269156
0.6470267 0.4647772
0.6383896 0.5
0.6239015 0.5235921
0.6066009 0.5523747
0.5863025 0.5766211
0.5633467 0.595817
0.5377689 0.6059806
0.5122598 0.6168448
0.5 0.6245914
0.4736168 0.6298021
0.4470057 0.631603
0.4203666 0.6317334
0.3944792 0.6251316
0.3726526 0.6052139
0.3598192 0.572846
0.3489685 0.538342
0.3358708 0.5055234
0.3234785 0.4797212
0.3112724 0.4461636
0.2982724 0.4132176
0.2869143 0.3790456
0.2843212 0.3415164
0.2890061 0.3044276
0.302425 0.2720865
0.3223257 0.2471539
0.3435014 0.2242953
0.3663994 0.2049861
0.3902916 0.1884283
0.4156788 0.1769485
0.4410432 0.1653675
0.4664323 0.1538975
0.4918609 0.1426044
0.5038512 0.1332847
0.529873 0.1251669
0.5560353 0.1181535
0.5824088 0.112799
0.608888 0.1088481
0.6354639 0.1062131
0.6620914 0.1049924
0.6887243 0.1042609
0.7153656 0.1042609
0.7407019 0.1114185
0.7644465 0.1285772
0.785754 0.150834
0.8055986 0.1760948
