0.4259469 0.347357
0.4637504 0.347357
0.4905947 0.3773948
0.5014835 0.4159387
0.5072532 0.4574188
0.5059931 0.5
0.4945765 0.5339256
0.4697592 0.5624576
0.4345261 0.5780134
0.3976018 0.583334
0.3597984 0.583334
0.32628 0.5677599
0.2951983 0.5433301
0.2641166 0.5189002
0.2404501 0.4906604
0.2194805 0.4549498
0.2048919 0.4164422
0.1992841 0.3739981
0.2016377 0.3319257
0.2102962 0.2901478
0.2350144 0.2579906
0.2605041 0.2262956
0.286682 0.1955768
0.3195046 0.1742831
0.3523272 0.1529894
0.3885751 0.1414885
0.4253232 0.131418
0.4622096 0.1228341
0.5 0.1239631
0.5323008 0.1250922
0.5700912 0.1262212
0.6061911 0.1367507
0.6413469 0.1525302
0.6765026 0.1683097
0.7116584 0.1840892
0.7434851 0.2056255
0.7702162 0.2359737
0.7969474 0.266322
0.8115479 0.3032893
0.8157226 0.3459457
0.8198973 0.3886021
0.824072 0.4312584
0.8282467 0.4739148
0.8243583 0.5113202
0.8138183 0.5525372
0.8032783 0.5937542
0.7852215 0.6305778
0.7617968 0.6642641
0.7345254 0.6924865
0.7004215 0.7110041
0.6662597 0.7293183
0.629066 0.7369959
0.5918723 0.7446734
0.5546786 0.752351
0.5169127 0.7528241
0.4845988 0.7528241
0.4467953 0.7528241
0.4091064 0.751881
0.3727149 0.740261
0.3363233 0.7286409
0.299955 0.7169383
0.2643862 0.7024008
0.2288174 0.6878633
0.2002777 0.6621666
