0.4209092 0.3774914
0.4642244 0.3798882
0.5 0.4044012
0.5106417 0.4540253
0.4928981 0.4971924
0.452853 0.5090193
0.4120877 0.5
0.381831 0.4617139
0.3646918 0.4127034
0.3555894 0.3606943
0.3644658 0.3103615
0.3994904 0.2807873
0.4430206 0.2750416
0.4868949 0.2780128
0.525831 0.2896303
0.5665577 0.308365
0.6033183 0.3374456
0.6269387 0.3825818
0.6309764 0.4356557
0.6219404 0.4877303
0.5993046 0.526718
0.5669082 0.5621677
0.5282835 0.5860882
0.4898691 0.5998085
0.4463795 0.5979653
0.4038303 0.5845628
0.3626002 0.566237
0.3224639 0.5443237
0.2840452 0.5190786
0.2503358 0.4915871
0.2231367 0.450371
0.2053811 0.4022922
0.1969835 0.3497753
0.2011677 0.2968747
0.2214242 0.2509217
0.2503259 0.2111242
0.2847967 0.1778793
0.3249018 0.1569474
0.3663054 0.1388536
0.4077682 0.1210388
0.451203 0.1125198
0.4946378 0.1040008
0.534303 0.1022802
0.5779927 0.1085835
0.621542 0.1154151
0.6600016 0.1413972
0.6953647 0.1721004
0.7247502 0.2119177
0.7512837 0.2538045
0.7661484 0.3041588
0.7774284 0.3556741
0.7851292 0.4083487
0.7842853 0.4612421
0.7784157 0.5073757
0.7637521 0.5564104
0.7389216 0.6003302
0.7033995 0.6318963
0.6634514 0.6532747
0.6211197 0.6667343
0.5774777 0.6735092
0.5337967 0.6798859
0.4939561 0.6857941
0.4499838 0.6874238
