0.64243 0.7294081
0.6086559 0.7505155
0.563525 0.7434314
0.5295187 0.7160218
0.5006894 0.6821615
0.4792791 0.6443008
0.4575735 0.6060263
0.4433847 0.5648975
0.4331852 0.5226094
0.4264731 0.4956954
0.4251081 0.4524049
0.4317451 0.409647
0.4594648 0.3781743
0.5 0.3597559
0.5437011 0.349321
0.5897583 0.3473665
0.6349476 0.3546541
0.6776075 0.3703874
0.7185178 0.3904515
0.759697 0.4100209
0.7928203 0.4388944
0.8197937 0.4732657
0.8277863 0.5
0.8316874 0.5430125
0.8316874 0.5863881
0.8282157 0.6296157
0.8200305 0.6718804
0.8001279 0.7109122
0.7758786 0.747793
0.7473059 0.7815897
0.7112844 0.8082849
0.6712811 0.8298512
0.6281466 0.8443317
0.5837516 0.8561339
0.5388699 0.8659023
0.4942137 0.8733343
0.4481443 0.8741437
0.402446 0.8690856
0.3591474 0.8562864
0.3235126 0.8287883
0.2940977 0.7956473
0.2654991 0.761622
0.2394793 0.7261595
0.2202533 0.6867282
0.2041481 0.6462127
0.1914715 0.604506
0.1822705 0.5620072
0.1770731 0.519039
0.1751521 0.4916821
0.1767274 0.4483503
0.1845416 0.4063016
0.2034773 0.3667465
0.2283866 0.3303632
0.2592069 0.2982734
0.2976022 0.2745451
0.3385519 0.2546723
0.3817367 0.2399613
0.4272533 0.2337889
0.4733559 0.2327842
0.5185789 0.235395
0.5617751 0.2500997
0.6059506 0.2624371
0.6486931 0.2784119
0.6841304 0.2810298
