0.3928749 0.5751876
0.3459813 0.5674983
0.3453465 0.5304667
0.359453 0.4992287
0.3839197 0.4631108
0.4226882 0.4419494
0.4699135 0.4349619
0.5014192 0.445051
0.5458822 0.4616861
0.5872294 0.484357
0.6030495 0.5141528
0.6146206 0.5545902
0.6096756 0.5953026
0.6000043 0.6360936
0.5903329 0.6768847
0.5556888 0.7057786
0.5192709 0.7338274
0.4909857 0.7497257
0.443808 0.7618377
0.3966303 0.7739497
0.3488701 0.7781923
0.3002728 0.7711244
0.2563744 0.7562336
0.2208758 0.7273583
0.1853771 0.698483
0.1682261 0.6616593
0.1610855 0.6204988
0.1539448 0.5793384
0.1640429 0.5394641
0.1796374 0.5
0.195232 0.4686424
0.2157057 0.4309274
0.2385628 0.3940667
0.2614198 0.357206
0.2842769 0.3203453
0.3071339 0.2834847
0.3395976 0.2536651
0.3796751 0.2294259
0.4197527 0.2051868
0.4598302 0.1809476
0.5 0.1568833
0.531839 0.1479938
0.5800141 0.1391042
0.6254117 0.1499109
0.6697704 0.1680855
0.7138123 0.1865392
0.737244 0.2231423
0.7606756 0.2597453
0.7841072 0.2963484
0.8070089 0.3331335
0.8205565 0.3731318
0.8341042 0.4131301
0.8332065 0.4530122
0.8187573 0.4927854
0.8043082 0.524452
0.7898589 0.5642251
0.7754098 0.6039983
0.7463592 0.6375994
0.7172387 0.6711709
0.688118 0.7047425
0.6572916 0.7371485
0.6244091 0.7681497
0.5901825 0.7980784
0.555312 0.8274932
