0.4816214 0.383025
0.464686 0.3854122
0.4514202 0.3663866
0.4455817 0.3365524
0.4428094 0.3064443
0.4533641 0.2843771
0.4711235 0.2768511
0.489102 0.2732117
0.5042188 0.2732117
0.5223163 0.2758403
0.5401037 0.2831959
0.5566149 0.2957678
0.5725611 0.3112994
0.5862694 0.3310112
0.5971071 0.3555861
0.6042064 0.3843599
0.6045556 0.4157538
0.6003733 0.4439339
0.5880265 0.4663353
0.5714239 0.4796789
0.5544503 0.4915465
0.5365722 0.4967678
0.5183019 0.4991233
0.5 0.5
0.4848832 0.5
0.4665618 0.5
0.4483399 0.4967307
0.4304964 0.4902247
0.4129688 0.4810375
0.3951603 0.4737188
0.378661 0.4609279
0.3636292 0.4429272
0.3504611 0.4212305
0.3413197 0.3939235
0.3337331 0.3652226
0.329765 0.3348224
0.3291457 0.3033096
0.3323765 0.272441
0.3401769 0.2440682
0.3493621 0.2167749
0.3602473 0.1917826
0.3738333 0.1706129
0.3877388 0.1501408
0.4028596 0.132323
0.4185711 0.1162339
0.4350808 0.1026435
0.4525518 0.09314176
0.4703869 0.0862526
0.4885105 0.08189452
0.5036065 0.08039367
0.5219118 0.0790756
0.5402197 0.07786289
0.5584719 0.07529581
0.5766962 0.07204893
0.5949651 0.0702959
0.6132866 0.0702959
0.631608 0.0702959
0.6499295 0.0702959
0.6682509 0.0702959
0.6865724 0.0702959
0.7048939 0.0702959
0.7230153 0.07445771
0.7405002 0.08296359
0.755645 0.09894279
