0.4932323 0.1968028
0.5062343 0.2293493
0.5294424 0.2633876
0.5402403 0.3042995
0.5468761 0.3465082
0.5469979 0.3892874
0.54252 0.4318464
0.5285741 0.471341
0.511336 0.5072756
0.4897971 0.5375732
0.4562222 0.5585881
0.418695 0.563621
0.3807041 0.5588924
0.3506326 0.5319086
0.3249218 0.5
0.3027602 0.466251
0.2853248 0.4280365
0.2783285 0.3864407
0.2773641 0.3436345
0.274746 0.3009186
0.2809873 0.2589258
0.3041556 0.2246458
0.3244953 0.1884644
0.3560157 0.16356
0.3879874 0.1397864
0.4258631 0.1308086
0.4624406 0.1167448
0.5 0.1071378
0.532679 0.1039432
0.5714146 0.1039432
0.6096935 0.1083789
0.6450788 0.1240584
0.6766913 0.1487598
0.7056662 0.177037
0.7319397 0.2085212
0.7562397 0.2418822
0.7771731 0.2779222
0.7859176 0.3195335
0.8006982 0.3589959
0.8051064 0.4013517
0.8051869 0.4441952
0.8050584 0.4870364
0.8002215 0.5279043
0.781993 0.5657106
0.7565075 0.5975692
0.7242699 0.6211824
0.6915901 0.644186
0.6571445 0.6637395
0.6195533 0.6732174
0.5821105 0.6839345
0.5441924 0.6911062
0.5055578 0.6941481
0.4727609 0.6962774
0.4340253 0.6962774
0.3954441 0.6935348
0.3626112 0.6735413
0.3293372 0.6542749
0.299197 0.6275683
0.2704855 0.598833
0.2467056 0.5656896
0.2334525 0.5261711
0.2221095 0.486734
0.2178907 0.444385
0.2174008 0.4024211
