0.6076037 0.5193678
0.6169317 0.5602121
0.6161916 0.6043759
0.6030023 0.6461433
0.5740035 0.6764755
0.5401724 0.6993301
0.5029525 0.7152116
0.4694417 0.7241536
0.4377204 0.7038696
0.4146599 0.6679624
0.3938915 0.6301697
0.3821659 0.5880731
0.3771883 0.5442256
0.3789306 0.5
0.388399 0.4598542
0.4037497 0.4195498
0.4277796 0.3855671
0.4605359 0.3610609
0.5 0.3549172
0.5346938 0.3536682
0.5741208 0.3593282
0.6121141 0.3725682
0.6486104 0.3904185
0.682143 0.4137922
0.7128049 0.4420941
0.7404069 0.4740556
0.7620167 0.5081812
0.7860842 0.5433261
0.8013028 0.5839623
0.8106142 0.6267723
0.8128199 0.6709419
0.7999519 0.7126287
0.7797346 0.7497519
0.7519141 0.7814869
0.7260574 0.8151474
0.6903939 0.8349689
0.6560913 0.8573089
0.6183727 0.8712161
0.5794061 0.8803219
0.5397673 0.8849072
0.5002487 0.890056
0.4654926 0.890056
0.4257657 0.887127
0.3879839 0.8748568
0.3531821 0.8533359
0.3184299 0.8316064
0.2891623 0.8016863
0.2627978 0.7684363
0.2408712 0.7319274
0.2240064 0.6919157
0.2142651 0.6492053
0.2139481 0.6049049
0.2196609 0.5613645
0.2358338 0.5209948
0.254927 0.4848796
0.2791026 0.4497729
0.3093838 0.4209959
0.3383408 0.391171
0.3725495 0.3684067
0.4066446 0.3454281
0.4412111 0.3233478
0.4766107 0.3038865
0.5106534 0.2962711
0.5493034 0.2888626
