0.4157857 0.6397676
0.3957534 0.6134931
0.377236 0.578364
0.3806426 0.5401825
0.3877372 0.5014877
0.4042779 0.4703166
0.4297068 0.4397025
0.4693526 0.4362103
0.4938061 0.4644627
0.5038449 0.5
0.5206329 0.5322478
0.5347492 0.5682513
0.5188237 0.6045057
0.5 0.6394512
0.4875759 0.6738274
0.4667125 0.7077529
0.4438926 0.7405199
0.4103563 0.7622507
0.3704657 0.7648783
0.3311843 0.7524582
0.2961608 0.7335033
0.2668822 0.7057312
0.2432308 0.673751
0.2215934 0.6402645
0.1999561 0.606778
0.1801051 0.5726684
0.1737129 0.5338635
0.1673208 0.4987111
0.1609286 0.4599063
0.1739817 0.42319
0.1893596 0.3867234
0.2076982 0.3521088
0.2369768 0.3243367
0.2662554 0.2965646
0.3028882 0.2792285
0.3411369 0.2641854
0.3793855 0.2491422
0.4176342 0.2340991
0.4568435 0.2220778
0.4974833 0.2145562
0.5305312 0.2070344
0.571171 0.1995128
0.6117673 0.1958564
0.6522284 0.2041996
0.6926895 0.212543
0.7173942 0.2428063
0.7403622 0.2754856
0.7633302 0.308165
0.7862983 0.3408443
0.8040292 0.3760369
0.8181795 0.412948
0.8285978 0.4504826
0.8285978 0.4897583
0.8285978 0.5253816
0.8285978 0.5646573
0.8240848 0.6034417
0.8147057 0.6416966
0.8053266 0.6799514
0.7959476 0.7182062
0.7861869 0.7563553
0.7724061 0.7933919
0.7586253 0.8304285
0.7448445 0.867465
