0.5 0.6512529
0.4744236 0.6187027
0.4518883 0.582953
0.438803 0.5423995
0.4336422 0.5
0.4332906 0.4581707
0.4404971 0.4160893
0.4593117 0.3783709
0.4859889 0.3461151
0.5036885 0.3254791
0.544819 0.321012
0.5860196 0.3246862
0.6229982 0.3421672
0.6490299 0.3751464
0.6707653 0.4114048
0.6824343 0.4521963
0.6912652 0.4939426
0.692816 0.535613
0.692816 0.5783424
0.6905363 0.6209422
0.6845785 0.6631718
0.6710482 0.7031783
0.6507227 0.7404601
0.6252023 0.7735419
0.5921479 0.7991887
0.5550635 0.8181244
0.5154797 0.83084
0.493037 0.8388352
0.4515503 0.8415649
0.4104181 0.8378047
0.3696181 0.8294247
0.3311164 0.8135449
0.295152 0.7922876
0.2670531 0.7619755
0.2443581 0.7261671
0.2236367 0.6893458
0.2132398 0.647972
0.2028429 0.606598
0.2025874 0.5639019
0.2025874 0.5211725
0.2122793 0.4807324
0.2238488 0.439688
0.2379066 0.3998882
0.262239 0.3652271
0.2865714 0.330566
0.3109038 0.2959049
0.3414038 0.2675815
0.3751701 0.2426145
0.410448 0.220084
0.4467512 0.1992062
0.48531 0.1836472
0.5064917 0.1705716
0.5474532 0.1646075
0.5889475 0.161451
0.6305172 0.1626532
0.671808 0.1660815
0.7117017 0.1782203
0.7510319 0.1919183
0.7889751 0.209453
0.8198977 0.2374334
0.8449209 0.2709031
0.861447 0.3100814
0.8651485 0.352499
