0.4742956 0.4845042
0.5363836 0.4429889
0.574184 0.5029759
0.525489 0.570031
0.4522908 0.5880266
0.3991487 0.5278608
0.3861888 0.4486283
0.4185938 0.3650263
0.4888999 0.332319
0.5641086 0.3318491
0.636593 0.3583018
0.6814832 0.4306706
0.6750373 0.5105536
0.6350971 0.5904254
0.5769726 0.6482108
0.5003378 0.6507952
0.4274006 0.6302769
0.3623069 0.5820387
0.3228224 0.5017633
0.3065538 0.4228454
0.3222885 0.3339521
0.3830238 0.2780036
0.4570165 0.2528938
0.5312866 0.2395639
0.6081764 0.2413188
0.6794127 0.2741638
0.7329502 0.341384
0.7612442 0.4276551
0.7640895 0.5095623
0.7469597 0.5998436
0.7011151 0.6734908
0.6358292 0.7225243
0.5614678 0.7446929
0.48621 0.7462804
0.410643 0.7291247
0.3448105 0.6810189
0.2877596 0.6180919
0.2454592 0.5398353
0.225244 0.4617943
0.2241918 0.3676469
0.2464854 0.2789319
0.2939838 0.2052364
0.3579879 0.1535124
0.4323838 0.1357755
0.5059108 0.1527059
0.5800895 0.1775581
0.6515713 0.2118146
0.7140304 0.2654186
0.7630306 0.3377838
0.7919611 0.4243046
0.8089085 0.5036881
0.8117555 0.5974433
0.7814262 0.6832507
0.7257059 0.7467738
0.6513281 0.7679377
0.5752809 0.7794926
0.5 0.7794926
0.4230923 0.7787855
0.3475449 0.7642661
0.2782044 0.7248253
0.2160046 0.6695742
0.1723641 0.5929018
0.1601349 0.5
0.1574499 0.4180807
