0.6175669 0.5685124
0.610721 0.6047778
0.57847 0.6324849
0.5337641 0.6386529
0.4923013 0.6185955
0.4652507 0.5864981
0.4409847 0.5530282
0.4264995 0.5163452
0.4298626 0.4987295
0.4627777 0.4705232
0.5037887 0.4484392
0.5485691 0.4318616
0.598212 0.4385172
0.6463569 0.4494708
0.69383 0.4623519
0.740765 0.4762425
0.7866564 0.4920904
0.8163735 0.5
0.8246608 0.5377771
0.8222965 0.5751897
0.809572 0.6122476
0.7928512 0.6482936
0.7737644 0.6837403
0.7486181 0.7167974
0.7214445 0.7490548
0.6881304 0.7766566
0.645341 0.7967981
0.5985366 0.8110217
0.5503623 0.8191285
0.5 0.8174649
0.4509919 0.8102504
0.4029012 0.7987676
0.3548104 0.7872848
0.3087178 0.772046
0.2636298 0.7549185
0.236912 0.723165
0.2122815 0.6897497
0.1937258 0.6543465
0.1786897 0.6177917
0.1636537 0.5812368
0.1589135 0.5431226
0.1543495 0.5049818
0.1547292 0.484379
0.1637468 0.4466986
0.1727645 0.4090182
0.1909426 0.3736001
0.2128112 0.3390933
0.2389213 0.3067774
0.2731133 0.2786358
0.3073054 0.2504941
0.3417863 0.222558
0.3765061 0.1947919
0.4158048 0.172279
0.463005 0.1588316
0.5101352 0.1453843
0.5594468 0.141866
0.6098195 0.1433379
0.6572601 0.1538963
0.7028174 0.1702912
0.7465456 0.1893323
0.7874417 0.2108861
0.8181772 0.2412421
0.8489126 0.2715981
