0.5897042 0.4728865
0.6177222 0.5
0.6306458 0.5523611
0.630536 0.608421
0.6044136 0.6475264
0.5670824 0.6632676
0.528393 0.6716175
0.4900637 0.6716175
0.4511373 0.6681855
0.4126102 0.6580159
0.3796477 0.6285259
0.3637282 0.5774225
0.3552898 0.522595
0.3552898 0.4758646
0.3675926 0.4229947
0.3926318 0.3799897
0.4220995 0.3430904
0.4555412 0.3138948
0.4919577 0.2942713
0.5287926 0.2790314
0.5672846 0.2690268
0.6062799 0.2692482
0.642047 0.2902639
0.6739485 0.3203858
0.69679 0.3660434
0.7200334 0.4113927
0.7492803 0.4487498
0.776732 0.4889391
0.8043428 0.5192209
0.8307423 0.5609099
0.8455395 0.6127887
0.8531297 0.6674255
0.8329419 0.7099624
0.801609 0.7421234
0.7652916 0.762805
0.7270981 0.7750877
0.689643 0.791677
0.6521149 0.8079209
0.6133585 0.8152577
0.5754915 0.829175
0.5374435 0.8418603
0.5 0.851082
0.4609371 0.8539766
0.421749 0.8539766
0.3825609 0.8539766
0.3433728 0.8539766
0.3046423 0.8504288
0.2676245 0.8320396
0.2412308 0.7914268
0.2241605 0.7407879
0.2107368 0.6887454
0.2084954 0.6325006
0.2084954 0.5760909
0.2170717 0.5214204
0.2295906 0.4776793
0.2465827 0.4269171
0.2609633 0.3749917
0.2838772 0.3296422
0.3114656 0.2902287
0.3456805 0.2635123
0.3798407 0.2360116
0.4172151 0.2207286
0.4562765 0.2181628
0.4839861 0.2471085
