0.5756561 0.7078118
0.5347099 0.7113694
0.5 0.6947317
0.4684051 0.663549
0.4368423 0.6323644
0.4133022 0.5946298
0.3981694 0.5496462
0.3910139 0.5018213
0.3938368 0.4611228
0.4187852 0.4228009
0.4474301 0.3881367
0.4805557 0.3593825
0.5125218 0.332906
0.5504633 0.3150693
0.5913767 0.3099571
0.6309902 0.3127956
0.6571473 0.347804
0.6841438 0.3843684
0.7133086 0.418718
0.7349718 0.4598411
0.7605689 0.4978921
0.7798215 0.5326942
0.7880056 0.58013
0.7960349 0.6277371
0.7991775 0.6758933
0.7976155 0.7243691
0.7857441 0.7704899
0.7586521 0.8060884
0.728413 0.837552
0.6913654 0.8579816
0.6503779 0.8633701
0.6092876 0.8675653
0.5680543 0.8679016
0.5270571 0.8637904
0.4890744 0.8551548
0.4486402 0.8456523
0.4078577 0.8388071
0.3700705 0.8193362
0.3329588 0.798167
0.3007434 0.7683089
0.2685619 0.7379684
0.2393971 0.7036188
0.2102323 0.6692691
0.1842123 0.6320905
0.1661113 0.5888992
0.1614022 0.5408216
0.1617918 0.5
0.1754955 0.4548728
0.1988008 0.4148182
0.2236108 0.3762275
0.2581589 0.3497202
0.293163 0.3241943
0.3293861 0.3009759
0.3657877 0.2785798
0.4053687 0.2649935
0.4450687 0.2522776
0.4839693 0.2374577
0.5225376 0.2352486
0.5637828 0.2352486
0.605028 0.2352486
0.6462733 0.2352486
0.6869653 0.240319
0.7244175 0.2604474
0.7599098 0.2814963
