0.6542739 0.4967936
0.6766495 0.5287197
0.6811414 0.5750802
0.6736552 0.6208336
0.6483765 0.6580632
0.6148469 0.6849633
0.5783822 0.7074059
0.5411079 0.7267071
0.5 0.7334306
0.4752331 0.7278668
0.439874 0.7037619
0.4116308 0.6693501
0.3900282 0.6297231
0.3796125 0.5844827
0.3798048 0.5377239
0.3879112 0.4981418
0.4069736 0.4566599
0.4343448 0.4213434
0.4637441 0.3881585
0.4981502 0.3619386
0.5188602 0.339134
0.557042 0.3206065
0.5959718 0.3041281
0.6367388 0.2953848
0.6777501 0.2876694
0.7192802 0.2870314
0.7551638 0.3024521
0.7765265 0.3427138
0.7942384 0.3847721
0.8015361 0.4307943
0.8029817 0.4774927
0.7952843 0.5175809
0.7794484 0.560659
0.7574017 0.6003265
0.7321085 0.6375534
0.704649 0.6727433
0.6761537 0.7069181
0.6474149 0.7408033
0.6156756 0.7711177
0.583721 0.8011348
0.551088 0.8302151
0.5163676 0.8560113
0.4958542 0.8794162
0.4555953 0.8900006
0.414656 0.8977463
0.3730791 0.8977463
0.3317787 0.8939743
0.2946177 0.8752482
0.2618144 0.8464934
0.2375351 0.808398
0.2193002 0.7665832
0.2082578 0.7213811
0.2018185 0.6750208
0.2024859 0.628132
0.207231 0.5815096
0.2178453 0.5368798
0.2347144 0.5
0.2531344 0.4579771
0.2777703 0.4206855
0.303481 0.3845152
0.3393972 0.36144
0.376862 0.3425168
0.417817 0.3346771
0.4592987 0.332522
