0.5276338 0.6400625
0.5051012 0.6117896
0.4923414 0.5760438
0.4822614 0.5387434
0.479842 0.5
0.4794882 0.4749762
0.4819581 0.436491
0.5 0.4036673
0.5321131 0.3837716
0.572466 0.3836861
0.6086351 0.4017455
0.6441234 0.4210695
0.6768619 0.4439135
0.7093046 0.467267
0.7352926 0.4963405
0.7563797 0.5153608
0.7692122 0.551967
0.7748203 0.5903538
0.7765231 0.6291862
0.774655 0.6679119
0.7618878 0.7041109
0.7496372 0.7410652
0.7285698 0.7743788
0.6986592 0.7999115
0.6665952 0.8235548
0.6324316 0.8435745
0.594632 0.8580294
0.5563426 0.8709714
0.5158332 0.8743228
0.4779147 0.8791035
0.4371651 0.8767658
0.4013188 0.8591254
0.3657027 0.840367
0.3355905 0.8140833
0.3092192 0.7844607
0.2831414 0.7546842
0.2575738 0.7244494
0.2354355 0.6918036
0.2173761 0.6569601
0.2063836 0.6196834
0.194946 0.5825081
0.1906755 0.543855
0.1851543 0.5056843
0.1851543 0.4806438
0.1851543 0.4417777
0.1968728 0.4047537
0.2164247 0.3706175
0.2425983 0.3411399
0.2722453 0.3144111
0.3085261 0.2970822
0.344995 0.2796157
0.3838512 0.2679377
0.423998 0.2610731
0.4646081 0.2569034
0.5029008 0.2516488
0.5437554 0.2499086
0.5846581 0.2499086
0.6255609 0.2499086
0.6664637 0.2499086
0.7072998 0.2513034
0.747908 0.2552851
0.7865679 0.2670113
0.8260069 0.2761156
