0.6595966 0.5
0.6445798 0.5380973
0.6243203 0.5731544
0.5986494 0.6058112
0.5671651 0.6335782
0.5288637 0.6526339
0.4924714 0.6659895
0.449619 0.6700864
0.4124155 0.6534643
0.3889483 0.6191941
0.3769828 0.5798051
0.3817959 0.5396031
0.403321 0.5043747
0.4307479 0.4848082
0.4632818 0.4578288
0.4999501 0.4362127
0.5349995 0.4197218
0.5759419 0.4070032
0.6188422 0.4022513
0.6622099 0.4022513
0.7055054 0.4037539
0.7474987 0.4135203
0.7851563 0.4318444
0.8159549 0.4604934
0.8357971 0.495668
0.8419471 0.5239792
0.8419471 0.5649624
0.8291112 0.60353
0.8092112 0.6394683
0.7826333 0.6718453
0.7553327 0.7036881
0.7230002 0.7307847
0.6870928 0.7536166
0.6501215 0.7750373
0.6134546 0.796922
0.5769226 0.8190072
0.5398223 0.8401787
0.5 0.8559362
0.4628037 0.8647906
0.4229735 0.8521665
0.3857967 0.8322215
0.3530068 0.8057655
0.3193043 0.7807818
0.2900039 0.7506476
0.2631284 0.7186138
0.2426388 0.6825395
0.2256403 0.6448625
0.2118869 0.6060111
0.2009288 0.5663885
0.1952828 0.5258737
0.1952828 0.4968027
0.2011053 0.456333
0.2178537 0.4186008
0.2408234 0.3840049
0.2626425 0.3487923
0.2909802 0.3178936
0.3217677 0.2891707
0.3579847 0.2668711
0.394753 0.2453364
0.4359232 0.2331586
0.4786925 0.2263975
0.5173823 0.2254509
0.5603989 0.2300107
0.6003918 0.2455927
