0.4746815 0.3922174
0.4594967 0.3967775
0.4419808 0.3851844
0.4257129 0.3716029
0.4155714 0.347458
0.4170959 0.3187591
0.4281365 0.2949314
0.4448442 0.2805337
0.4626853 0.2702619
0.4810604 0.262209
0.5 0.2589589
0.517111 0.2598351
0.5357256 0.2651145
0.5537966 0.2747616
0.5696957 0.2907907
0.5829614 0.3109935
0.5942647 0.3345925
0.5977731 0.3632523
0.5966715 0.3925699
0.5867534 0.417634
0.5742784 0.4400233
0.5604761 0.4600767
0.5437789 0.4743599
0.5270966 0.4882039
0.5085359 0.4951574
0.4917427 0.5
0.4726823 0.4992844
0.4541301 0.4922004
0.4363089 0.4816745
0.4179205 0.4741606
0.4007363 0.4618936
0.3832396 0.450204
0.3662206 0.4368343
0.3508446 0.4192948
0.339473 0.3958798
0.3367067 0.3665504
0.3357083 0.336981
0.3400099 0.3083988
0.3469071 0.2807582
0.3574351 0.2563009
0.3691964 0.2329324
0.3828128 0.2124887
0.398683 0.1960385
0.4153344 0.1815262
0.4325278 0.1685992
0.450143 0.1570947
0.4677189 0.1454465
0.4854649 0.1344959
0.5016127 0.1251208
0.5195302 0.1148264
0.5373369 0.1040607
0.5558382 0.09662053
0.5744058 0.08968246
0.5933031 0.08524123
0.6122004 0.08080003
0.6312295 0.07804772
0.650264 0.07536364
0.6693451 0.07375592
0.6884363 0.07322252
0.7075163 0.07496345
0.7265962 0.07670435
0.7447119 0.08596769
0.7605014 0.1024126
