0.524662 0.5
0.5632733 0.4949262
0.6011542 0.485689
0.6360555 0.4914248
0.6541756 0.5080092
0.6641954 0.5485426
0.6725501 0.5897672
0.6631509 0.6312392
0.6389167 0.6644955
0.6104252 0.6939549
0.5732276 0.7077516
0.5348713 0.7165378
0.5 0.7171513
0.4606388 0.7171513
0.4234856 0.7049469
0.3923373 0.6786009
0.3705969 0.6430525
0.3558467 0.6030539
0.3481735 0.5612208
0.3465747 0.5181165
0.3474095 0.4912602
0.359312 0.4501281
0.3739995 0.4100569
0.3969996 0.3752189
0.4240984 0.344552
0.4584777 0.323764
0.4956116 0.3107191
0.529842 0.303449
0.5686435 0.2965229
0.6078232 0.2945103
0.6468379 0.2976007
0.6795108 0.3199522
0.6958096 0.3591814
0.7153783 0.3963348
0.7309264 0.4356861
0.744054 0.4763195
0.7548724 0.5013661
0.7587956 0.5443449
0.7603586 0.5874872
0.754057 0.6292807
0.7375551 0.6683659
0.7155117 0.7041553
0.6920754 0.7388425
0.6669555 0.7719221
0.6403108 0.8033016
0.6091528 0.8273439
0.5788451 0.8544244
0.5404267 0.8637705
0.5012976 0.8669059
0.4673174 0.8744397
0.4279562 0.8744397
0.3887513 0.8721964
0.3496442 0.8676133
0.3110069 0.8598427
0.272881 0.8491455
0.2426531 0.8220899
0.2142866 0.7935796
0.1945549 0.7564597
0.1797874 0.716513
0.1709576 0.6745645
0.1686468 0.6315312
0.1787941 0.5919594
0.1943388 0.5532863
0.2102402 0.5141988
