0.5383863 0.4317009
0.5122318 0.4293284
0.4971738 0.4219936
0.4710675 0.4185493
0.446883 0.4062689
0.4263953 0.3869214
0.4165135 0.3572837
0.4174878 0.3246932
0.4316779 0.2970991
0.4507795 0.2750365
0.4745143 0.2613673
0.5 0.2541173
0.515787 0.2525722
0.5395707 0.2634565
0.5609919 0.2810331
0.5832065 0.2980457
0.6041963 0.3178074
0.6247677 0.337989
0.6413115 0.3634364
0.6520147 0.3933827
0.6588764 0.4249485
0.6645604 0.4559633
0.6574376 0.4845789
0.6404001 0.5018995
0.6172447 0.517059
0.5927926 0.5289876
0.5678491 0.5388456
0.5419046 0.5421552
0.5157041 0.5440508
0.4999015 0.5430617
0.4744832 0.5352528
0.4495883 0.5248167
0.4252677 0.5124312
0.4009642 0.5
0.3777817 0.4922559
0.3545991 0.4768174
0.335066 0.4549969
0.3188931 0.4291758
0.3078 0.3996115
0.2994327 0.3684335
0.2979402 0.3356113
0.2991579 0.3028719
0.3083665 0.2722212
0.3192181 0.2423373
0.3353926 0.2164796
0.3541119 0.1935681
0.3751125 0.1738239
0.3966002 0.1550155
0.4196408 0.1392718
0.4433417 0.125124
0.4677476 0.1130422
0.4925366 0.1022508
0.5071763 0.0923163
0.5328918 0.08570385
0.5586072 0.07909134
0.5846801 0.07593647
0.610918 0.07534924
0.6371688 0.07534924
0.6633446 0.07658058
0.6887855 0.08420131
0.7141655 0.0923593
0.7392102 0.1019641
0.763954 0.1128741
