0.4197126 0.3966136
0.4431679 0.3582699
0.4766372 0.3338731
0.5056686 0.3253359
0.5427368 0.3239587
0.5745695 0.3489347
0.5918764 0.3931383
0.597556 0.4428186
0.5844369 0.489796
0.5668057 0.5274369
0.5405648 0.5640188
0.5044027 0.5787928
0.4760264 0.5903315
0.4379732 0.5847839
0.3999199 0.5792362
0.3664962 0.5553852
0.3334657 0.5299799
0.3069485 0.5
0.2809789 0.4630864
0.2680122 0.4167227
0.2579381 0.3682568
0.2667905 0.321161
0.2808672 0.2744435
0.2955123 0.2283038
0.3264768 0.1987564
0.3595784 0.1745424
0.3956831 0.1578229
0.4323495 0.144595
0.4705242 0.1407421
0.5 0.1368891
0.5380604 0.1354071
0.5755614 0.1455374
0.6130623 0.1556676
0.6505632 0.1657979
0.6877862 0.1767377
0.7184162 0.2068793
0.7490461 0.2370209
0.7732501 0.2750582
0.7936861 0.3173598
0.7976942 0.3673199
0.8017023 0.4172798
0.7952759 0.4661843
0.7854785 0.5087065
0.7708168 0.5548588
0.7536941 0.5997912
0.7343432 0.6427495
0.708975 0.6803761
0.6820899 0.7156191
0.6493465 0.7416566
0.6166031 0.767694
0.5790801 0.775694
0.5410883 0.781925
0.5035411 0.7721905
0.474696 0.7623384
0.4396299 0.742577
0.4049344 0.7213329
0.370239 0.7000889
0.3363293 0.676773
0.3024912 0.6532682
0.2686533 0.6297633
0.2358513 0.6039966
0.2041524 0.5758218
0.1736442 0.5457557
0.157842 0.5041078
