0.5365456 0.2852854
0.5521482 0.3254117
0.5642703 0.3668602
0.5702291 0.4107184
0.570941 0.4550382
0.5705997 0.4993805
0.5544425 0.5386862
0.5248589 0.5680166
0.4979092 0.587264
0.4593972 0.5971673
0.4197483 0.5983048
0.3800485 0.5983048
0.3438021 0.581956
0.3087699 0.5610828
0.277971 0.5332195
0.2518778 0.5
0.2288122 0.4638971
0.2111719 0.4250479
0.2012394 0.382091
0.1987828 0.3380887
0.2067026 0.2953864
0.2260708 0.2567728
0.2521107 0.2233851
0.2845441 0.1977981
0.317439 0.1729626
0.3536313 0.1557198
0.3917233 0.1432707
0.4301375 0.1320709
0.4692924 0.124803
0.5 0.1177783
0.5396653 0.1159312
0.5793486 0.1150468
0.6190483 0.1150468
0.6585354 0.1185317
0.6952448 0.1354254
0.7274698 0.1611327
0.7511197 0.1965341
0.7679919 0.2366705
0.7873879 0.2750906
0.7991509 0.3169128
0.8093346 0.3597948
0.8162359 0.4033781
0.8190783 0.4475808
0.8152862 0.4914948
0.8068528 0.5348513
0.7821659 0.5695583
0.7560307 0.6028695
0.7279588 0.6342434
0.6942305 0.6574476
0.6589123 0.6776376
0.623122 0.6968375
0.5856538 0.7114898
0.5473648 0.7225956
0.5083606 0.7307717
0.4781373 0.7406048
0.4385973 0.7438314
0.3988976 0.7438314
0.3595134 0.7385181
0.321838 0.7248191
0.2860952 0.7055211
0.252639 0.6821725
0.2217381 0.6543399
0.1990445 0.6186967
