0.4483351 0.448688
0.4949629 0.448688
0.5300451 0.448688
0.576643 0.4494607
0.6219581 0.4604031
0.6576861 0.4933291
0.6773758 0.5294018
0.6898435 0.5818769
0.693336 0.6364011
0.68707 0.6903183
0.6571267 0.7305385
0.6182525 0.7605813
0.5725781 0.7690457
0.5259848 0.7705866
0.4913006 0.7670175
0.4458338 0.7550946
0.4036385 0.7319437
0.3646069 0.7020552
0.3348945 0.6609617
0.317627 0.6102859
0.3123883 0.5562406
0.3223265 0.5037555
0.3472316 0.4707372
0.3786344 0.4305171
0.4156705 0.3973331
0.4567521 0.3714957
0.5 0.3511059
0.5334563 0.3381464
0.5800298 0.3355041
0.6265882 0.3348663
0.6729364 0.3405545
0.7144514 0.3644511
0.7506289 0.3989503
0.7737806 0.4461377
0.7906929 0.4969815
0.8001328 0.5378049
0.8047149 0.5922574
0.8063903 0.6469895
0.7936271 0.6987479
0.7723898 0.7474669
0.7435417 0.7903274
0.7061937 0.8229442
0.6644074 0.8465354
0.6201758 0.863749
0.5750577 0.8774452
0.5289782 0.8840771
0.4939187 0.885574
0.4475223 0.8828276
0.4026065 0.8685106
0.3592772 0.8483808
0.3200829 0.8187894
0.2818251 0.7874731
0.2470871 0.7512555
0.2182246 0.7083523
0.194413 0.6613823
0.1840905 0.6083523
0.181672 0.5537723
0.1906519 0.5
0.2084692 0.4627151
0.2329792 0.4161146
0.2634822 0.3748481
0.2963658 0.3359982
0.3272321 0.2950087
0.3613696 0.2621528
