0.414604 0.5490808
0.4358614 0.5112123
0.4620431 0.4784586
0.5 0.4582289
0.5360114 0.4572338
0.5684606 0.4826573
0.5881723 0.5196135
0.6015294 0.5607961
0.6050832 0.603777
0.5854456 0.6396331
0.5534549 0.6686135
0.5128809 0.6830558
0.4763644 0.6830558
0.43584 0.6663054
0.3956771 0.6479753
0.355598 0.6294979
0.3183577 0.6060364
0.2811173 0.5825749
0.243877 0.5591134
0.2108828 0.530538
0.179518 0.5
0.1542977 0.4669548
0.1435397 0.4250571
0.1516035 0.3851709
0.1714404 0.3465431
0.2034531 0.3167537
0.2364407 0.2879539
0.2722538 0.2624727
0.3080667 0.2369915
0.3466208 0.2161933
0.3873908 0.1991811
0.4281608 0.1821688
0.4689308 0.1651565
0.5046105 0.1584197
0.5487233 0.1538986
0.592836 0.1493776
0.6355193 0.1576409
0.6775995 0.1712979
0.7175937 0.1876394
0.7425358 0.223352
0.7674779 0.2590647
0.7815696 0.2991593
0.7899118 0.3415759
0.798254 0.3839924
0.8065963 0.426409
0.8067023 0.4693422
0.8040189 0.5115703
0.8004613 0.554438
0.7795876 0.5925444
0.7587141 0.6306508
0.7347025 0.6664137
0.7023103 0.6959172
0.6699181 0.725421
0.6375258 0.7549247
0.5990226 0.7757387
0.5590574 0.794474
0.5176402 0.8084466
0.4814885 0.8139733
0.4374968 0.8195001
0.39323 0.8193926
0.3488981 0.8179538
0.3054639 0.8118792
0.2636361 0.7975056
