0.5504889 0.5422063
0.5181912 0.556137
0.4881046 0.5530584
0.4593263 0.5294269
0.4330053 0.5017277
0.4098307 0.473699
0.3906318 0.4400659
0.3872056 0.3981857
0.3973343 0.3593999
0.4227546 0.3306299
0.4543528 0.3145329
0.488274 0.307869
0.5178146 0.3156267
0.5507722 0.3292144
0.5838366 0.3423315
0.6169016 0.355428
0.6507431 0.3655185
0.6845143 0.3758036
0.7162269 0.3930562
0.7396421 0.4219802
0.7483143 0.4621626
0.7442938 0.5
0.7255226 0.5356144
0.7032676 0.5680684
0.6779733 0.5971655
0.652679 0.6262625
0.6253433 0.6523129
0.5945481 0.6720186
0.562802 0.6894775
0.5300778 0.7037034
0.5 0.7092822
0.46592 0.7072961
0.4398811 0.6796834
0.4155234 0.6497221
0.3914506 0.6191533
0.3670713 0.5889403
0.3432423 0.55809
0.3164572 0.5310255
0.2915756 0.5014372
0.2700803 0.471679
0.2530147 0.4351964
0.2408734 0.3955725
0.2294956 0.3556348
0.2250681 0.3137095
0.2256352 0.2715202
0.2412811 0.2347742
0.2659354 0.2048804
0.2931689 0.1791665
0.3241061 0.1597419
0.3563539 0.1437804
0.3898754 0.1321659
0.4233868 0.1205583
0.457664 0.1147555
0.4924948 0.1153195
0.5227137 0.1205129
0.5574451 0.1242287
0.5920529 0.1293239
0.6266446 0.1346179
0.6612844 0.1393256
0.6961206 0.1410856
0.729595 0.1526672
0.7636759 0.1611676
0.7961433 0.1765756
0.8187267 0.208263
