0.456465 0.3410571
0.478524 0.3410571
0.4975918 0.3521917
0.5061935 0.363057
0.523164 0.3796364
0.5360003 0.4008532
0.5488218 0.4220869
0.5588264 0.4451958
0.5638574 0.4703937
0.566977 0.4962257
0.5677453 0.5151531
0.5677453 0.5412472
0.5653365 0.5664787
0.5546597 0.5890064
0.5419354 0.60883
0.5226784 0.6210063
0.5035493 0.6331675
0.4928589 0.6405719
0.4724346 0.6499928
0.4504128 0.6491973
0.4285834 0.6458907
0.4083937 0.6354364
0.3907465 0.6197799
0.3745068 0.6022037
0.3600287 0.5825826
0.3464954 0.5619768
0.3338453 0.5405995
0.3235179 0.5178915
0.3171793 0.5
0.3134526 0.4742884
0.3097219 0.4485707
0.3057759 0.4228973
0.3074656 0.3970664
0.3103809 0.371201
0.3144037 0.3455538
0.3203249 0.3205272
0.3285174 0.2962993
0.3402259 0.2742031
0.3524729 0.2525302
0.366253 0.232154
0.3821471 0.2144578
0.4002838 0.1996047
0.4189902 0.1858896
0.4387203 0.1742199
0.4584505 0.1625502
0.4791986 0.1537168
0.5 0.1450321
0.5109886 0.1397147
0.5329646 0.1374542
0.5549407 0.1351937
0.5769112 0.13286
0.5988739 0.1304244
0.6208366 0.1279887
0.6427993 0.1255531
0.6647681 0.1234684
0.6867965 0.1248399
0.7088251 0.1262113
0.7305905 0.1298637
0.7521242 0.1355243
0.7734976 0.1416292
0.7918519 0.1561037
0.8085667 0.1729437
0.8202596 0.1942501
0.8289741 0.2181533
