0.5384088 0.662481
0.5051376 0.6517487
0.4807874 0.6251479
0.4555206 0.5893284
0.4345661 0.5483552
0.4208249 0.5
0.4201718 0.4530416
0.4430534 0.4142773
0.4719932 0.3858432
0.5 0.3711439
0.5341519 0.3685661
0.5675132 0.3778124
0.5990689 0.3982252
0.6272811 0.4283283
0.6554782 0.4586247
0.6833057 0.489746
0.7105097 0.5169892
0.734394 0.555142
0.7513202 0.601121
0.7560014 0.6532031
0.7506789 0.7050282
0.7258916 0.7404777
0.6988098 0.7714745
0.6714773 0.8036107
0.6409727 0.827875
0.6086617 0.8451986
0.5753962 0.8581204
0.5415562 0.8653361
0.5073341 0.8628296
0.4793947 0.8451707
0.4461486 0.8321889
0.412918 0.8193517
0.3801897 0.8034602
0.3484334 0.7834805
0.3165119 0.7640597
0.2867115 0.7379289
0.260645 0.7038989
0.2392893 0.6623095
0.2223654 0.6160544
0.2082861 0.5675235
0.1983461 0.5165709
0.1929499 0.469249
0.1945895 0.4160689
0.2072486 0.3672609
0.2232004 0.3206752
0.2481818 0.2844017
0.2776957 0.2575302
0.3093327 0.2372021
0.3428591 0.2277584
0.3769917 0.2226781
0.4111913 0.2191867
0.4454624 0.2177251
0.4797516 0.2177251
0.5096778 0.2177251
0.543967 0.2177251
0.5782499 0.2179271
0.6123797 0.2230591
0.6465632 0.2271049
0.6807965 0.2301444
0.7150464 0.2326829
0.7491724 0.2376407
0.783034 0.2459646
0.8164258 0.2558583
0.8413643 0.290544
