0.4295207 0.4030888
0.4324285 0.4296822
0.4540913 0.4491141
0.4815157 0.4518639
0.5 0.4315202
0.5046547 0.4012116
0.5134419 0.3697555
0.5213348 0.3379934
0.5278549 0.3057615
0.5320328 0.2733375
0.5292678 0.2403445
0.5112938 0.2171268
0.4943704 0.2011044
0.4670474 0.1950668
0.4395616 0.1914721
0.4117823 0.1922805
0.384003 0.193089
0.3564744 0.1964259
0.3293037 0.2033733
0.302133 0.2103208
0.276369 0.2211579
0.2534939 0.2399826
0.2306189 0.2588072
0.2241539 0.2889764
0.2225516 0.3219315
0.2305363 0.3536907
0.2385209 0.3854499
0.2557176 0.4108012
0.2749439 0.4347406
0.2941703 0.45868
0.3133966 0.4826194
0.3328606 0.5
0.357311 0.5157548
0.3817614 0.5315096
0.4062118 0.5472644
0.4306622 0.5630192
0.4570574 0.5733221
0.4835229 0.5834277
0.5034539 0.5935333
0.5301756 0.6018445
0.5579524 0.6027652
0.5857292 0.6036859
0.6089591 0.5902606
0.6292733 0.5676365
0.6495875 0.5450125
0.6646758 0.5177285
0.6771027 0.494258
0.6895297 0.4646009
0.6989375 0.4335535
0.7064299 0.4016239
0.7139223 0.3696943
0.7214146 0.3377647
0.7270116 0.3052977
0.7323583 0.2727596
0.737705 0.2402216
0.7418489 0.2076117
0.7392552 0.1745988
0.7366616 0.141586
0.7208201 0.1153716
0.6998534 0.09543934
0.673135 0.08633026
0.6456163 0.08404043
0.6193504 0.09059611
