0.3109622 0.2877101
0.3496523 0.2877101
0.3882773 0.2895732
0.4264768 0.2958347
0.4636954 0.3069762
0.5 0.3216752
0.5291919 0.3424198
0.5464876 0.3804522
0.5519592 0.4225437
0.5523028 0.4650357
0.5405492 0.5
0.5096566 0.5254703
0.4782875 0.5440158
0.4428703 0.5608357
0.4042946 0.5638573
0.3656044 0.5638573
0.3292679 0.5509253
0.2978682 0.5266301
0.2736271 0.4987212
0.2474833 0.4673783
0.2320238 0.4284526
0.215062 0.3902488
0.2036412 0.3497491
0.2008278 0.3073688
0.200411 0.2648652
0.2026257 0.2224274
0.2195202 0.1855459
0.2494314 0.1592014
0.2837298 0.1396198
0.3210418 0.1288202
0.3589219 0.1202244
0.3969651 0.1124822
0.4353368 0.1086705
0.4740269 0.1086705
0.5096813 0.1086705
0.5483714 0.1086705
0.5870318 0.1094531
0.6255884 0.1129841
0.6641448 0.1165151
0.7009346 0.1273475
0.7352475 0.1467888
0.7643898 0.1731334
0.779169 0.2124271
0.7935381 0.2519048
0.8065729 0.2919375
0.8104062 0.3340527
0.8112253 0.3765435
0.8081169 0.4188356
0.7969691 0.4588751
0.7790166 0.4965396
0.7626032 0.5298213
0.7449757 0.5673561
0.7199841 0.5998143
0.6928017 0.6300572
0.6635941 0.6575493
0.630526 0.6796159
0.5969336 0.7007111
0.5600544 0.713469
0.5215858 0.7173198
0.4859314 0.7173198
0.4488683 0.7063963
0.414943 0.6859552
0.3802408 0.6672801
0.3575101 0.6405886
