0.6428474 0.5
0.6472099 0.5399575
0.6586316 0.5818338
0.6647277 0.6245579
0.6647277 0.6679757
0.65096 0.7088498
0.6286504 0.7457711
0.5982178 0.7765292
0.5570043 0.7888125
0.5138795 0.7833868
0.4810809 0.7615281
0.4489078 0.7318199
0.4189672 0.7000839
0.3967835 0.6628358
0.3819168 0.6219949
0.373305 0.5795115
0.3706843 0.5361999
0.3766413 0.4967685
0.3934468 0.4568133
0.4179555 0.4213686
0.4532754 0.3955205
0.4918837 0.3745858
0.5293114 0.3647515
0.573366 0.3636449
0.6172889 0.3672298
0.6585803 0.3813129
0.692529 0.4090426
0.7247961 0.438466
0.7485566 0.4747834
0.7639539 0.5123799
0.772656 0.5547418
0.7804534 0.5974531
0.7814226 0.6407765
0.7799366 0.6840562
0.771668 0.726704
0.7563297 0.7673541
0.7343209 0.8047865
0.7040412 0.8362479
0.669664 0.863426
0.6293036 0.8807005
0.5877632 0.895328
0.544019 0.9002548
0.5 0.9031816
0.4609388 0.9057312
0.4172997 0.9000524
0.3749235 0.8881961
0.3347781 0.8702662
0.3024255 0.8411958
0.2761002 0.8063539
0.2518292 0.7702082
0.2343274 0.730562
0.2230052 0.6886072
0.2104699 0.6469784
0.2077977 0.6039419
0.2096888 0.5606218
0.2176382 0.5181524
0.2315916 0.4799979
0.2527432 0.4419239
0.2773821 0.4059454
0.3080297 0.3756789
0.3454199 0.3527409
0.3853984 0.3344877
0.4290418 0.3301542
