0.5599706 0.482124
0.5992076 0.5
0.6177702 0.519846
0.6350857 0.5620635
0.636143 0.6070679
0.606636 0.6407696
0.5685832 0.6627483
0.5263054 0.6727304
0.4991675 0.6727304
0.4564468 0.6668205
0.415118 0.6529691
0.3757333 0.6345302
0.3484072 0.5993161
0.3336829 0.5562081
0.3291481 0.5100304
0.3294652 0.4844984
0.3425752 0.4407418
0.3583531 0.3977105
0.3808763 0.3580873
0.4078661 0.3220038
0.4392754 0.2900456
0.4765339 0.2669775
0.5 0.2487203
0.5425318 0.240152
0.5856537 0.2374787
0.6279726 0.2428037
0.6642005 0.267777
0.6986125 0.2956232
0.7284915 0.3291211
0.7579899 0.3630984
0.7763196 0.4047818
0.7946286 0.4466572
0.8099936 0.4900732
0.8213542 0.5139823
0.825953 0.5597034
0.825953 0.6061665
0.8158473 0.6513129
0.7989863 0.694106
0.780052 0.7355717
0.7534185 0.7721102
0.723465 0.8056434
0.6892804 0.8335522
0.6502019 0.8519732
0.608678 0.8639637
0.5662882 0.8717934
0.5237731 0.8785514
0.4966527 0.8791499
0.4533778 0.878554
0.4102417 0.8745289
0.3709928 0.8557302
0.333117 0.8332859
0.3020905 0.8013092
0.2721857 0.7680838
0.2470941 0.7303793
0.2314799 0.687056
0.218694 0.6426886
0.207697 0.5977516
0.1946265 0.553485
0.1865979 0.507879
0.1803624 0.4828124
0.179533 0.4364173
0.182615 0.3901668
0.2007405 0.349786
0.2199052 0.3088338
