0.5247155 0.5382159
0.5563889 0.5002656
0.6019343 0.5
0.6466818 0.5022622
0.6854334 0.5291472
0.7004526 0.5825303
0.6969744 0.6383677
0.6811925 0.6917858
0.6424975 0.7232705
0.5976658 0.7398545
0.5508795 0.7421662
0.5066931 0.7286491
0.498367 0.7041611
0.4598645 0.6734269
0.4282669 0.6313645
0.4064837 0.5812624
0.3921719 0.5273274
0.383938 0.4808306
0.3888258 0.4247619
0.411589 0.3754697
0.4448643 0.3369609
0.4894241 0.3193276
0.5 0.3016943
0.5468495 0.3003978
0.5936995 0.2991036
0.63975 0.3089056
0.685702 0.3200759
0.7269489 0.3451637
0.7660866 0.3764898
0.7973386 0.4153432
0.8131 0.4689826
0.8157051 0.5164346
0.8133504 0.5727249
0.7988933 0.6269043
0.7800689 0.67849
0.7537864 0.7256463
0.7214948 0.7660219
0.6843082 0.8005688
0.6434209 0.8283985
0.6007395 0.8517205
0.5553098 0.8652336
0.508823 0.8657308
0.4969411 0.8567067
0.4528649 0.8373613
0.4097138 0.8153405
0.367502 0.7906039
0.3252902 0.7658672
0.2863652 0.7349602
0.2505199 0.6982718
0.2160464 0.6601049
0.1903647 0.612462
0.1707425 0.5614491
0.1590586 0.50652
0.161588 0.4588384
0.1681018 0.4029379
0.1838632 0.3492985
0.2089006 0.3013875
0.2384221 0.2575408
0.2722018 0.2180629
0.3135552 0.1940207
0.3591679 0.1842934
0.4051375 0.1890597
0.4473847 0.213707
0.4755872 0.2580085
