0.5 0.5545243
0.5397888 0.5724609
0.5808618 0.5874079
0.6194296 0.5872833
0.6131067 0.5456172
0.5933807 0.5076804
0.5712882 0.4733413
0.5376164 0.4459439
0.4991255 0.4365354
0.4557284 0.4441227
0.4146109 0.4571363
0.3779104 0.4806637
0.3478313 0.5089211
0.3223947 0.5435725
0.3081055 0.5824086
0.3024005 0.624467
0.3008414 0.6664358
0.3085068 0.708205
0.3334988 0.7398235
0.3685842 0.7655286
0.4040962 0.7904726
0.4457109 0.8045324
0.4873255 0.8185923
0.5287586 0.8326522
0.5709957 0.8427445
0.6150717 0.8411144
0.6591476 0.8394843
0.6923503 0.8159415
0.721396 0.7840212
0.7504416 0.7521009
0.7705783 0.7151622
0.7853286 0.6751894
0.8000789 0.6352167
0.8124857 0.5946055
0.8217278 0.5531323
0.8309698 0.5116591
0.8263904 0.4724703
0.8140925 0.4317375
0.8017945 0.3910047
0.7807737 0.3549573
0.7511539 0.3235286
0.7215342 0.2920998
0.6919144 0.2606711
0.6587465 0.2342453
0.6175051 0.2192027
0.5762637 0.2041602
0.5350223 0.1891176
0.4939625 0.1740751
0.4527212 0.1590325
0.4119064 0.1532114
0.3722169 0.1717157
0.3325274 0.1902202
0.2928379 0.2087246
0.2613567 0.2372853
0.2332345 0.2699614
0.2051123 0.3026374
0.1779208 0.3357513
0.1683523 0.3771559
0.1587839 0.4185606
0.1492153 0.4599653
0.142959 0.5
0.1405123 0.5423494
0.1398089 0.5847453
