0.4596832 0.3473365
0.4994716 0.3234219
0.5436478 0.3245026
0.5844885 0.3530854
0.6091452 0.3967254
0.6229885 0.4458777
0.6229885 0.4974629
0.6180357 0.5282533
0.5893427 0.5702953
0.5562802 0.60887
0.5154771 0.638814
0.4728163 0.6521468
0.4232344 0.652678
0.3798276 0.6275678
0.3444788 0.5912056
0.3150426 0.5496029
0.2974998 0.5014269
0.2906857 0.4707611
0.2918946 0.4193841
0.3080756 0.3710237
0.3344744 0.3271568
0.3660952 0.2882187
0.4078947 0.2597843
0.4534342 0.2379446
0.5 0.2186734
0.5443372 0.2160974
0.5946578 0.2140476
0.6444683 0.2173795
0.6934384 0.2294181
0.7430358 0.238293
0.787068 0.2622054
0.8217847 0.2975821
0.8377102 0.3465201
0.846647 0.3968657
0.8477038 0.4484149
0.8477038 0.5
0.8414958 0.5307927
0.8258833 0.5794715
0.8033533 0.6255795
0.778789 0.6705906
0.7497469 0.7127341
0.7141166 0.7490045
0.6773318 0.7842367
0.6366268 0.813205
0.5899881 0.8326679
0.5430914 0.8514634
0.499417 0.8593078
0.4493435 0.8556596
0.4027628 0.837629
0.3625709 0.8076638
0.3302663 0.7682508
0.2960388 0.7305461
0.2657666 0.6894377
0.2370069 0.6470925
0.216675 0.5999801
0.2001299 0.5512664
0.1899466 0.5010977
0.1882739 0.4696964
0.1882739 0.4181113
0.1971156 0.3679958
0.2123382 0.3188407
0.2344241 0.2725353
0.2626101 0.2298687
