0.7358525 0.1284868
0.6947061 0.1336944
0.6535597 0.1389019
0.6124133 0.1441094
0.5731882 0.1535363
0.5365941 0.1687413
0.5 0.1839463
0.4642694 0.1991513
0.4276753 0.2143563
0.3910812 0.2295613
0.3595867 0.2494256
0.3332077 0.273964
0.3068288 0.2985024
0.2804499 0.3230408
0.2540709 0.3475792
0.227692 0.3721176
0.2065554 0.3985717
0.1977605 0.429536
0.1889656 0.4605003
0.1801707 0.4914645
0.1713758 0.5193924
0.165369 0.5504183
0.1717807 0.5817181
0.1781924 0.613018
0.1846042 0.6443179
0.1910159 0.6756178
0.2200917 0.693877
0.2580383 0.7070319
0.295985 0.7201868
0.3339317 0.7333418
0.3718784 0.7464967
0.4120766 0.7543658
0.4529805 0.760578
0.4938844 0.7667902
0.5339248 0.7730024
0.5730003 0.7651923
0.6115054 0.753009
0.6489602 0.7394161
0.6825423 0.7206258
0.7161244 0.7018354
0.7339284 0.6736444
0.7499722 0.6444048
0.7669318 0.6154834
0.7855869 0.5871512
0.804242 0.5588191
0.8112266 0.528118
0.8120575 0.5
0.7825613 0.4776015
0.7530651 0.4552029
0.7175192 0.4395351
0.6793027 0.4268386
0.6377944 0.4291875
0.6020511 0.4441552
0.5689594 0.4632822
0.5394631 0.4856807
0.5178372 0.5093505
0.5175459 0.5404539
0.5317463 0.5686142
0.5654657 0.5864642
0.6045263 0.594366
0.6425428 0.5875875
0.672039 0.5651889
0.6961117 0.539822
0.7113158 0.5105204
