0.4060428 0.4179918
0.413375 0.4501613
0.436262 0.4721788
0.4671256 0.4725652
0.4969581 0.4625144
0.5114092 0.4460237
0.5381074 0.4285032
0.5563191 0.4023392
0.5665169 0.3712468
0.5682507 0.3376022
0.5609705 0.3049853
0.5518556 0.2729583
0.5325927 0.2464221
0.5133299 0.2198859
0.4997528 0.2030957
0.4710896 0.18966
0.4409628 0.181258
0.4103415 0.1761751
0.3799493 0.1840389
0.349792 0.1924621
0.3242575 0.2118944
0.3023481 0.234955
0.2862674 0.2638495
0.2719937 0.293752
0.259406 0.324595
0.2494688 0.3562633
0.2448646 0.3895922
0.2402603 0.4229211
0.2356561 0.45625
0.2384337 0.4889608
0.2477564 0.5068962
0.257079 0.5390589
0.2760277 0.5653766
0.297051 0.5899628
0.3279535 0.5950108
0.3588561 0.6000587
0.3898107 0.6018596
0.4208567 0.5979676
0.4519028 0.5940757
0.4829488 0.5901837
0.5 0.5800117
0.5295834 0.5691386
0.5591668 0.5582657
0.5884568 0.5466365
0.6164123 0.5315669
0.6443679 0.5164974
0.6713002 0.5
0.6918819 0.488868
0.7124636 0.4635088
0.7330453 0.4381496
0.7447903 0.4076035
0.7533767 0.3752034
0.7619632 0.3428034
0.7634721 0.3093347
0.7634721 0.2756381
0.7587395 0.2428837
0.7475771 0.2114094
0.7364147 0.1799351
0.720916 0.1511518
0.7012773 0.1249379
0.6816384 0.09872395
0.6544656 0.08315277
0.6246773 0.07559183
