0.5391364 0.3230435
0.5181297 0.3230435
0.5 0.3109545
0.4896007 0.2815353
0.4863425 0.2493585
0.4951942 0.2204454
0.5131291 0.208305
0.5341035 0.2063976
0.5544291 0.1984301
0.5753481 0.1995375
0.5949634 0.2108058
0.6128728 0.2285562
0.6283273 0.2516007
0.6400213 0.2797595
0.650755 0.3075668
0.6535999 0.3414916
0.6492206 0.3732823
0.637439 0.4009367
0.6206146 0.4214945
0.6022308 0.4380187
0.5840857 0.4553448
0.5644076 0.4672393
0.5448087 0.4791422
0.5241369 0.4851609
0.5037414 0.4931331
0.4843757 0.498444
0.4633953 0.5
0.4423887 0.5
0.421382 0.5
0.4005068 0.4963284
0.3803119 0.4876431
0.361164 0.4737408
0.3452412 0.4528106
0.3357828 0.4223953
0.327644 0.3910033
0.3206649 0.358723
0.3163868 0.3251929
0.3096064 0.2929527
0.308214 0.2586424
0.3069037 0.2243234
0.3066986 0.189948
0.3134052 0.1576762
0.3243656 0.1286874
0.3372372 0.1016016
0.3563821 0.08744884
0.3755269 0.07329607
0.3954826 0.06457025
0.4164595 0.06281331
0.4374662 0.06281331
0.4584513 0.06348601
0.4793425 0.06708568
0.4995787 0.07578388
0.5183277 0.0862639
0.5384359 0.09620714
0.5585771 0.1059757
0.5787759 0.1154166
0.5990095 0.1246596
0.619243 0.1339025
0.6395239 0.1428472
0.6599505 0.1508718
0.6804376 0.1584387
0.7010662 0.1649323
0.7217641 0.1706946
0.7426269 0.1747123
