0.6408849 0.4578481
0.6620031 0.5
0.6599003 0.5346009
0.6275439 0.5685738
0.5889354 0.596369
0.5456317 0.615265
0.5010956 0.6312875
0.4656813 0.6335707
0.418734 0.6298894
0.382099 0.6013007
0.3583798 0.559666
0.3434572 0.5142972
0.3385031 0.4794045
0.3434744 0.4319322
0.3636194 0.38841
0.3910595 0.3494241
0.4205517 0.3125713
0.4591523 0.2847383
0.5 0.2608411
0.5309339 0.2403026
0.5756997 0.2264502
0.6226355 0.2204565
0.669617 0.2148297
0.7167484 0.2118072
0.7640538 0.2118072
0.8089683 0.2221175
0.842529 0.2520539
0.857559 0.2971154
0.8591067 0.3451526
0.8591067 0.3933103
0.8495235 0.4397782
0.838991 0.4866608
0.8242893 0.5191903
0.8002588 0.5606716
0.7762284 0.6021531
0.7463592 0.6394465
0.7137491 0.6740745
0.6770747 0.7044752
0.6392303 0.7333698
0.60024 0.7606353
0.5593157 0.7847186
0.5160491 0.8041685
0.4830474 0.8189705
0.4359926 0.8219233
0.3894468 0.8136548
0.3475241 0.791772
0.3095485 0.7630652
0.2740075 0.7315577
0.2455812 0.6931468
0.2225318 0.6511457
0.2062335 0.6060698
0.1966103 0.5590183
0.1904351 0.5112829
0.1897979 0.4761339
0.1880887 0.4280305
0.1884544 0.3799186
0.1999277 0.3331988
0.2207204 0.2902355
0.2478465 0.2513
0.2801964 0.2162117
0.3203869 0.1908138
0.3639518 0.1736183
0.4087205 0.1584477
0.4555861 0.1520885
