0.4659644 0.3253891
0.4992567 0.3313122
0.5091616 0.359036
0.5189452 0.387226
0.5189452 0.4168662
0.5169919 0.446434
0.5105178 0.4754068
0.5 0.5
0.4888622 0.5271069
0.4729471 0.5535132
0.452658 0.5773987
0.42566 0.5971164
0.3949401 0.6109847
0.360103 0.6159098
0.3258362 0.6083494
0.2968535 0.5905811
0.2709973 0.5702938
0.2492797 0.546641
0.2319168 0.52062
0.2154827 0.497954
0.2053144 0.4698355
0.2002399 0.4405125
0.1976565 0.4109476
0.196962 0.3813276
0.1974534 0.3517008
0.1998654 0.3221262
0.2093745 0.2940121
0.2225615 0.2665382
0.2301589 0.237556
0.2453118 0.2110102
0.2639671 0.185594
0.2880335 0.1636313
0.3147232 0.1437199
0.3450398 0.1274947
0.3780492 0.1152295
0.4130805 0.1083867
0.4490036 0.1045699
0.4851562 0.1022966
0.5189424 0.1040785
0.554493 0.1081693
0.5879632 0.1195694
0.6199088 0.1335259
0.6515116 0.1480574
0.6804385 0.1658307
0.7053373 0.1869062
0.7254504 0.2115684
0.7432451 0.237376
0.7591423 0.2639789
0.7734256 0.2912226
0.7818695 0.3199488
0.7888898 0.3490275
0.7953761 0.3781897
0.7979527 0.4077408
0.7992361 0.437312
0.7959534 0.4668305
0.7926706 0.4963489
0.7847438 0.521442
0.7750241 0.5499736
0.7604905 0.5771286
0.745332 0.6040241
0.727062 0.6296266
0.7081746 0.6549244
0.6908253 0.6809157
0.6692702 0.703221
