0.3300197 0.2931571
0.3698331 0.2931571
0.4096464 0.2931571
0.4494598 0.2931571
0.4835943 0.3144506
0.5041415 0.3468418
0.5178965 0.3885099
0.5272582 0.4314298
0.5322997 0.4748469
0.528767 0.5
0.5154876 0.5419284
0.5 0.5791879
0.4698055 0.6072244
0.4361871 0.6310681
0.3993725 0.6480402
0.3604518 0.6548768
0.3206685 0.6558862
0.2821591 0.6485581
0.251818 0.6202758
0.2293319 0.5836857
0.2081127 0.5459712
0.1934121 0.5046365
0.1827298 0.4808063
0.1750304 0.4372427
0.1750304 0.392667
0.1750304 0.3480912
0.1861355 0.3056692
0.2068626 0.2679341
0.2321198 0.2334926
0.2643616 0.2079545
0.2984251 0.1849804
0.3358415 0.169747
0.3739113 0.157126
0.4129515 0.148384
0.4519917 0.139642
0.4912812 0.1326403
0.5245542 0.1272765
0.5641252 0.1227835
0.6039386 0.1227835
0.6437424 0.1229751
0.6833123 0.1278977
0.7225797 0.1341712
0.7595454 0.1507261
0.7899157 0.1790596
0.8067551 0.2194062
0.8185438 0.26174
0.8235908 0.3059441
0.8271953 0.3503367
0.8281885 0.394862
0.8240731 0.4390762
0.8159413 0.4825816
0.8022318 0.5052971
0.7834961 0.5446286
0.7587544 0.5795319
0.7335013 0.6139906
0.7047453 0.6443831
0.6731399 0.6714594
0.6437913 0.7015803
0.6072383 0.7188703
0.5700827 0.7348687
0.5322891 0.7488431
0.4994814 0.7562358
0.4598754 0.7607603
0.4201954 0.7631586
