0.367 0.3115145
0.3937013 0.2903454
0.4247625 0.2732307
0.4603812 0.2694226
0.4955306 0.2622784
0.5158933 0.2599936
0.5516261 0.2613541
0.5866525 0.2692099
0.6126703 0.2924158
0.630355 0.3238168
0.6368204 0.3592913
0.6374466 0.3954728
0.6374466 0.4316858
0.6320367 0.4668473
0.6177209 0.5
0.5993546 0.522472
0.5786651 0.5520527
0.5566839 0.5806455
0.531778 0.6064932
0.5 0.6228377
0.4808778 0.6325108
0.4455541 0.6378188
0.4096935 0.6373308
0.3750567 0.6302922
0.34228 0.6157635
0.3117053 0.5983925
0.2853044 0.5738691
0.2599397 0.5485503
0.2421378 0.5171086
0.2269339 0.492891
0.2186205 0.457839
0.2138551 0.42208
0.2138551 0.385867
0.2138551 0.3496539
0.2205185 0.3144094
0.2329977 0.2806029
0.2504813 0.2490949
0.2732284 0.221279
0.2995216 0.1966378
0.3303719 0.1782181
0.361836 0.1608455
0.3939287 0.1446506
0.4271502 0.1313458
0.4615605 0.121085
0.4959708 0.1108241
0.5151766 0.1015252
0.5505692 0.09557176
0.585991 0.08997431
0.6218718 0.08997431
0.6577526 0.08997431
0.6905637 0.09926847
0.7144858 0.1259086
0.7297029 0.158567
0.7375938 0.193889
0.7438294 0.229551
0.7487676 0.2654158
0.7537729 0.3012744
0.7548577 0.3374096
0.7548577 0.3736227
0.7522579 0.4097152
0.746802 0.4455071
0.7400299 0.480899
0.7242219 0.504732
