0.689968 0.5545096
0.6543149 0.5544831
0.6178101 0.5754908
0.5786611 0.5897409
0.5399967 0.6056394
0.5 0.6144943
0.4686383 0.6200172
0.4286275 0.6108298
0.3905224 0.5962577
0.3632624 0.5660346
0.3586211 0.5206267
0.368822 0.4882432
0.3882968 0.4472574
0.4139203 0.41146
0.4495934 0.3882943
0.4879952 0.3717688
0.51944 0.3681493
0.5605218 0.3681493
0.6015743 0.3685565
0.6390996 0.3863245
0.6761122 0.4052481
0.710331 0.4310142
0.74426 0.4575481
0.7765899 0.4865025
0.8052939 0.5072736
0.8292082 0.5445344
0.8451579 0.5876705
0.8495803 0.6344433
0.8495803 0.6815127
0.8412498 0.7264558
0.8135211 0.7608961
0.7787762 0.7855824
0.7418195 0.8056034
0.7039346 0.8237867
0.6649258 0.8385222
0.6251876 0.850381
0.5845609 0.8550622
0.5435749 0.8574824
0.5026485 0.8562107
0.4721088 0.8444256
0.4313615 0.8389189
0.3936148 0.8222375
0.3572365 0.8036035
0.3250352 0.7744631
0.2967916 0.7403812
0.2687406 0.7060282
0.2438512 0.6688069
0.2167352 0.6336244
0.1983628 0.5915241
0.1862426 0.5469647
0.184592 0.5
0.1893906 0.4663232
0.2051015 0.4228538
0.2265723 0.3827953
0.2490301 0.3433834
0.2755654 0.3075884
0.3076818 0.2783316
0.3350116 0.2446572
0.3716271 0.2244923
0.4094987 0.2079785
0.4502774 0.2029027
0.4907387 0.1961918
0.5226259 0.1961918
