0.6005987 0.3236749
0.6031076 0.3515346
0.6047784 0.3799035
0.6058279 0.4083677
0.6068683 0.4368326
0.6068683 0.4653821
0.6009015 0.4925583
0.5935664 0.5019481
0.5862939 0.5288701
0.5773306 0.5549021
0.5650342 0.5783725
0.5509873 0.6002311
0.5341341 0.6180716
0.5128852 0.6244547
0.4996067 0.6276457
0.4777828 0.6283666
0.456064 0.625413
0.4344455 0.62142
0.4130792 0.615438
0.3936319 0.6026972
0.3737766 0.5908574
0.3542329 0.5782551
0.3363588 0.5620608
0.3203023 0.5426962
0.3054691 0.5218009
0.291363 0.5
0.2838955 0.4906722
0.2765321 0.4637924
0.2716538 0.4361948
0.2696755 0.4077625
0.2683843 0.3792895
0.2683843 0.35074
0.2747033 0.3239174
0.2836212 0.2978734
0.2954919 0.2739041
0.3077732 0.2503684
0.3232245 0.2301808
0.3399554 0.212011
0.3580096 0.195928
0.3760638 0.179845
0.3962294 0.1689405
0.4165179 0.1583375
0.4370436 0.1486219
0.4579734 0.1404182
0.4789032 0.1322145
0.5 0.1248641
0.5129439 0.11894
0.5343197 0.1130158
0.5557629 0.1077888
0.5775945 0.106575
0.5994262 0.1053612
0.6212578 0.1041474
0.6430895 0.1029336
0.6649339 0.1025075
0.6867853 0.1025075
0.7079027 0.1078845
0.7284068 0.1177543
0.7481417 0.1298536
0.7659849 0.1453935
0.7781059 0.1691481
0.786955 0.1951515
0.7952977 0.2215378
0.8004462 0.2489898
0.8033146 0.277257
