0.5378883 0.4190855
0.5 0.4210178
0.4599217 0.4340603
0.4311814 0.4608924
0.4115213 0.4962073
0.3995477 0.513181
0.3962496 0.5530661
0.4010592 0.592832
0.4164236 0.6300438
0.4419783 0.6616724
0.4758138 0.683822
0.5110076 0.6983852
0.5533271 0.6986832
0.5957204 0.6986832
0.633441 0.6818699
0.6650778 0.6553515
0.6859016 0.6206099
0.705325 0.5851817
0.7140651 0.5465587
0.7237936 0.5072737
0.7315779 0.4881181
0.73334 0.4478166
0.732995 0.4074672
0.724614 0.3682265
0.7053099 0.3323742
0.6793873 0.3010489
0.6519367 0.2706124
0.6147201 0.2518118
0.5726957 0.2496475
0.5303023 0.2496475
0.4941322 0.2598065
0.4562733 0.2778133
0.4169074 0.2912623
0.380544 0.3119658
0.3473158 0.3364979
0.3169039 0.3640858
0.2902303 0.3953565
0.2660674 0.4284642
0.2458214 0.4638957
0.2268625 0.5
0.213547 0.5177491
0.2054623 0.5573185
0.2037151 0.5975571
0.2037151 0.6379229
0.2084869 0.6772162
0.2250438 0.7142102
0.2461047 0.7488534
0.267213 0.7838195
0.2967715 0.8117086
0.3359708 0.8269238
0.3751835 0.842141
0.4155861 0.8540264
0.4569508 0.8625659
0.4985271 0.8681213
0.5366996 0.8681213
0.5786117 0.8625845
0.6205294 0.8566842
0.660454 0.8431109
0.7010926 0.8317208
0.7370539 0.8115575
0.7713149 0.7908823
0.805261 0.7700461
0.8296074 0.7373235
0.8383589 0.6986833
