0.4627363 0.3639068
0.4904964 0.3451638
0.5104913 0.3461058
0.5411282 0.3654579
0.5650135 0.3903421
0.5784869 0.4206487
0.58333 0.4531003
0.5886652 0.4854966
0.5830106 0.5060925
0.5644469 0.5346207
0.5321289 0.551298
0.5 0.5681459
0.4800673 0.5740183
0.4423126 0.5770622
0.404537 0.575581
0.3680308 0.5666081
0.3340372 0.5519722
0.3023425 0.5339252
0.2769879 0.5096742
0.2503404 0.4966321
0.2279864 0.4701646
0.2125587 0.440547
0.2019009 0.4092831
0.1968778 0.3768432
0.186944 0.345329
0.1810369 0.3133668
0.1810369 0.2806398
0.1827888 0.24802
0.1913873 0.2162139
0.2155459 0.191237
0.2381747 0.1651354
0.2697976 0.1469817
0.303562 0.1319947
0.3369077 0.117415
0.3747552 0.1149512
0.4127612 0.1149512
0.4507671 0.1149512
0.487885 0.1211631
0.5073056 0.1291005
0.5429425 0.139799
0.5764771 0.1552
0.60963 0.1711963
0.6417745 0.1883961
0.6685358 0.2116247
0.692278 0.2371802
0.7170315 0.2620069
0.7348613 0.2905961
0.750527 0.3204134
0.7639865 0.3509738
0.7728723 0.3827377
0.7869266 0.412879
0.7899967 0.444982
0.7899967 0.477709
0.7876148 0.5
0.7723504 0.529637
0.7511327 0.5567848
0.7283291 0.5829664
0.7030181 0.6072754
0.6785168 0.6322523
0.6531628 0.6565894
0.6268407 0.6801757
0.6023965 0.7052121
0.5791548 0.7310953
