0.5182017 0.330973
0.5525653 0.36272
0.5884559 0.3951733
0.6155733 0.4376837
0.6323042 0.4860846
0.6337608 0.5347281
0.6269431 0.5871051
0.6019142 0.6315051
0.5690859 0.6685076
0.5322924 0.6995837
0.4946611 0.7198855
0.4506314 0.7325303
0.4057727 0.7371668
0.3657899 0.715493
0.3349401 0.6763598
0.3093575 0.6320201
0.2857111 0.5862042
0.2692195 0.5369848
0.2632214 0.4887818
0.2616967 0.4351096
0.2699556 0.382749
0.2824015 0.3310839
0.3073372 0.2864275
0.335323 0.2441733
0.3746028 0.2179047
0.4154813 0.1947509
0.4591328 0.1825559
0.5 0.1779776
0.5453039 0.1779776
0.5904713 0.1789501
0.6333362 0.1963426
0.6762011 0.2137352
0.7162779 0.238195
0.7550031 0.266081
0.7878033 0.3025293
0.8142233 0.3460377
0.830534 0.3955831
0.8445436 0.4466744
0.8487544 0.5
0.8487544 0.548751
0.8464158 0.6023452
0.8301525 0.652323
0.8093843 0.7000319
0.778082 0.7384359
0.7402703 0.7678885
0.7003679 0.7932894
0.6593639 0.8161054
0.6168105 0.8336223
0.5724022 0.8442514
0.5280514 0.8551418
0.4869558 0.8572069
0.4416694 0.8582882
0.3963656 0.8582882
0.351131 0.8561499
0.3084588 0.8396955
0.267684 0.8173362
0.2318267 0.7846121
0.2022006 0.7441974
0.178308 0.6987312
0.1695666 0.6466956
0.1676371 0.5930582
0.174686 0.540175
0.185237 0.492906
0.2052608 0.44572
