0.6529694 0.5302653
0.652655 0.5651757
0.632984 0.5929011
0.6083586 0.6168798
0.5800374 0.6347945
0.5471265 0.6427442
0.5132614 0.6439036
0.4911648 0.6266459
0.4647659 0.6068212
0.4346032 0.5907826
0.4053175 0.5731156
0.3797408 0.5502177
0.3684852 0.5181894
0.3667383 0.4851959
0.3714346 0.4509381
0.3856359 0.419128
0.4133103 0.3990189
0.4410786 0.3808293
0.4723344 0.3676299
0.5 0.3612192
0.5338091 0.3592606
0.5676356 0.3567902
0.6014318 0.3590925
0.633176 0.3702179
0.6626198 0.3865194
0.6859215 0.4119543
0.7044259 0.4412385
0.7204458 0.4721052
0.73827 0.5
0.750883 0.5320536
0.7623553 0.5649588
0.7674742 0.5995455
0.7711211 0.6339169
0.7620807 0.6672116
0.7459087 0.6980206
0.7295548 0.7287275
0.7095204 0.7568569
0.6875775 0.7835619
0.6635818 0.8083423
0.6383549 0.8316895
0.6110839 0.8524337
0.581507 0.8696148
0.5521706 0.8872294
0.5205196 0.8997628
0.4943485 0.9113623
0.4605011 0.9131768
0.4274717 0.9055595
0.3946701 0.8966497
0.3632033 0.8841772
0.3342133 0.8660804
0.3072195 0.8448811
0.2828381 0.8205858
0.2634379 0.7923461
0.2479662 0.7611834
0.2320403 0.7303011
0.2231007 0.6965158
0.2184875 0.6618499
0.2184242 0.6268083
0.2214219 0.5919943
0.2319699 0.559101
0.2470461 0.5280266
0.2634745 0.4993923
0.2819277 0.470199
