0.5314784 0.3399688
0.5141266 0.3556422
0.5 0.3675365
0.4803792 0.3690374
0.4612916 0.3676382
0.445922 0.3470957
0.4357455 0.3194242
0.4325472 0.2872795
0.43872 0.25749
0.4534804 0.2357712
0.4709164 0.2207935
0.4892998 0.2088599
0.5046772 0.2046091
0.5243685 0.2040519
0.543312 0.2090085
0.5603361 0.2254585
0.5710338 0.2524404
0.5816866 0.2795894
0.5857434 0.3117715
0.586277 0.344821
0.5850876 0.3776543
0.5823437 0.410248
0.5752743 0.4408268
0.5616535 0.4646452
0.5455123 0.4830046
0.5268894 0.4938013
0.5074376 0.4983396
0.4919214 0.5
0.4722329 0.4988932
0.4530809 0.4927502
0.4345337 0.4815904
0.4155035 0.4729818
0.396553 0.463917
0.3777729 0.453877
0.3599038 0.4400683
0.3425532 0.4244005
0.3277892 0.403164
0.3242547 0.3711655
0.3259318 0.3387175
0.3338099 0.3084241
0.3435965 0.2799627
0.3548509 0.2527798
0.3686458 0.2292789
0.3836322 0.2079617
0.400295 0.1902795
0.4173769 0.1737802
0.4345721 0.1576009
0.4529477 0.1457505
0.471469 0.1344343
0.4903455 0.1250914
0.5053527 0.1172651
0.5245108 0.1095048
0.5438539 0.1031632
0.563197 0.09682173
0.5825595 0.09065691
0.6019723 0.08494884
0.6213852 0.07924077
0.6409215 0.07507846
0.6605433 0.07198763
0.680199 0.06978029
0.6998944 0.06859842
0.7195973 0.06813499
0.7390621 0.07118484
0.7519774 0.09224904
