0.4251115 0.4131181
0.4567337 0.3841754
0.4926878 0.3666867
0.5189346 0.3519725
0.5572626 0.3477499
0.5908585 0.3606061
0.6131663 0.399886
0.6194893 0.4500413
0.61292 0.5
0.5977697 0.5426604
0.5730321 0.5815943
0.5464767 0.6171483
0.5105355 0.6352497
0.483572 0.6427572
0.4482183 0.6294791
0.4164763 0.6007665
0.3885844 0.5659209
0.3613884 0.5299665
0.3355874 0.4947636
0.3136238 0.453023
0.2947792 0.4092554
0.2831975 0.3607685
0.2841025 0.3102313
0.2998508 0.2654489
0.3270466 0.2301682
0.3606296 0.2062154
0.3969781 0.1903841
0.4345703 0.1796384
0.4721625 0.1688927
0.5 0.1680032
0.5384476 0.1693408
0.576727 0.1723068
0.6140395 0.1846391
0.651352 0.1969713
0.6857749 0.2179391
0.7177763 0.2461441
0.7497776 0.274349
0.7694395 0.3163735
0.782571 0.3636793
0.7863979 0.4142741
0.7806922 0.4641888
0.7708667 0.5109698
0.7587043 0.5592076
0.7464983 0.6074209
0.7286522 0.652463
0.7096059 0.696564
0.6882717 0.7388714
0.6594834 0.7720188
0.6277148 0.7997133
0.5911112 0.8153235
0.5545077 0.8309337
0.5161698 0.8330663
0.4881733 0.8343371
0.4498544 0.8339222
0.4123898 0.8224242
0.3749253 0.8109261
0.3374606 0.799428
0.3001834 0.7871568
0.2646354 0.7677454
0.2290876 0.7483339
0.1935397 0.7289225
0.1606353 0.7032424
0.1301129 0.6727337
0.1282223 0.6249163
