0.4945111 0.3889134
0.4752234 0.3889134
0.4570373 0.3764449
0.4408844 0.3582719
0.4319284 0.3310139
0.4319284 0.2997647
0.4441882 0.2749444
0.4609911 0.2565946
0.4798628 0.2447226
0.5 0.2367848
0.5099539 0.2367515
0.5301697 0.2436347
0.5491 0.2566413
0.5653213 0.2761788
0.5832223 0.2917521
0.5998201 0.3105018
0.6136996 0.3333535
0.6232678 0.3610534
0.6254726 0.3918458
0.6154761 0.4177756
0.6003217 0.438393
0.5821036 0.4535807
0.5636888 0.4681706
0.5448714 0.481624
0.5266464 0.4966926
0.506688 0.5
0.4979927 0.490532
0.478903 0.478002
0.4589585 0.4689762
0.4391522 0.4592235
0.419824 0.4475343
0.4001974 0.4369917
0.3843177 0.4167829
0.3693107 0.3951139
0.3561616 0.3710079
0.345962 0.3437538
0.3423401 0.3130518
0.3358161 0.2833896
0.3317517 0.2528257
0.3304055 0.2216882
0.3341013 0.191304
0.3472445 0.1670477
0.360092 0.1425022
0.3777724 0.1259402
0.3963321 0.1117817
0.4152414 0.09863091
0.4344571 0.08650443
0.4547077 0.07942882
0.4752069 0.07397544
0.4960369 0.07261807
0.5059541 0.07073417
0.5267507 0.06850773
0.5475862 0.06791428
0.5684358 0.06791428
0.5892091 0.06959835
0.6098675 0.07382053
0.6303298 0.07979232
0.6508936 0.08485836
0.6715233 0.08931062
0.691806 0.09654862
0.7122221 0.1028453
0.7323887 0.1105652
0.7515987 0.1223261
