0.5588689 0.5
0.5203103 0.5032678
0.483117 0.4996384
0.4462813 0.4858504
0.4117033 0.4656834
0.3826046 0.4385164
0.3615327 0.4025539
0.3524624 0.3617504
0.3678223 0.3272826
0.4063811 0.3240148
0.4456495 0.3240148
0.4849179 0.3240148
0.5226767 0.3292183
0.5617265 0.3333031
0.5999888 0.3425413
0.6383973 0.3513179
0.6762919 0.3623049
0.7134761 0.3760051
0.7491233 0.3935641
0.7741351 0.4255855
0.7867613 0.4639036
0.7967072 0.5014438
0.802388 0.5433667
0.802388 0.5860497
0.7891439 0.6248541
0.7623941 0.655837
0.7265503 0.6709284
0.6881348 0.6797351
0.6512099 0.6934811
0.6121138 0.6974718
0.5729311 0.6993378
0.5336627 0.6993378
0.4954298 0.6993378
0.4561614 0.6993378
0.41709 0.6956843
0.3780784 0.6908126
0.3398836 0.6813493
0.3043628 0.6633933
0.2715582 0.640809
0.2463849 0.6092516
0.2347665 0.568562
0.2196561 0.5292648
0.2112775 0.4918117
0.2057705 0.4496011
0.202142 0.407351
0.2121615 0.3661404
0.2241698 0.3255229
0.2454325 0.2903584
0.2673341 0.2551686
0.2949319 0.2249223
0.3257825 0.1986101
0.3577366 0.1738011
0.3912037 0.1516165
0.4254342 0.1307045
0.4613596 0.1149418
0.5 0.1073694
0.5378689 0.1018021
0.5771373 0.1018021
0.6154957 0.1098372
0.6522251 0.1247721
0.6862928 0.145974
0.7193226 0.1690554
0.7534062 0.1901138
0.7903618 0.2031049
