0.6834821 0.6112539
0.6733365 0.6566845
0.6441786 0.6864737
0.6098733 0.7063142
0.5719852 0.708874
0.5338501 0.708874
0.5 0.708874
0.463455 0.7006057
0.4293656 0.6807454
0.3977949 0.656378
0.373072 0.6278926
0.3612212 0.5820633
0.3608721 0.5354527
0.3846657 0.5
0.4130369 0.47946
0.4483848 0.4625824
0.4848818 0.452383
0.5185726 0.4499277
0.5567077 0.4499277
0.5948428 0.4499277
0.632978 0.4499277
0.6700685 0.4604946
0.7066847 0.4738591
0.7405373 0.4951312
0.7707994 0.5134256
0.7956443 0.5492035
0.8162384 0.5898493
0.8332535 0.6332806
0.8398652 0.6808716
0.8416528 0.7293714
0.8279811 0.7718685
0.7966164 0.7992685
0.7620692 0.819828
0.7265002 0.8358549
0.6914624 0.8532649
0.6542468 0.8618123
0.6162181 0.8645346
0.5781038 0.8650663
0.5399874 0.8642533
0.5019193 0.861371
0.4681759 0.8579749
0.4310201 0.847743
0.3944404 0.8344926
0.3590673 0.816843
0.324571 0.7961364
0.2909289 0.7738155
0.2630927 0.7409017
0.2386541 0.7042011
0.2188677 0.6639696
0.2095134 0.6168942
0.2081527 0.5683758
0.2081527 0.519734
0.2122935 0.4827046
0.2224342 0.4358481
0.2327698 0.3890305
0.2516472 0.3469433
0.2728807 0.306589
0.2996095 0.2724233
0.3333396 0.2504047
0.369765 0.2384173
0.4079001 0.2384173
0.4460033 0.2389905
0.4837779 0.2449253
0.5151067 0.2611953
