0.4540309 0.4440428
0.5013559 0.4418351
0.5562286 0.4440122
0.6047157 0.464739
0.6369511 0.5
0.653534 0.5393314
0.653534 0.585671
0.6404635 0.629438
0.5979505 0.6570361
0.5438568 0.6625828
0.5 0.6495275
0.4521178 0.6268416
0.4079081 0.599449
0.3732086 0.56378
0.3367834 0.5292757
0.3129154 0.4927508
0.3003407 0.4476515
0.3007633 0.4014481
0.3216239 0.3594798
0.3599726 0.3266427
0.4066014 0.3023346
0.4575581 0.2848803
0.5030752 0.2726876
0.5574872 0.2660152
0.6122227 0.2613844
0.6672059 0.2608038
0.7189382 0.2754239
0.7620866 0.3025016
0.7858804 0.3429624
0.7998594 0.3877038
0.8056355 0.4336122
0.8081763 0.4798332
0.8062301 0.5216608
0.7881937 0.5651606
0.7622548 0.6058015
0.7272491 0.6412432
0.6865455 0.6724176
0.6385694 0.6949057
0.5863289 0.7089342
0.5319428 0.7157987
0.4846247 0.7177752
0.431204 0.7075295
0.3807801 0.6893272
0.3361534 0.6624985
0.2986194 0.628625
0.2659588 0.5913696
0.2389238 0.5512465
0.2199934 0.5077516
0.2077962 0.4672147
0.2018929 0.4211428
0.1997886 0.3748963
0.2112055 0.3298789
0.2358094 0.2884315
0.2716156 0.2535408
0.3129768 0.223043
0.3608716 0.2002413
0.4092177 0.1781302
0.45855 0.1578609
0.5030004 0.1427546
0.5560693 0.1306518
0.6095364 0.1197418
0.6632833 0.1100131
0.7180527 0.1062649
