0.5919626 0.4677813
0.5919626 0.5
0.5864952 0.5484317
0.5691533 0.5922592
0.5440688 0.6268294
0.5155444 0.6558131
0.4990898 0.6808885
0.4656586 0.6909633
0.4311168 0.6917744
0.4100201 0.652665
0.3976203 0.6048317
0.3820879 0.5591594
0.3683704 0.5123427
0.3603955 0.4818272
0.3537642 0.4325591
0.3574796 0.3841031
0.3755516 0.3459286
0.4028391 0.3158435
0.4339975 0.2936341
0.465902 0.2747823
0.5 0.2668982
0.520699 0.261416
0.5551168 0.2566279
0.5896713 0.2561527
0.6238086 0.2591758
0.6533855 0.2843956
0.6743941 0.3250864
0.6918359 0.3693537
0.7110391 0.4120421
0.7313102 0.4536555
0.752984 0.4936115
0.7712198 0.5176368
0.7897859 0.5609077
0.8068362 0.6054857
0.8161737 0.654448
0.813068 0.7054703
0.7919985 0.7457123
0.7635039 0.7736869
0.7337174 0.7996356
0.7047547 0.8276772
0.6743212 0.8515917
0.6421598 0.8701195
0.6082425 0.8795536
0.5738965 0.8853734
0.5393282 0.8853921
0.505658 0.8771603
0.4856088 0.8666093
0.4529259 0.8515294
0.4216 0.8298043
0.3902742 0.8080792
0.3594288 0.784919
0.3288772 0.760882
0.3018747 0.728904
0.2777305 0.6923304
0.2564332 0.6519368
0.2372254 0.6092832
0.218472 0.5661738
0.1989897 0.5237433
0.1871713 0.4952554
0.1826595 0.4443233
0.1814518 0.3930774
0.1814521 0.3417041
0.2026717 0.301156
