0.4812069 0.4560205
0.4882452 0.4113157
0.5083816 0.3758265
0.5435536 0.3473169
0.5838332 0.3275447
0.6239452 0.3291349
0.6451049 0.3699983
0.6528296 0.4160423
0.6523963 0.4625407
0.6493381 0.5065795
0.6348331 0.549051
0.6097929 0.5876817
0.5782217 0.6187848
0.5393656 0.6414912
0.5 0.6625569
0.4635897 0.6683562
0.4194832 0.6741555
0.3757734 0.6703382
0.3323103 0.6605415
0.2930271 0.642011
0.259658 0.611123
0.226289 0.5802351
0.1990108 0.5434959
0.1727847 0.5057459
0.1523637 0.4677418
0.141583 0.4223824
0.1308024 0.377023
0.1290647 0.3304925
0.1353507 0.2853901
0.1562683 0.2441353
0.187625 0.2110165
0.2190557 0.1779554
0.2622274 0.1701455
0.3063565 0.1647285
0.3508064 0.1647285
0.3952561 0.1647285
0.4396217 0.1654639
0.4828002 0.1765661
0.5182824 0.1876683
0.5614609 0.1987706
0.6021321 0.2163194
0.6403275 0.240234
0.6785229 0.2641487
0.7167183 0.2880633
0.7431637 0.3242288
0.7655606 0.3646151
0.7802199 0.40819
0.7898624 0.453832
0.7943227 0.5
0.7931534 0.5441334
0.7919841 0.5908726
0.7815196 0.6354214
0.763618 0.6782174
0.7424701 0.7191192
0.7174299 0.7577498
0.6872025 0.790678
0.6494083 0.8152879
0.6083513 0.8297782
0.5641221 0.8344305
0.5203992 0.8350769
0.4865576 0.8184322
0.4468755 0.7979001
0.4072425 0.7775109
