0.5057537 0.3613629
0.5403323 0.3625808
0.5700085 0.3806682
0.5915914 0.4164335
0.6019367 0.4597388
0.6079673 0.5
0.6079673 0.5457583
0.5990162 0.5895972
0.5852259 0.631357
0.5626503 0.6651802
0.536481 0.6951487
0.5081429 0.7214231
0.4783428 0.7427815
0.4462642 0.7594555
0.4119383 0.7655031
0.3773514 0.7663534
0.3427593 0.7649653
0.3087552 0.7585176
0.276611 0.7416111
0.2469164 0.7180686
0.2210885 0.6883253
0.1986242 0.6535264
0.1793129 0.6158324
0.1657986 0.5738252
0.1552698 0.530267
0.1484784 0.4894494
0.1471978 0.4438586
0.1471978 0.3981003
0.1517206 0.3538125
0.167789 0.3132783
0.1848857 0.2735661
0.2045972 0.235944
0.232682 0.2094221
0.2621041 0.1855456
0.2934849 0.1661951
0.3274713 0.1581897
0.3616982 0.1512318
0.3961965 0.1482382
0.4308128 0.1469676
0.4654291 0.145697
0.5 0.1473425
0.5338958 0.1504908
0.5682716 0.1551503
0.6019953 0.165548
0.6357191 0.1759456
0.6686108 0.1899407
0.7009718 0.2062304
0.7296913 0.2310419
0.7569622 0.2592432
0.7818469 0.29023
0.7996637 0.3294674
0.8125908 0.3717454
0.8233132 0.4152142
0.8317121 0.4596063
0.8328372 0.5011295
0.8328372 0.5468878
0.8328372 0.5926461
0.8260543 0.6375169
0.8139202 0.6801096
0.7969021 0.7198696
0.7786746 0.7587762
0.7575467 0.7948266
0.7336647 0.8279362
