0.3401877 0.3398868
0.367673 0.3154261
0.3989669 0.2978549
0.4318361 0.2836864
0.4648646 0.270729
0.5 0.2684012
0.5314451 0.2681926
0.565768 0.2717432
0.5895764 0.3000349
0.5979772 0.3382169
0.6017128 0.3776311
0.6038004 0.4171734
0.6017216 0.4566471
0.5933673 0.494843
0.57536 0.505787
0.5511001 0.5344831
0.5218477 0.5556921
0.4946185 0.5732456
0.4595932 0.5771276
0.4248376 0.5757346
0.3913168 0.563659
0.3588427 0.5487249
0.3279756 0.5297557
0.2998071 0.5064937
0.2757921 0.5
0.2552056 0.4679322
0.2353784 0.4351805
0.2206554 0.3992476
0.2103506 0.3615035
0.2052354 0.3225321
0.2052354 0.282892
0.2066017 0.2435017
0.2177317 0.2058958
0.2368722 0.1731604
0.2586813 0.1420475
0.2882218 0.1205017
0.3201675 0.1050789
0.3543353 0.09612653
0.3895314 0.09612653
0.4247275 0.09612653
0.4598789 0.09720367
0.4949214 0.1009037
0.5262182 0.1046038
0.5608408 0.1117019
0.5954485 0.1189199
0.6291082 0.130486
0.6626951 0.1422667
0.6916981 0.164724
0.7162148 0.1925401
0.7378231 0.2238301
0.7499627 0.2609483
0.7609487 0.2986026
0.7693079 0.3367915
0.7693079 0.3764316
0.7693079 0.4160717
0.7693079 0.4557118
0.7584388 0.4929302
0.7439126 0.5065224
0.726182 0.540253
0.6997906 0.5664797
0.672434 0.5913711
0.6431144 0.6131475
0.6121343 0.6318455
0.5783378 0.6414593
