0.5562493 0.5548987
0.5849242 0.5331439
0.6224527 0.5319265
0.6475657 0.5697387
0.6627134 0.61856
0.6706337 0.6700395
0.6586252 0.7180482
0.6305391 0.7511151
0.5972268 0.7750273
0.559743 0.7783616
0.5223294 0.7802162
0.4894614 0.7697335
0.4590455 0.7396684
0.4328171 0.7025384
0.4144667 0.6559017
0.4045616 0.6057486
0.404352 0.5523807
0.4097323 0.5
0.4232356 0.4634446
0.4440684 0.4189704
0.4649013 0.3744962
0.4954288 0.3444923
0.5259138 0.327724
0.5634451 0.3257456
0.6001748 0.3349581
0.6366538 0.3476726
0.6731327 0.360387
0.7060234 0.3845931
0.7371008 0.4146061
0.7631652 0.4520994
0.7850978 0.4952949
0.796033 0.5332062
0.8015029 0.5856524
0.8029464 0.6390643
0.7889885 0.6885761
0.7665541 0.7310654
0.7394102 0.7673693
0.7086437 0.7979485
0.6758131 0.8239068
0.6423168 0.8477116
0.6066871 0.8646144
0.5702713 0.8773595
0.5334933 0.888189
0.5 0.8896362
0.4624431 0.8896362
0.4252537 0.8845257
0.3884757 0.8736961
0.3528885 0.8571696
0.3179324 0.837625
0.2869375 0.8079759
0.2568919 0.775905
0.2344061 0.7331902
0.2121963 0.6900868
0.1980812 0.6413397
0.1877635 0.5899448
0.1866572 0.536714
0.1866572 0.4964868
0.1949041 0.444547
0.2044195 0.3928396
0.217786 0.3445865
0.2475386 0.3128005
0.2832574 0.2963075
0.3197771 0.285154
0.3572915 0.2826115
