0.4678354 0.4557884
0.4379617 0.4807459
0.4266872 0.5161932
0.4154127 0.5584655
0.4110282 0.5976567
0.4470124 0.618796
0.4829966 0.6399353
0.5 0.626694
0.5182806 0.5878802
0.5306389 0.545957
0.5429973 0.5040338
0.5458323 0.4678337
0.5420588 0.4240873
0.5079116 0.3997005
0.4792263 0.4067358
0.4395702 0.4175996
0.4008083 0.4320427
0.3629433 0.4488998
0.3270662 0.4687776
0.3065038 0.5
0.3016301 0.5403749
0.3117671 0.5829765
0.3219041 0.6255782
0.3320411 0.6681798
0.348604 0.7081427
0.3676467 0.7470872
0.3866894 0.7860318
0.4103803 0.8204966
0.4445274 0.8448833
0.4837718 0.8487086
0.51331 0.8456838
0.5518009 0.8324634
0.5890125 0.8139225
0.6262242 0.7953815
0.6609297 0.7732798
0.6878079 0.7400568
0.714686 0.7068338
0.7415643 0.6736107
0.7684425 0.6403877
0.7764253 0.5975392
0.7835169 0.5542367
0.7906086 0.5109341
0.7977003 0.4744567
0.7832059 0.4351666
0.7629107 0.3969548
0.7426156 0.358743
0.7223204 0.3205312
0.7020252 0.2823193
0.6645917 0.2646558
0.6268703 0.2473376
0.5891488 0.2300194
0.5510616 0.2139624
0.5108188 0.2053404
0.4819804 0.1967184
0.4417376 0.1880964
0.4015335 0.194178
0.3613368 0.2030434
0.3212111 0.2122571
0.2812223 0.2221429
0.2435306 0.2378639
0.2090088 0.2616377
0.1745452 0.2854982
0.1416673 0.3110514
