0.6059123 0.7098985
0.5696479 0.7098985
0.5333836 0.7098985
0.5 0.6948763
0.4860087 0.6627571
0.4776032 0.6193128
0.4784545 0.5747607
0.4957967 0.5357678
0.51153 0.5050303
0.5434335 0.4971382
0.5786437 0.489302
0.6148532 0.4880731
0.6490274 0.5
0.6732632 0.5189782
0.6965779 0.5524634
0.7201077 0.5820405
0.7437234 0.610664
0.752735 0.652705
0.7493973 0.6970226
0.7377362 0.7395239
0.7149893 0.7744347
0.6868742 0.8023915
0.6573142 0.8283824
0.6263506 0.8515285
0.5917908 0.8633875
0.55688 0.8718083
0.5206156 0.8718083
0.495327 0.8660758
0.4602909 0.8545297
0.4265318 0.8382844
0.3926731 0.8223511
0.3591895 0.8052846
0.3269696 0.7847225
0.2960836 0.7611613
0.2670947 0.7341643
0.240297 0.7038981
0.2146543 0.6720856
0.1957593 0.634079
0.1796639 0.5954324
0.1717224 0.5522573
0.1721608 0.5073215
0.1792728 0.4766554
0.1951782 0.4364086
0.2122118 0.3967648
0.2309131 0.3584149
0.256196 0.3262324
0.2844654 0.2982203
0.3150617 0.2741116
0.3469961 0.2528586
0.3807666 0.2365984
0.41587 0.2253237
0.4514895 0.2171459
0.4876032 0.213471
0.5134875 0.2123204
0.5497519 0.2123204
0.5860162 0.2123204
0.6220945 0.2166398
0.6579943 0.2227132
0.6935545 0.2315364
0.7276368 0.2467187
0.7606241 0.265281
0.7917677 0.2882932
0.8149626 0.3214691
0.8343031 0.359051
