0.5072691 0.4467846
0.4700827 0.4467846
0.4312006 0.4433758
0.3932815 0.4353337
0.3614988 0.4120293
0.3522237 0.3728243
0.3587274 0.3322126
0.3878209 0.3052901
0.4256588 0.2952528
0.4646658 0.2941566
0.5018523 0.2941566
0.5409436 0.2941566
0.579671 0.2996654
0.6185341 0.3041227
0.6562393 0.3140465
0.6927833 0.3289271
0.7266363 0.3497007
0.7530563 0.3796722
0.7638979 0.4193319
0.7769039 0.4588877
0.7846219 0.5
0.7882305 0.5379389
0.7889198 0.5799445
0.7775279 0.6188984
0.7523283 0.6510289
0.7221588 0.6776669
0.688171 0.6982343
0.6505476 0.7073534
0.611531 0.7088028
0.5725387 0.7067354
0.5336549 0.7024089
0.4967036 0.6978053
0.4595986 0.6849496
0.4223376 0.6722437
0.3869478 0.6544384
0.3530706 0.6337374
0.3238688 0.6057929
0.2943617 0.5782228
0.2652766 0.5501304
0.242728 0.5159546
0.2216277 0.4845488
0.2055838 0.446207
0.201879 0.4046201
0.1996489 0.3626419
0.2003363 0.3206385
0.2095717 0.2800182
0.2258958 0.2425782
0.250316 0.2097452
0.2784768 0.1809357
0.3120043 0.1597679
0.3484901 0.144674
0.3860935 0.134373
0.4249206 0.1295
0.4634596 0.122687
0.5 0.1152535
0.5389029 0.1111352
0.5778592 0.1076434
0.6168934 0.1054924
0.655966 0.1045277
0.6950574 0.1045277
0.7337059 0.1076491
0.7702503 0.1222378
0.8059438 0.1388852
