0.5123672 0.462424
0.541 0.4928149
0.5613481 0.5051321
0.5664674 0.5480018
0.5678951 0.5914952
0.5550773 0.6316336
0.5221048 0.6573991
0.498753 0.6515393
0.4723295 0.6176896
0.4473168 0.5838339
0.4318596 0.5432318
0.4264814 0.5
0.4232671 0.4823435
0.4302275 0.4394183
0.4485604 0.4005242
0.4772764 0.3690069
0.5 0.352495
0.5403815 0.3393955
0.5821046 0.331985
0.6238745 0.3251395
0.6662132 0.3251395
0.7085191 0.326355
0.7489666 0.3350372
0.7819812 0.3614525
0.8019866 0.399186
0.8078178 0.4423527
0.811065 0.4858385
0.8109115 0.5036557
0.8085225 0.5471992
0.8018806 0.5900049
0.7880768 0.6312094
0.7720215 0.6715587
0.7505723 0.7088536
0.724806 0.7434537
0.6973155 0.7765793
0.6672251 0.80714
0.6343277 0.8345816
0.6006956 0.8610756
0.5609688 0.8757215
0.5199887 0.8866341
0.4946184 0.891457
0.453791 0.8828734
0.4192062 0.8580542
0.3836689 0.8344601
0.3531348 0.804472
0.3254471 0.7714865
0.2986367 0.7377304
0.2728617 0.7031582
0.2501943 0.6664631
0.2320537 0.6271037
0.2175254 0.5861419
0.2034266 0.545248
0.1997588 0.5017969
0.1983683 0.4839658
0.1983683 0.4403508
0.2047403 0.3980486
0.2194642 0.3571868
0.248322 0.3257946
0.2819368 0.2996444
0.3230029 0.2905636
0.3651823 0.2880901
0.4034176 0.3062257
0.4340202 0.3350399
0.442691 0.376621
