0.4926746 0.5071242
0.5251349 0.5004395
0.5590609 0.5
0.5922632 0.5018667
0.615422 0.5276671
0.624303 0.5660834
0.61958 0.604227
0.5992657 0.6371358
0.5727419 0.6611694
0.5394915 0.6648213
0.5089806 0.6502677
0.4862365 0.6212847
0.4632807 0.5908457
0.4434158 0.5580561
0.4289595 0.5211535
0.416412 0.4915705
0.4089975 0.4519141
0.401583 0.4122577
0.4024816 0.3722439
0.4073884 0.3320578
0.4330375 0.3048143
0.4660239 0.2932536
0.5 0.2867416
0.5331599 0.2867416
0.5669538 0.2935044
0.5999994 0.3058765
0.6294651 0.3253916
0.65483 0.3530897
0.678081 0.3831828
0.6999512 0.4145282
0.7164764 0.4502223
0.7330016 0.4859163
0.7431606 0.5166577
0.7525045 0.5556413
0.7537428 0.5962095
0.7549812 0.6367778
0.7463245 0.675816
0.7361209 0.714615
0.7187818 0.7492647
0.6985086 0.7822082
0.6767633 0.8136072
0.6503564 0.8398331
0.6198797 0.8581688
0.5863259 0.8684998
0.5518743 0.8707117
0.5171781 0.8707117
0.4848867 0.8622341
0.4511736 0.8526396
0.4174604 0.8430451
0.3867525 0.824531
0.3565121 0.8046293
0.3262717 0.7847276
0.297584 0.7619072
0.2689691 0.7389501
0.2403541 0.715993
0.2150864 0.6886105
0.1921307 0.6581715
0.1783065 0.6214751
0.1678309 0.5829142
0.1649495 0.5424603
0.1644812 0.5022529
0.1733112 0.4710616
0.1864793 0.4337173
