0.4993736 0.6327899
0.4750301 0.6259313
0.4539047 0.6095101
0.4337106 0.5878682
0.4219413 0.5575001
0.4243318 0.5172454
0.4412781 0.5
0.4654635 0.4939863
0.4896792 0.4995846
0.5011796 0.5060491
0.5220109 0.527735
0.5427235 0.5493369
0.5620784 0.5746571
0.5780066 0.6053325
0.5815827 0.6453357
0.5762544 0.6833221
0.5605488 0.7144648
0.5423086 0.7419657
0.5226796 0.7661839
0.5 0.7823063
0.488026 0.7972571
0.4641384 0.8077564
0.439792 0.8127797
0.4152722 0.8158058
0.3907727 0.8162364
0.3663002 0.8105145
0.3436616 0.7957295
0.3244729 0.771004
0.3083564 0.7402184
0.2974073 0.7039565
0.2881358 0.6661358
0.2844596 0.6260713
0.2844596 0.5852638
0.2844596 0.5444564
0.2901722 0.5049344
0.3000133 0.4776004
0.311495 0.4414721
0.3272104 0.4099716
0.3439902 0.3800666
0.3628783 0.3539699
0.3830453 0.3303694
0.4030861 0.306477
0.4247186 0.2869229
0.4472105 0.2701342
0.4704431 0.2561886
0.493861 0.2431207
0.5067163 0.2327698
0.5309625 0.2248853
0.5553471 0.2181766
0.579878 0.2135801
0.6045741 0.212263
0.6292772 0.2133862
0.6537647 0.2177999
0.677803 0.2273233
0.7021407 0.2342253
0.7266299 0.2398011
0.7502972 0.2511864
0.7737496 0.2640908
0.797202 0.2769953
0.8206403 0.2899682
0.8440014 0.3033167
0.8663899 0.320003
0.8872912 0.3417939
