0.477682 0.5486421
0.5 0.5629179
0.5496743 0.5540627
0.5733392 0.52426
0.587845 0.4919432
0.584486 0.4594876
0.5609841 0.4301978
0.5135991 0.4180365
0.4877296 0.4244392
0.4471834 0.4469696
0.4107259 0.4721127
0.382342 0.5
0.3622134 0.5315495
0.3581393 0.5650375
0.3762519 0.5963366
0.40049 0.6267291
0.438816 0.6489424
0.4852904 0.6664249
0.5118177 0.6729749
0.5649189 0.6674554
0.6178798 0.6602371
0.669718 0.6507928
0.7196687 0.6376066
0.7661557 0.6215882
0.7994301 0.5947661
0.8327044 0.567944
0.8451681 0.535583
0.8490609 0.5018611
0.8451995 0.4683909
0.841338 0.4344974
0.8334031 0.4010479
0.8187897 0.3683265
0.8041763 0.3356051
0.7761743 0.3073534
0.7410288 0.2814864
0.7058832 0.2556195
0.6707377 0.2297525
0.6238441 0.2130388
0.5754163 0.2006253
0.5233037 0.2099603
0.4970241 0.2192953
0.4547441 0.2398486
0.414236 0.2624236
0.373728 0.2849986
0.3339011 0.3079261
0.3062309 0.3371438
0.2785608 0.3663616
0.2508906 0.3955793
0.2268007 0.4254772
0.2239521 0.4594101
0.2211035 0.493343
0.218255 0.5268525
0.2171063 0.5607278
0.2257818 0.5942695
0.2344573 0.6278112
0.2431329 0.6613529
0.2555972 0.6940607
0.2822657 0.7236423
0.3089342 0.753224
0.3389362 0.7813755
0.3732564 0.8076744
0.4075767 0.8339734
0.4454982 0.8579895
