0.5245532 0.6163558
0.4993718 0.6146433
0.4647274 0.5988627
0.4304504 0.5819793
0.4041138 0.5514663
0.3942612 0.5081817
0.4008027 0.4673573
0.4277369 0.4386647
0.4625397 0.4235637
0.4992697 0.4180255
0.5238112 0.410637
0.5608386 0.410637
0.5977805 0.4130111
0.6341494 0.4204592
0.6687121 0.4359467
0.7020847 0.4556606
0.7326906 0.4812204
0.7608064 0.50925
0.7803038 0.5471861
0.7868505 0.5922086
0.7757332 0.6344069
0.7494467 0.6657277
0.718676 0.6906613
0.6841202 0.7069513
0.6497911 0.7241414
0.615021 0.7396072
0.5789433 0.7498599
0.5425465 0.7582605
0.5058949 0.7647799
0.4810272 0.7715034
0.4440556 0.7724417
0.4070282 0.7724417
0.3700332 0.7713959
0.3363445 0.7547367
0.3032188 0.7344206
0.2770829 0.7027236
0.2522866 0.6686531
0.2319658 0.6303827
0.2180795 0.5881823
0.2085945 0.5438341
0.2050665 0.5
0.2065351 0.4542358
0.2111788 0.4087204
0.2236893 0.3658062
0.2396798 0.3247274
0.2575828 0.2845832
0.278127 0.2468263
0.3053301 0.2159433
0.3360062 0.1904174
0.3688946 0.1693396
0.4030799 0.1520674
0.4384128 0.1383585
0.4747485 0.1319007
0.5 0.1305519
0.5370272 0.1305375
0.5739384 0.1333286
0.6107178 0.1385498
0.6473274 0.1454227
0.6825776 0.1586997
0.7178096 0.1726845
0.7525601 0.1884058
0.785289 0.2098241
0.8135433 0.2390155
0.8368939 0.2737942
