0.6330833 0.5097934
0.6610641 0.5389459
0.6703761 0.5804838
0.6634102 0.6223177
0.6401426 0.6571059
0.6108695 0.6843432
0.5755602 0.7014041
0.5382549 0.7083941
0.5 0.7102798
0.4659176 0.7044559
0.4330141 0.6823908
0.4082338 0.6499541
0.3880585 0.6132007
0.3864093 0.5695275
0.3999369 0.5296633
0.4241261 0.5
0.4508997 0.469175
0.4828801 0.4450105
0.512526 0.4227995
0.5462437 0.401939
0.5804617 0.3822823
0.6164453 0.3687617
0.6547917 0.3687617
0.6927963 0.3731226
0.7282429 0.3895698
0.7541452 0.4202855
0.7651342 0.4622101
0.7733101 0.5003429
0.7756729 0.5440441
0.7756729 0.5878512
0.772795 0.6314069
0.7637975 0.6738929
0.7553817 0.7165434
0.7357966 0.753774
0.7112193 0.7864181
0.6849701 0.8183198
0.6556095 0.8463563
0.6228266 0.8686246
0.5858314 0.880151
0.5483902 0.8895185
0.510226 0.8932236
0.4752857 0.8932236
0.4371385 0.8906255
0.3998653 0.8808051
0.3636152 0.8665786
0.3300455 0.845754
0.2985732 0.820727
0.2695708 0.7921574
0.2461763 0.7575012
0.22358 0.7222016
0.2065153 0.683179
0.193868 0.6418335
0.1911713 0.5981979
0.1959068 0.5551153
0.2127326 0.5160925
0.2270002 0.4798676
0.248739 0.4442782
0.2745335 0.4118636
0.3015141 0.3807655
0.3340989 0.3580089
0.3694707 0.3412361
0.4039063 0.3228369
0.4404658 0.3096369
