0.5284092 0.354654
0.5012377 0.3569012
0.4938383 0.3544964
0.4676073 0.3432972
0.4473468 0.3188073
0.4406577 0.2804816
0.4482624 0.2432086
0.4680365 0.2165624
0.4937725 0.20315
0.5007222 0.1959677
0.5281206 0.1951029
0.5555418 0.1951029
0.5829476 0.1959097
0.6103017 0.1986266
0.6367276 0.2085243
0.659706 0.2296478
0.679016 0.2578863
0.6963969 0.2881965
0.7061265 0.324544
0.7129608 0.362635
0.7111437 0.4019972
0.6973387 0.4365583
0.6800671 0.4676247
0.6576027 0.4906018
0.6335391 0.5
0.6071851 0.510748
0.5810046 0.5226477
0.5542846 0.5315083
0.5273561 0.5388169
0.5 0.5415736
0.4925135 0.5428953
0.4652732 0.53944
0.4397454 0.5253094
0.4169999 0.502967
0.3945356 0.489502
0.3712598 0.4683259
0.3481531 0.4467813
0.3251004 0.4251392
0.3023743 0.402721
0.2810504 0.3776189
0.2634075 0.3472711
0.2538885 0.3104915
0.2543752 0.2708929
0.2656034 0.2344634
0.2796153 0.2000451
0.2955536 0.167441
0.3154465 0.14043
0.3373861 0.1163982
0.3609035 0.09635934
0.3868271 0.08374277
0.4137637 0.07649234
0.4409895 0.07171851
0.468402 0.07150707
0.4957823 0.07015014
0.5031938 0.06662846
0.5305588 0.06476542
0.5579799 0.06476542
0.5853906 0.06575212
0.6127983 0.06700364
0.6401724 0.06934854
0.6675217 0.07202998
0.6945984 0.0783602
0.7216269 0.08510983
