0.4554589 0.3806165
0.4944415 0.3926663
0.5137134 0.4150283
0.5425972 0.4437564
0.5600849 0.4802118
0.5693004 0.5169292
0.5773156 0.5560336
0.5690162 0.5953468
0.5415912 0.6237001
0.5100899 0.6490377
0.486079 0.6601542
0.4453302 0.6637198
0.4043702 0.6637198
0.3634109 0.6637137
0.3235397 0.6544278
0.2857642 0.6394125
0.2496996 0.620288
0.2152449 0.5983641
0.1872793 0.568789
0.1658884 0.534772
0.1503933 0.5
0.1419805 0.461029
0.1439288 0.4205319
0.1502116 0.380563
0.163668 0.3426493
0.1849647 0.3084233
0.212747 0.2786322
0.2456496 0.2545566
0.2798014 0.2324482
0.3172312 0.2159821
0.3552521 0.2009352
0.3935287 0.1865021
0.433479 0.1776402
0.4736291 0.1701794
0.5 0.1701794
0.54096 0.1701794
0.5807342 0.1779855
0.6198829 0.1899086
0.6574178 0.2056882
0.6933179 0.225091
0.7242709 0.2516438
0.7492332 0.2829462
0.7682388 0.3188556
0.7865567 0.3551183
0.7965767 0.3944193
0.8045058 0.4341745
0.8089564 0.4743317
0.8082016 0.512128
0.8046533 0.5525185
0.7971157 0.5920912
0.7836363 0.6303597
0.7680408 0.6678489
0.7460809 0.701852
0.7199937 0.7329317
0.6895168 0.7598312
0.6561408 0.7833216
0.6195051 0.801453
0.5814282 0.8162872
0.5425547 0.8287014
0.5022326 0.8358284
0.476487 0.8428656
0.4357302 0.8468999
0.3948776 0.8490301
