0.4850722 0.4686318
0.4602964 0.4703279
0.4384249 0.4583041
0.4183081 0.4373712
0.4059502 0.4062032
0.4110046 0.3714122
0.4290508 0.3467187
0.4512697 0.3302775
0.475156 0.3210797
0.5 0.3211276
0.5244 0.3258259
0.5486854 0.3334782
0.5727354 0.3426929
0.5959579 0.3551055
0.6159038 0.3751544
0.6292576 0.4064065
0.6401735 0.4397215
0.6467414 0.47547
0.6477058 0.5
0.6389193 0.5337352
0.6218148 0.5601829
0.6009806 0.5804349
0.5778921 0.5932508
0.5546725 0.6064914
0.5301542 0.6120167
0.5053609 0.6137371
0.4809694 0.6105558
0.4568022 0.6027144
0.4337739 0.5894143
0.4107048 0.5755779
0.3876246 0.5618208
0.3657656 0.5441214
0.3441945 0.5256489
0.3230898 0.5061982
0.3048917 0.4935651
0.2909223 0.4629187
0.281806 0.4286991
0.2792147 0.3917982
0.2825302 0.3553494
0.2918631 0.3208565
0.3052904 0.289567
0.3220344 0.2620911
0.3401093 0.2365371
0.3614674 0.2175186
0.3823662 0.1973794
0.4042005 0.1800879
0.4275148 0.1672084
0.4508291 0.154329
0.474531 0.1432393
0.4984442 0.1331259
0.5223622 0.1244664
0.5466349 0.1165577
0.5711607 0.1105942
0.5958285 0.106829
0.6206599 0.1055684
0.6454546 0.1031698
0.6702821 0.1022955
0.6951283 0.1022955
0.7189209 0.1127074
0.7408316 0.1297911
0.7615358 0.1503713
0.7819422 0.171597
0.8030366 0.1910957
