0.6688744 0.6622994
0.6570724 0.6978177
0.6286797 0.7247787
0.592853 0.7404243
0.5534825 0.7471632
0.5166634 0.7349752
0.5 0.7071072
0.4738815 0.6775656
0.4556102 0.6433626
0.4360642 0.6097773
0.4269833 0.5718811
0.424886 0.5332228
0.4253635 0.4953543
0.4332925 0.4573121
0.4499931 0.4221874
0.477163 0.3958637
0.5045987 0.383518
0.5440129 0.3767498
0.5841011 0.3758686
0.6242345 0.3758686
0.6617514 0.388841
0.6960636 0.4088414
0.7263168 0.4342953
0.7472815 0.4673781
0.7687892 0.5
0.7816119 0.5358257
0.7962022 0.571973
0.8054448 0.609812
0.8092988 0.648482
0.8100606 0.687366
0.8007325 0.7249006
0.7808536 0.75835
0.7543381 0.7874973
0.7240716 0.8127773
0.6910171 0.834831
0.657593 0.8562664
0.6227474 0.8755705
0.5853741 0.8891631
0.5454221 0.892253
0.5052886 0.892253
0.4753465 0.890862
0.4356819 0.8857579
0.3966329 0.8768495
0.3583263 0.865244
0.3208411 0.8513513
0.2906504 0.8261307
0.2643884 0.7968798
0.2496626 0.7611288
0.237727 0.724048
0.2290438 0.6860779
0.2211195 0.648074
0.2131067 0.610534
0.2131067 0.5716255
0.2145388 0.532823
0.2210414 0.4954443
0.230167 0.4577662
0.2478203 0.4228289
0.2665188 0.3885346
0.2909526 0.3578869
0.3193313 0.3303744
0.3525035 0.309499
0.390287 0.2977133
0.428356 0.2861637
