0.4241517 0.4490945
0.4299646 0.4100164
0.452291 0.3770837
0.4851823 0.357114
0.5179988 0.3651208
0.5445758 0.3947017
0.5583337 0.4310537
0.5624402 0.4708475
0.5566393 0.5
0.542382 0.5365845
0.5151452 0.5652154
0.4839353 0.5840353
0.4429084 0.587505
0.4030636 0.5776074
0.3658032 0.5616069
0.3314649 0.5394232
0.2987124 0.5155864
0.2733754 0.4943453
0.2480385 0.4627773
0.2227015 0.4312094
0.2057143 0.3956408
0.1952115 0.3569653
0.1847087 0.3182899
0.1828962 0.2794377
0.1917154 0.2403693
0.2005345 0.2013009
0.2284301 0.1731935
0.2595721 0.1469514
0.2948855 0.1291583
0.3355122 0.1221281
0.3762562 0.1162217
0.4175127 0.1152222
0.4587692 0.1142227
0.5 0.1134185
0.5344772 0.1244053
0.5741587 0.135392
0.6131327 0.1478614
0.647471 0.170045
0.6818091 0.1922287
0.7161473 0.2144125
0.7411157 0.2452067
0.7621549 0.2796117
0.7808475 0.3149602
0.7911254 0.3536924
0.8014031 0.3924246
0.8080331 0.431604
0.8080331 0.4715962
0.8080331 0.5012617
0.8080331 0.5412539
0.7938944 0.5781195
0.7759911 0.6141526
0.7523525 0.6458509
0.7206485 0.6714533
0.6856639 0.6919926
0.6480936 0.7085415
0.6086905 0.7196456
0.5682771 0.7277482
0.5276082 0.7334329
0.4915431 0.7334329
0.4502737 0.7334329
0.4100545 0.7248313
0.3699247 0.7154982
0.3322122 0.6994598
0.3031756 0.6732326
