0.4027842 0.2028434
0.4344254 0.2006946
0.4661714 0.2006946
0.4979174 0.2006946
0.5142779 0.2095757
0.536649 0.2346256
0.5477561 0.2676958
0.5485595 0.3036858
0.5447243 0.3391433
0.5362594 0.373879
0.5211374 0.4050122
0.5023044 0.434023
0.4931642 0.459435
0.4671622 0.4800262
0.4407479 0.5
0.4100246 0.5082763
0.3786004 0.513213
0.3475221 0.5172256
0.3165764 0.5105003
0.2890918 0.4928374
0.2651165 0.4698204
0.2481842 0.4394365
0.2346698 0.4068838
0.2267215 0.372296
0.2248623 0.3363867
0.2294612 0.3010159
0.2386346 0.2666702
0.2540518 0.235165
0.2745669 0.2077304
0.2972929 0.1826519
0.3215135 0.1595099
0.3491504 0.1417759
0.377828 0.1265036
0.4073035 0.1131185
0.4377892 0.1035112
0.4688443 0.09603259
0.5 0.08912948
0.5179965 0.08256692
0.5497379 0.08250836
0.5814823 0.08256295
0.6131625 0.08488333
0.644484 0.08904478
0.6739502 0.1023298
0.6969881 0.1270607
0.7156135 0.1560724
0.7288582 0.1886505
0.7375795 0.2233044
0.7465302 0.2578828
0.7492294 0.2937245
0.7510026 0.3296971
0.7496235 0.3657037
0.7422773 0.4004593
0.7306462 0.4339494
0.7157165 0.4655769
0.6975113 0.4951025
0.6737381 0.5188503
0.6495315 0.5421678
0.6237768 0.5627675
0.5951146 0.5782626
0.5656711 0.5917308
0.5360271 0.6046219
0.5054705 0.6140968
0.4874326 0.6202101
0.4557824 0.6218494
