0.4055749 0.2909335
0.4387371 0.2909335
0.4718993 0.2909335
0.5 0.2909335
0.5328536 0.2961372
0.5616081 0.3151231
0.5856249 0.3413676
0.5987641 0.3771364
0.6073376 0.4155224
0.6118612 0.4546676
0.6118612 0.4944079
0.6047914 0.5245867
0.5848941 0.5563788
0.5644172 0.5876379
0.5393412 0.6129425
0.5093944 0.6289898
0.4816754 0.6338659
0.448989 0.6403516
0.4162579 0.6401231
0.3844954 0.6297223
0.354804 0.612512
0.32792 0.5893238
0.3036765 0.5622082
0.2822186 0.5321394
0.2627135 0.5
0.243817 0.4754224
0.2254219 0.4423565
0.2112083 0.4066854
0.2013423 0.369096
0.1996862 0.3294054
0.2026747 0.2899902
0.2081026 0.2508068
0.215698 0.2121229
0.2316293 0.1774957
0.2537173 0.1486827
0.2822585 0.1290427
0.3124999 0.1127347
0.3450851 0.1055874
0.3778619 0.1002355
0.4110241 0.1002355
0.4441864 0.1002355
0.4772198 0.1035357
0.5051757 0.1072451
0.5378625 0.1134238
0.570191 0.1222789
0.6025195 0.131134
0.633292 0.1456228
0.6636459 0.1616278
0.6909887 0.1837199
0.7152438 0.2105911
0.7358201 0.2415886
0.7523764 0.2757482
0.7609978 0.3141221
0.7690377 0.3526325
0.7731509 0.3920659
0.7734801 0.4317816
0.7734801 0.4715219
0.7680199 0.5021306
0.7573301 0.5397414
0.7447738 0.5765229
0.7297122 0.6115568
0.7092239 0.6428053
0.6858808 0.6710212
