0.537973 0.3881277
0.5267702 0.3637632
0.5209216 0.3326558
0.5161813 0.3011059
0.5229355 0.271986
0.5394596 0.2554751
0.5588598 0.2507295
0.5786204 0.2507295
0.5979614 0.2570802
0.6155193 0.2713977
0.6290676 0.2943911
0.6348374 0.3253424
0.6353878 0.35815
0.6289068 0.3889496
0.618143 0.4164672
0.6057156 0.4413097
0.5896283 0.4602183
0.572947 0.4778264
0.5555179 0.4931546
0.5371782 0.503107
0.5186657 0.5145752
0.5 0.524649
0.4807042 0.5271658
0.4609679 0.5264326
0.4415646 0.5204334
0.4220307 0.5159693
0.4033844 0.5054936
0.3841858 0.5
0.3655305 0.4892659
0.3472918 0.4766186
0.3310141 0.4591855
0.317485 0.4352326
0.3088926 0.4060106
0.3022029 0.375077
0.2997764 0.3426363
0.2997764 0.3097576
0.3019528 0.2772155
0.3086724 0.246546
0.3175716 0.2171978
0.3276127 0.1891477
0.3418943 0.1664456
0.3567743 0.1448236
0.3729173 0.12588
0.3902319 0.1100352
0.4082966 0.09682962
0.42692 0.08593413
0.4460097 0.07769361
0.4655675 0.07305929
0.485294 0.07134843
0.5046902 0.07134843
0.5244508 0.07134843
0.5439731 0.0756709
0.5634338 0.08129942
0.5831011 0.08449194
0.6027684 0.08768445
0.6223063 0.09250832
0.6417981 0.09791353
0.66129 0.1033188
0.6805162 0.1108836
0.699717 0.1186545
0.7189621 0.1261129
0.7382261 0.1334391
0.757406 0.1413379
