0.525626 0.5681891
0.4950119 0.5902815
0.4572547 0.6019135
0.426362 0.5808672
0.4066344 0.5438517
0.4006487 0.5
0.4195348 0.4651447
0.4500452 0.4363165
0.4827295 0.4103879
0.5168961 0.3954706
0.5558753 0.3841061
0.5950218 0.373349
0.6340771 0.3754075
0.6602408 0.398432
0.6629249 0.4426864
0.6656091 0.4869408
0.6555191 0.5298315
0.6451936 0.5727074
0.6334233 0.6150026
0.6161494 0.6550858
0.5988756 0.695169
0.5816018 0.7352521
0.5542897 0.7675595
0.525757 0.7989216
0.5 0.8283067
0.4612013 0.8404913
0.4218241 0.848714
0.381505 0.8504866
0.3428189 0.8436588
0.3065103 0.8243089
0.2702016 0.8049591
0.2374291 0.7799559
0.2079913 0.7496213
0.1943229 0.709231
0.1863398 0.6660441
0.1935581 0.6224068
0.2007763 0.5787697
0.2102138 0.5357417
0.2225119 0.4935094
0.2369171 0.4522099
0.2549628 0.4125398
0.2733001 0.3730531
0.2952911 0.335866
0.3188092 0.3001096
0.3487311 0.2703528
0.378653 0.2405961
0.4168652 0.2268669
0.4551784 0.2129531
0.4933694 0.1986407
0.5275863 0.1838793
0.5670802 0.1764089
0.607353 0.1788275
0.643631 0.1953838
0.6774094 0.2195756
0.7090466 0.2471054
0.7406839 0.2746352
0.7648476 0.3095942
0.7865991 0.3469511
0.8050116 0.386117
0.8187166 0.4278331
0.8324217 0.4695491
0.845208 0.5115855
0.8565937 0.5541359
0.8470625 0.5961739
