0.5258381 0.5253448
0.5 0.536863
0.4729608 0.539433
0.4458973 0.5382047
0.4210518 0.5233123
0.4059519 0.5
0.4043645 0.4557183
0.4062275 0.4108763
0.4191342 0.3722106
0.4370643 0.3384094
0.4593114 0.3135345
0.4841745 0.301158
0.5095201 0.3101001
0.5326129 0.3337066
0.5545623 0.3601865
0.577026 0.38495
0.5941882 0.4167711
0.6118994 0.4498638
0.6244889 0.4894531
0.6311897 0.5197281
0.6318456 0.5646314
0.620703 0.6047669
0.6016251 0.6366395
0.5801975 0.6642441
0.5566039 0.685783
0.5302311 0.6961976
0.5034197 0.703157
0.4765041 0.706143
0.4493828 0.7060064
0.4240919 0.6896648
0.3998462 0.6698321
0.3771055 0.6452469
0.355858 0.6173059
0.3356568 0.5872065
0.3161471 0.555975
0.3013163 0.5186307
0.2872411 0.4931727
0.278115 0.4508488
0.2757421 0.4060119
0.2791768 0.3620306
0.2876353 0.3192911
0.2998336 0.2791753
0.3132303 0.2400022
0.3300561 0.2048932
0.3538406 0.1851777
0.3794057 0.1706705
0.4063069 0.1658676
0.4333224 0.16186
0.4603077 0.1571867
0.48738 0.1540851
0.5144085 0.1522423
0.5415328 0.1508842
0.5686695 0.1508842
0.5958037 0.1505907
0.62293 0.1493389
0.6500546 0.1479974
0.6771762 0.1464956
0.7042978 0.1449938
0.731423 0.1438401
0.7585596 0.1438401
0.7855319 0.148046
0.8124355 0.153942
0.8368206 0.1720619
0.8509275 0.2095847
