0.5960578 0.7221697
0.5627365 0.6984325
0.5321569 0.6694624
0.5 0.6433716
0.4794997 0.6121823
0.4510124 0.5812874
0.4312872 0.5440165
0.4299043 0.5022435
0.4544362 0.4768959
0.4885159 0.4522467
0.5197839 0.4386602
0.5609996 0.4324208
0.6017752 0.4388956
0.6406888 0.4540219
0.6797941 0.468378
0.7138883 0.4927793
0.7449167 0.5124958
0.7680058 0.5472195
0.7913803 0.5823788
0.800891 0.6233021
0.798323 0.6648759
0.7818845 0.7035097
0.7616944 0.7406347
0.7320654 0.7706445
0.6997465 0.7975944
0.6646398 0.8206027
0.625863 0.8362656
0.5852356 0.8457362
0.5436919 0.8483257
0.5024252 0.8418442
0.4713043 0.8269285
0.4311674 0.8154483
0.3920097 0.8005157
0.3543112 0.7820325
0.3159372 0.7651123
0.2805595 0.7424245
0.2466089 0.7175655
0.2163024 0.688495
0.1889593 0.6563447
0.1650059 0.6215246
0.1477667 0.5832132
0.1412952 0.5414943
0.1464459 0.5
0.1642239 0.4703171
0.1874602 0.4351296
0.2142375 0.4025955
0.2438665 0.3725857
0.2775047 0.3472862
0.3114787 0.3224531
0.3458955 0.2982453
0.3812209 0.2755546
0.4183206 0.2558269
0.4554565 0.2361698
0.4927309 0.2167828
0.5224558 0.1980928
0.5610459 0.1815564
0.6006957 0.1678628
0.6399572 0.1681081
0.6723964 0.1931038
0.707033 0.2166385
0.7447762 0.2348148
0.7839563 0.2496151
0.8225072 0.2659838
