0.5052018 0.3713656
0.5449151 0.3835856
0.583094 0.4034503
0.6089726 0.4417281
0.6130334 0.4913952
0.6068915 0.5331105
0.5845239 0.5756568
0.5521383 0.6076111
0.5176433 0.6353884
0.4925179 0.6578562
0.454491 0.6782967
0.4147178 0.6933978
0.3741513 0.7050642
0.3333359 0.7116579
0.2958915 0.6925691
0.2662759 0.6569558
0.2422093 0.6157708
0.2212485 0.5719165
0.2083289 0.5241501
0.209222 0.4811836
0.21463 0.4310857
0.2273397 0.3829107
0.247397 0.3385817
0.2731902 0.2988174
0.3034989 0.2640219
0.3401251 0.2401546
0.3785298 0.2205793
0.4176308 0.2029578
0.4571694 0.1868502
0.4971576 0.1727821
0.5258 0.1628318
0.5666869 0.1528816
0.6083673 0.1526826
0.6497881 0.1574055
0.6897146 0.1703599
0.7267441 0.1934198
0.7588907 0.2251942
0.7857137 0.2639555
0.8010476 0.3111275
0.8170341 0.3579499
0.8290662 0.4063663
0.831093 0.4570082
0.830951 0.5
0.8251609 0.5499997
0.8065957 0.595058
0.7824043 0.6362938
0.7517965 0.6703656
0.7177905 0.6995691
0.6825054 0.7266022
0.6451665 0.7489506
0.6070144 0.7693997
0.567318 0.7849256
0.5275784 0.8002853
0.5 0.8153236
0.4598025 0.8287339
0.4192585 0.8405253
0.3781057 0.8476458
0.3364091 0.8476458
0.2948317 0.8456044
0.2541669 0.8350143
0.2141882 0.8206006
0.1767794 0.7984588
0.1406362 0.7732949
