0.5105698 0.502848
0.5505484 0.4950158
0.6014882 0.4899753
0.6434883 0.5010725
0.6665633 0.5462747
0.6630605 0.5981278
0.6360941 0.639466
0.5917398 0.6636202
0.541425 0.6733009
0.5 0.6745462
0.4520871 0.6609207
0.4068634 0.6360458
0.3685462 0.6025594
0.3402049 0.5589038
0.3278558 0.5079371
0.3278558 0.4727439
0.345261 0.4231353
0.3714089 0.3778369
0.4038436 0.336874
0.4391335 0.2983756
0.4879122 0.2843294
0.5280736 0.2741516
0.5777161 0.2870459
0.625477 0.3046904
0.669476 0.3318329
0.7102674 0.3631432
0.7454316 0.4017655
0.7805958 0.4403878
0.8101968 0.4834464
0.836512 0.5110012
0.8533225 0.5612149
0.8591084 0.6136323
0.8511842 0.665404
0.8315563 0.7138559
0.8019791 0.7572393
0.7612147 0.7879264
0.7152883 0.8100585
0.6652157 0.8210109
0.6148818 0.8293561
0.5637115 0.8293561
0.5128481 0.8257577
0.4721099 0.8164119
0.4236952 0.7994509
0.3779813 0.7763345
0.3349831 0.7475127
0.2963219 0.7133411
0.2616768 0.6742157
0.2342679 0.6296926
0.2096635 0.5830774
0.1932517 0.5328727
0.1782988 0.5
0.1749277 0.4471876
0.1735068 0.3940436
0.1925668 0.3449603
0.2127238 0.2960945
0.244233 0.2543679
0.2778476 0.2149126
0.3246523 0.1934254
0.371457 0.1719383
0.4206451 0.159391
0.4714202 0.1527967
0.5129129 0.1520904
0.5617148 0.1634499
0.5891348 0.2055699
