0.6380315 0.7028987
0.5939676 0.705161
0.5492995 0.705161
0.5069871 0.6937315
0.4707353 0.6795489
0.4356608 0.6553447
0.4068312 0.6252038
0.3842632 0.5915716
0.3770434 0.5528377
0.3768527 0.5133579
0.389752 0.4860965
0.409757 0.4513573
0.4345741 0.4185515
0.471559 0.3972244
0.5044312 0.3766201
0.546985 0.3646411
0.5914695 0.3621886
0.6360455 0.3633509
0.6787734 0.3729347
0.7155778 0.3952605
0.7434258 0.425916
0.7688755 0.4582337
0.7805293 0.496276
0.7934217 0.52425
0.8017424 0.5630418
0.8105611 0.6017477
0.8120475 0.6410976
0.8120475 0.6805867
0.8064595 0.7193997
0.7852736 0.754067
0.7609131 0.7869921
0.7386101 0.8208727
0.7066101 0.8483262
0.670636 0.8709461
0.6285521 0.8835898
0.5842566 0.8884146
0.5397046 0.8906742
0.5 0.8906742
0.4557958 0.8865334
0.412413 0.8772629
0.3710345 0.8633713
0.3306764 0.8476094
0.2943893 0.8246434
0.2619589 0.7979609
0.2381177 0.7645675
0.217827 0.7294033
0.2021701 0.6926706
0.1951595 0.6542102
0.1926005 0.6148339
0.1967347 0.5756254
0.2080576 0.5374284
0.2222037 0.5
0.2411958 0.4741936
0.2620053 0.439274
0.288559 0.4077637
0.3176814 0.3780559
0.3514123 0.3522282
0.3878427 0.3294175
0.4269457 0.3103896
0.4697828 0.2994443
0.5083768 0.2907804
0.5523777 0.2847756
0.596792 0.2809184
0.6405901 0.2759732
