0.5045085 0.2978402
0.5295421 0.3231621
0.5486716 0.3567082
0.553208 0.3978361
0.553208 0.4396798
0.5414494 0.4773493
0.5240782 0.5
0.5000129 0.5275439
0.4773855 0.5509415
0.4480981 0.5693415
0.417473 0.5834051
0.3852286 0.5872792
0.3525794 0.5872792
0.3204935 0.5800365
0.2906755 0.5632325
0.2628696 0.5413023
0.2397805 0.5117187
0.216694 0.4949067
0.1983332 0.4609534
0.1837321 0.4235273
0.1762239 0.3828321
0.1707175 0.3415931
0.1728482 0.2998675
0.1865531 0.2623336
0.2036501 0.2267674
0.2241164 0.1945531
0.2490403 0.1675245
0.2789241 0.1508547
0.3096721 0.13736
0.3416872 0.1291538
0.373918 0.1237381
0.4065672 0.1237381
0.4392164 0.1237381
0.4718656 0.1237381
0.5 0.127089
0.5325364 0.1305639
0.5649622 0.1348953
0.5966366 0.1450438
0.628311 0.1551924
0.6596736 0.1667444
0.6907695 0.1794973
0.7197506 0.1976908
0.746424 0.2218214
0.7724259 0.2471191
0.7930533 0.2785533
0.8051349 0.3168907
0.8139249 0.3571674
0.8146474 0.3988751
0.812444 0.4405907
0.7992585 0.4785324
0.78173 0.5010583
0.7605678 0.5329097
0.738775 0.564055
0.7164979 0.594645
0.6893816 0.617771
0.6618367 0.6402358
0.6342399 0.6625955
0.6064972 0.6846334
0.5776054 0.7041219
0.5478811 0.7211444
0.5170155 0.734785
0.4905473 0.7483901
0.4590277 0.759298
