0.6361056 0.5753455
0.6130881 0.6141613
0.5826917 0.6402309
0.5490428 0.657642
0.5140696 0.6681815
0.4838342 0.672958
0.44792 0.6744531
0.413409 0.6643257
0.3837799 0.6361586
0.3558995 0.604346
0.3365555 0.5614537
0.3332207 0.5103045
0.3482651 0.4739052
0.3741001 0.4381394
0.4027388 0.4069764
0.4355575 0.3878944
0.469729 0.3722146
0.5 0.3694491
0.5359575 0.3694491
0.5718337 0.3717875
0.6061129 0.386425
0.6414754 0.3951431
0.6746561 0.4145016
0.7052721 0.4415217
0.7362577 0.4676553
0.7576302 0.5
0.7803612 0.5399586
0.7980994 0.5847377
0.8139284 0.6310181
0.8179538 0.6811262
0.8134772 0.7313203
0.7952381 0.7752556
0.7691244 0.8106035
0.7394066 0.8367811
0.7056766 0.8545956
0.6705599 0.8654215
0.6357556 0.8783643
0.6002085 0.884329
0.564278 0.8858826
0.5283205 0.8858826
0.4979295 0.8858826
0.461972 0.8858826
0.4262386 0.8813565
0.3909854 0.8718976
0.3566969 0.8563576
0.322831 0.8390155
0.2891546 0.8209426
0.2572874 0.7974519
0.2338835 0.7602539
0.2227306 0.7120261
0.2227306 0.6604209
0.2305481 0.6110624
0.2459738 0.5649517
0.2670066 0.5231318
0.2902012 0.4926077
0.3154792 0.4560073
0.3428766 0.4225853
0.3712274 0.3908952
0.400767 0.361518
0.4321449 0.3364537
0.4651367 0.3162525
0.4992498 0.3012599
0.5292743 0.2939294
