0.6542534 0.5574759
0.6519085 0.6017945
0.6327279 0.6403202
0.6046861 0.6715884
0.5692399 0.6919916
0.5311645 0.7051677
0.4958972 0.7021133
0.4640435 0.6760743
0.439063 0.6419215
0.418373 0.604075
0.4000394 0.5655535
0.3913983 0.5225109
0.3983279 0.4846635
0.4165922 0.4451821
0.4418293 0.4105205
0.4709217 0.380036
0.5 0.3550061
0.5358117 0.3365088
0.5735334 0.3230385
0.6134911 0.3228299
0.6511785 0.3350546
0.6892983 0.348205
0.7255579 0.3663175
0.7596585 0.3897435
0.7870808 0.4217557
0.8054922 0.4600759
0.8227774 0.5
0.8309777 0.537819
0.8371054 0.5817473
0.8323373 0.6258458
0.817675 0.6663872
0.7958316 0.703788
0.765259 0.7325262
0.733384 0.7595851
0.69914 0.7827756
0.6642025 0.8044957
0.6277764 0.8230837
0.5918921 0.8429459
0.554513 0.8582306
0.5157245 0.8692071
0.4797382 0.8692695
0.4415437 0.8585547
0.4046571 0.8412169
0.367643 0.8241518
0.3315207 0.8048922
0.2973263 0.7817463
0.2665408 0.7534451
0.2357599 0.7250031
0.2108806 0.6902539
0.1913727 0.6519037
0.1798713 0.6096228
0.1777317 0.5651172
0.1820281 0.520718
0.1941711 0.4842086
0.2098981 0.4431237
0.2284338 0.4035174
0.2517828 0.3673027
0.2795783 0.3352017
0.3100634 0.3062456
0.34231 0.2797329
0.3741674 0.2526404
0.4087548 0.2302962
0.4462187 0.2147904
0.4859768 0.2117081
