0.4943345 0.7157943
0.4633662 0.7190849
0.4321192 0.7190849
0.4045394 0.7004408
0.3799088 0.6740603
0.357967 0.6420913
0.3425409 0.6026952
0.3403966 0.5574958
0.3403966 0.5120749
0.3443208 0.4744337
0.3614034 0.4368415
0.3818 0.4024329
0.4034436 0.3698664
0.4289344 0.3454441
0.4510392 0.3142137
0.4786868 0.2931937
0.5040054 0.2728809
0.5330003 0.2564157
0.5638559 0.24985
0.5938422 0.2390422
0.6249858 0.2414588
0.6552435 0.2514664
0.6829529 0.2719264
0.7081411 0.2969835
0.731976 0.3262752
0.7558798 0.3554913
0.7783566 0.3869557
0.7983903 0.421812
0.8171046 0.4578118
0.8284836 0.5
0.8358015 0.5362943
0.8337908 0.5811153
0.8193955 0.6213135
0.7993535 0.6561526
0.7798336 0.6916204
0.7539278 0.7163424
0.7295693 0.743136
0.7024035 0.7646564
0.6757914 0.7884018
0.6490742 0.8119512
0.620833 0.8309176
0.5918258 0.8475164
0.5619096 0.8605705
0.5311497 0.8673372
0.5 0.8704556
0.4713826 0.8704556
0.4401355 0.8704556
0.4089755 0.8679198
0.3797566 0.8526131
0.3526263 0.8305551
0.3284425 0.8017929
0.3044111 0.7727708
0.2817543 0.7415651
0.2612411 0.7074182
0.2448975 0.6687078
0.2290498 0.6295706
0.2153951 0.5890241
0.2106602 0.5441534
0.202609 0.5002661
0.2000414 0.4620615
0.2000414 0.4166405
0.2000414 0.3712196
0.2090382 0.3281449
