0.6522887 0.5993173
0.6546252 0.6383153
0.6373509 0.6718104
0.6070799 0.6948086
0.5734534 0.7114682
0.5373212 0.7201468
0.5 0.7203209
0.4758539 0.7044985
0.4443163 0.6834803
0.4158108 0.6584015
0.3937916 0.6265662
0.3853978 0.5881159
0.3795244 0.5497778
0.3902371 0.5120559
0.4092779 0.4865994
0.4365802 0.4597619
0.4676074 0.4378441
0.4995565 0.4173539
0.5270866 0.4080101
0.5638175 0.4036767
0.6010489 0.4059887
0.6371222 0.4160154
0.6731082 0.4265509
0.7050549 0.4468033
0.7305719 0.4756366
0.7522644 0.5
0.7677613 0.5359817
0.7820875 0.5725284
0.7948706 0.609661
0.8010239 0.6486063
0.802695 0.6881199
0.802695 0.7277374
0.7922818 0.7655152
0.7745948 0.799856
0.7490355 0.828631
0.7167345 0.8484879
0.683253 0.8657699
0.6479844 0.8787386
0.6122285 0.8901225
0.5756021 0.8974146
0.5383115 0.8979645
0.5009812 0.8979645
0.4724245 0.8963199
0.4356371 0.8895886
0.3993651 0.8807473
0.3641307 0.8676597
0.331381 0.8486969
0.2991322 0.8287519
0.2717361 0.8029391
0.2511511 0.7699684
0.2340974 0.7347681
0.2183731 0.6988376
0.2102883 0.6607353
0.209711 0.6211433
0.2111903 0.5816921
0.2202367 0.5433236
0.2327923 0.5060142
0.2466994 0.4770654
0.2634411 0.4416579
0.2826473 0.4076861
0.3009036 0.3731321
0.319163 0.3385777
0.3375316 0.3040881
