0.4464559 0.1470925
0.4817277 0.1399122
0.5061167 0.137448
0.542402 0.1349839
0.5786873 0.1325198
0.6149726 0.1300556
0.6450508 0.1510995
0.6749244 0.1729186
0.7047979 0.1947377
0.7346715 0.2165567
0.7549351 0.245954
0.7664335 0.2822635
0.7779317 0.318573
0.785614 0.3552196
0.780025 0.3930383
0.7744361 0.4308571
0.7688472 0.4686759
0.7602543 0.504054
0.7510419 0.5410787
0.7418296 0.5781035
0.728898 0.6137082
0.7134157 0.6483389
0.6979335 0.6829695
0.6724182 0.7093623
0.6442765 0.7335986
0.6108419 0.7451487
0.5748466 0.7505614
0.5388513 0.7559741
0.502856 0.7613868
0.4787183 0.762148
0.4426383 0.7574008
0.4065583 0.7526535
0.3704784 0.7479063
0.3343984 0.7431591
0.3010247 0.7295754
0.2691038 0.711248
0.2371829 0.6929206
0.2052619 0.6745932
0.1903362 0.640458
0.1769858 0.6048577
0.1636354 0.5692573
0.1683581 0.5320305
0.1766348 0.4968732
0.205736 0.474797
0.2400238 0.4620587
0.2743116 0.4493205
0.3085994 0.4365823
0.3428872 0.4238441
0.3771751 0.4111058
0.4129354 0.4046152
0.4489036 0.3990063
0.4828472 0.4105151
0.5 0.4332585
0.5208384 0.4644583
0.5294103 0.5
0.5294103 0.5364912
0.5230674 0.5729154
0.500025 0.6018267
0.4794041 0.6186143
0.4456529 0.6302499
0.4121365 0.6199682
0.3863709 0.5939201
0.3656111 0.5625074
