0.3930078 0.286451
0.4324501 0.2963151
0.470678 0.3111755
0.5 0.3298836
0.5304788 0.3584958
0.552494 0.3945732
0.5690989 0.4341266
0.5774024 0.4763485
0.5784287 0.5077043
0.5730648 0.5501935
0.5542631 0.5880587
0.5265967 0.6193882
0.4994363 0.6421313
0.4602027 0.65198
0.4194403 0.6533747
0.3791236 0.6476628
0.3392844 0.6381733
0.3029646 0.620606
0.2717805 0.5926076
0.2426574 0.5627384
0.2214178 0.5257131
0.2012188 0.5
0.1827217 0.4613725
0.1659585 0.4218453
0.1603183 0.3791921
0.1584478 0.3359414
0.1640338 0.2935582
0.1816114 0.2549717
0.2055904 0.2198973
0.2382701 0.1938903
0.27355 0.1732721
0.3125402 0.1603434
0.3519336 0.1493278
0.3924001 0.1434053
0.4329897 0.1387875
0.4737598 0.1360837
0.5071119 0.1348396
0.5479416 0.1361935
0.5885054 0.1399217
0.6284964 0.1487621
0.6682975 0.1585056
0.7072126 0.1711888
0.7417557 0.1931984
0.7675401 0.2259519
0.7843813 0.265408
0.7998484 0.3055258
0.8056937 0.3484155
0.8123163 0.3911817
0.8142235 0.4341767
0.8092226 0.4771205
0.8009995 0.5075122
0.7833747 0.5466152
0.7635823 0.5844257
0.7412674 0.6207319
0.7149582 0.653711
0.6857546 0.683875
0.653749 0.7108094
0.6217433 0.7377437
0.5846248 0.7556787
0.5466472 0.7710816
0.5064191 0.7786143
0.4736279 0.7861152
0.4327782 0.7861152
0.4034326 0.7722884
