0.5019706 0.5747576
0.5322369 0.5480673
0.5668426 0.5307901
0.603345 0.5203424
0.6395208 0.525621
0.6621824 0.5602386
0.6673218 0.60588
0.6643562 0.6519084
0.6493469 0.6926841
0.6228939 0.7245027
0.58819 0.7402056
0.5521963 0.7393597
0.5186895 0.7185806
0.4951003 0.6882375
0.4669773 0.6575426
0.4445936 0.6202951
0.4222542 0.582997
0.4019483 0.5441151
0.3845658 0.5029564
0.3671833 0.4714655
0.3558456 0.4276552
0.3541197 0.3820522
0.3707786 0.343762
0.4003491 0.3152363
0.432497 0.2929488
0.4684365 0.2798384
0.500065 0.2693904
0.537358 0.2649853
0.574651 0.2605801
0.6117457 0.2652951
0.6487929 0.2721875
0.6812569 0.2900583
0.7071769 0.3236042
0.7259767 0.3621503
0.7350578 0.4071249
0.7365551 0.4535511
0.7371374 0.5
0.7371374 0.5367956
0.7360874 0.5831094
0.7276018 0.6283651
0.7191162 0.6736207
0.7064202 0.7169934
0.6896669 0.7585515
0.6678251 0.7961001
0.64127 0.8277208
0.6073961 0.8457887
0.570119 0.8499223
0.5326572 0.8499223
0.5 0.8481112
0.4627603 0.8430593
0.4255207 0.8380076
0.388281 0.8329557
0.3519693 0.8226426
0.31643 0.8079496
0.2808906 0.7932566
0.2465603 0.7752861
0.2143606 0.7515398
0.1821609 0.7277936
0.159785 0.6914883
0.1445927 0.6503533
0.1428524 0.6039414
0.1475382 0.5584847
0.1656501 0.5186062
0.1916605 0.4963728
