0.4291325 0.3805212
0.4715335 0.3805212
0.507135 0.3845809
0.5467836 0.3989815
0.5722986 0.432514
0.5840557 0.4732343
0.5819299 0.5
0.563419 0.5377985
0.5372 0.571233
0.5 0.5915183
0.4690235 0.6112447
0.4270433 0.6170599
0.3847181 0.6193419
0.3424025 0.6185896
0.3016382 0.6073831
0.2651413 0.5862716
0.2373158 0.5546445
0.2127514 0.5199415
0.192753 0.4983608
0.1793447 0.4579688
0.1673178 0.4173193
0.1653925 0.3747863
0.1647667 0.3322237
0.1689228 0.2901312
0.181241 0.2496338
0.2026691 0.213256
0.2326601 0.1834801
0.2685096 0.1607443
0.3069683 0.1432034
0.3477176 0.1332728
0.3900108 0.1302394
0.4323688 0.1290301
0.4747697 0.1290301
0.5100571 0.1359687
0.5515823 0.1443405
0.5914768 0.1587621
0.6312597 0.1734847
0.6708345 0.188769
0.7092834 0.2065276
0.7452818 0.2287953
0.7758849 0.2577318
0.8019165 0.29134
0.8172489 0.3308792
0.8294498 0.3714052
0.8317246 0.4139061
0.8317246 0.456483
0.830889 0.4990076
0.8243548 0.5254221
0.8063514 0.5639641
0.783317 0.5997104
0.7570012 0.6329775
0.7291785 0.6651063
0.6983624 0.6942075
0.6644332 0.7195552
0.6285837 0.742291
0.5899176 0.7597635
0.5503775 0.7749889
0.5094961 0.7851011
0.4736374 0.7870026
0.4313938 0.7865661
0.3977316 0.7607392
0.3650508 0.7337286
0.3435456 0.697893
