0.5103847 0.3562382
0.4969869 0.3547055
0.4814055 0.3435867
0.4675472 0.3279716
0.4598519 0.3004926
0.4608132 0.270099
0.4744496 0.25341
0.4907775 0.2450369
0.5041324 0.2430257
0.5211238 0.2412287
0.5379896 0.2440162
0.5535918 0.2562336
0.5664403 0.2768288
0.5693749 0.3083705
0.5703949 0.340398
0.5673097 0.3714729
0.5604746 0.4006763
0.548815 0.4238433
0.5352049 0.4431426
0.5208057 0.4601974
0.5051498 0.4726961
0.4930425 0.4851844
0.4768582 0.4947575
0.4599603 0.4985075
0.4429718 0.5
0.425949 0.4998801
0.4092976 0.4933863
0.3927014 0.4864311
0.3787002 0.4690315
0.3641633 0.4528022
0.3527782 0.4289801
0.3434608 0.4021489
0.3369793 0.3727534
0.3351246 0.340968
0.3348863 0.3088562
0.3391133 0.278228
0.3459371 0.248816
0.3540891 0.2206658
0.3639913 0.1947211
0.3758692 0.1717399
0.3886374 0.1504858
0.4023975 0.1315732
0.4176865 0.1179237
0.4335662 0.1063271
0.4499039 0.09734395
0.4663865 0.08938602
0.4831932 0.08422446
0.5 0.07906288
0.513353 0.07588655
0.5303308 0.07342276
0.5473361 0.07230857
0.5643641 0.07230857
0.5813637 0.07351205
0.5983245 0.0763633
0.6152852 0.07921454
0.632246 0.08206579
0.6492068 0.08491704
0.6661675 0.08776826
0.6829899 0.0926086
0.699766 0.09811279
0.7164243 0.1044291
0.7323455 0.115822
0.7479882 0.1284129
0.7589982 0.1513773
