0.5496368 0.7656053
0.5919791 0.7541571
0.6316141 0.7384633
0.6620533 0.7083493
0.6924925 0.6782353
0.716232 0.6436159
0.7362736 0.6065097
0.7563152 0.5694034
0.7763568 0.5322971
0.7871646 0.4973232
0.7901944 0.4557499
0.7932242 0.4141766
0.796254 0.3726033
0.7992839 0.33103
0.7893845 0.2908241
0.7767307 0.2509094
0.7579846 0.2148621
0.7237573 0.1886421
0.6887635 0.1638865
0.645981 0.154012
0.6031983 0.1441376
0.5604157 0.1342631
0.5167997 0.1309504
0.475345 0.1309504
0.4313082 0.1309504
0.3873428 0.1324819
0.3434764 0.1361446
0.2996101 0.1398073
0.2578284 0.1514827
0.2171791 0.1675104
0.1856774 0.1938272
0.1700814 0.2318648
0.1632133 0.2730269
0.1626539 0.3146574
0.1626539 0.3563295
0.1660775 0.3978059
0.1713765 0.4391752
0.1766756 0.4805444
0.2054414 0.5070165
0.2382783 0.533847
0.2781836 0.5514695
0.3219556 0.5535924
0.3659762 0.5547183
0.4099969 0.5558442
0.4528025 0.546461
0.4955244 0.536354
0.5331571 0.5202377
0.5716521 0.5
0.605001 0.4774525
0.6277827 0.4419165
0.6318385 0.401282
0.6184273 0.3626059
0.594592 0.327776
0.5679039 0.2946287
0.5360261 0.267087
0.5 0.2471439
0.4582729 0.2357947
0.4309069 0.2636572
0.413016 0.301668
0.399412 0.3412614
0.4032151 0.3815424
0.4355531 0.4015163
0.4795899 0.4015163
0.5103229 0.3913702
