0.2907847 0.3008646
0.3203716 0.2791509
0.3503353 0.2585943
0.38315 0.2467939
0.4160849 0.2361177
0.4501617 0.2361177
0.4794854 0.2554831
0.5 0.2898741
0.5151252 0.3269869
0.5259012 0.3685065
0.5322254 0.4109538
0.5322254 0.4547193
0.5241518 0.4964335
0.508419 0.5296735
0.4836515 0.555635
0.4539931 0.5746149
0.4205028 0.5762156
0.3877372 0.5641923
0.3575548 0.5451272
0.3294742 0.5203328
0.3013935 0.5
0.2750576 0.472432
0.2502834 0.4423816
0.2287899 0.4087233
0.2107602 0.3720192
0.205941 0.3286937
0.2077434 0.2850005
0.2206035 0.246512
0.2413034 0.2117465
0.2688387 0.1862512
0.2969939 0.1615964
0.3278613 0.143321
0.3592318 0.1262284
0.3907342 0.1097915
0.4246237 0.1052099
0.4585133 0.1006283
0.4923931 0.0968574
0.5234911 0.1027707
0.5572554 0.108684
0.5910197 0.1145973
0.6236923 0.1261631
0.6556946 0.1412001
0.6876968 0.1562371
0.7179582 0.1747774
0.7420541 0.2057242
0.76615 0.2366711
0.7855538 0.270663
0.7906587 0.3139346
0.7957635 0.3572062
0.7945409 0.4005318
0.7898847 0.4438868
0.7815422 0.4858251
0.7668915 0.5208776
0.7478964 0.5567231
0.7254567 0.5896599
0.7024947 0.6217842
0.6730599 0.6438363
0.6436251 0.6658884
0.6103829 0.6744022
0.5767698 0.6815972
0.5429049 0.6848845
0.5088281 0.6848845
0.4776664 0.6820793
