0.4227425 0.4302176
0.4578092 0.4010861
0.5 0.3861166
0.5324575 0.3760488
0.5747972 0.382102
0.6088371 0.4118911
0.6304046 0.4537127
0.6436975 0.5
0.6430957 0.5359997
0.6264765 0.5812614
0.5912026 0.6108114
0.5519202 0.630941
0.507435 0.6339736
0.4743576 0.630349
0.4361746 0.6049292
0.4010627 0.5749934
0.3679883 0.54225
0.3426371 0.5020793
0.320686 0.4722936
0.3043783 0.42752
0.2974702 0.3793561
0.2910787 0.3311238
0.2872021 0.2825587
0.2974328 0.236601
0.3189325 0.1949326
0.3552091 0.1663909
0.3968281 0.1513011
0.4407611 0.1420379
0.4851808 0.1383038
0.5186512 0.1383038
0.563217 0.1405757
0.6072844 0.1490474
0.6513518 0.1575192
0.6903555 0.1812495
0.7292079 0.2054355
0.7572927 0.2425291
0.7754483 0.2859014
0.7838989 0.3337725
0.7875594 0.3822233
0.788957 0.4309478
0.7854528 0.4793037
0.7779218 0.5147344
0.7703907 0.5627874
0.7584603 0.609699
0.7453005 0.6562916
0.7254828 0.6999783
0.6981132 0.7378032
0.6606662 0.7613758
0.6163201 0.7646482
0.5716175 0.7659479
0.527001 0.7696868
0.4935817 0.7711352
0.4488333 0.7711352
0.4042046 0.7701087
0.3608758 0.7579275
0.317547 0.7457464
0.2805101 0.7186267
0.2445815 0.6898547
0.2168061 0.6516337
0.1897128 0.6130017
0.1747485 0.5670599
0.1597842 0.5211182
0.1558266 0.4854246
0.1547814 0.4367048
