0.5531759 0.6675013
0.5135177 0.648536
0.4775374 0.623227
0.4411292 0.5974743
0.410659 0.5637993
0.3984292 0.5115112
0.3936189 0.4637465
0.4052902 0.4117231
0.4308022 0.3702552
0.4625925 0.3339777
0.5 0.3119221
0.5414837 0.3029279
0.5843413 0.3029279
0.6241961 0.3215642
0.6645633 0.3388314
0.7023325 0.3647738
0.7383106 0.3946149
0.7735307 0.4258302
0.805985 0.4612103
0.830111 0.5
0.8458468 0.5509574
0.8551812 0.6042455
0.8473655 0.6577426
0.8257632 0.7041633
0.7981467 0.7459821
0.7668644 0.7825238
0.7303736 0.8109104
0.6921477 0.8331463
0.6504669 0.8452967
0.6083795 0.8513809
0.565528 0.851146
0.5227615 0.8475695
0.4816621 0.8427665
0.439825 0.8308493
0.3979921 0.8189098
0.3564626 0.8053453
0.3153363 0.7899747
0.2743475 0.7750096
0.238811 0.7464986
0.2096856 0.7076098
0.1862497 0.6617144
0.1644361 0.6146389
0.1578828 0.5603577
0.1524329 0.5058682
0.1469829 0.4577903
0.1500722 0.4036958
0.1693458 0.3546773
0.1943513 0.3101445
0.2247202 0.2714085
0.2571072 0.2354295
0.2936082 0.2067918
0.331962 0.1823831
0.3723696 0.1643237
0.4139951 0.1516528
0.4565939 0.148082
0.4994515 0.148082
0.5407966 0.148082
0.5830688 0.1529993
0.6243597 0.1674081
0.6654546 0.1818119
0.7053974 0.2013857
0.7468442 0.2152857
0.78872 0.2269316
