0.5787563 0.5617504
0.6317322 0.5670294
0.6648726 0.6023902
0.6669019 0.6504509
0.6520576 0.6974686
0.6088867 0.724135
0.5584652 0.7402855
0.5090994 0.7349724
0.4886031 0.7074257
0.4487277 0.6746705
0.4127107 0.6387197
0.3903514 0.5942037
0.3801183 0.5470219
0.3869838 0.5
0.4111484 0.4748935
0.452843 0.4441623
0.5 0.4218591
0.5272938 0.4068955
0.5803936 0.4000288
0.634344 0.3973163
0.6863829 0.4036744
0.7354434 0.424166
0.7767636 0.4540994
0.8115894 0.4912589
0.8325576 0.5176958
0.8386917 0.5657075
0.8404918 0.6145795
0.8336997 0.6630087
0.8229393 0.7105424
0.7978673 0.7538589
0.7639532 0.7912923
0.7240297 0.8236521
0.6745823 0.8429776
0.6215029 0.8521273
0.5677685 0.8518649
0.5138401 0.8488147
0.4859788 0.8366635
0.4345997 0.821525
0.3832206 0.8063865
0.3384668 0.7793262
0.2944019 0.7510259
0.2533392 0.7195086
0.2151316 0.6849317
0.1836376 0.6463251
0.1633006 0.6010218
0.146714 0.555
0.1450263 0.5061248
0.1452555 0.4759922
0.1539048 0.4277236
0.162554 0.3794551
0.1852748 0.3355221
0.2109687 0.2925052
0.2405011 0.2529323
0.2878118 0.2293102
0.3351224 0.2056881
0.3824331 0.1820661
0.4297909 0.1585938
0.4837549 0.1561106
0.5135711 0.1536275
0.567535 0.1511442
0.6210014 0.152976
0.673236 0.165489
0.7249997 0.1789861
