0.6199432 0.5941165
0.6239212 0.6323649
0.6228119 0.6707052
0.5975118 0.6909807
0.5666372 0.6934644
0.5355979 0.6934644
0.5047026 0.6925308
0.4944202 0.6734233
0.4692293 0.6508886
0.4487705 0.6232597
0.433842 0.5900887
0.4254568 0.5528468
0.4139829 0.5168388
0.4077972 0.4875117
0.4077972 0.448752
0.4193946 0.4139774
0.4366165 0.3821882
0.4595417 0.3564458
0.4871876 0.3393982
0.5 0.3270843
0.5304734 0.3203438
0.5613965 0.3208064
0.592051 0.3268858
0.6225581 0.3340062
0.6493179 0.3534513
0.6758032 0.3736626
0.6984038 0.4000349
0.71798 0.4300655
0.732464 0.4643319
0.7446091 0.5
0.7538142 0.5283804
0.7591714 0.5664777
0.7591714 0.6052374
0.7575058 0.6439106
0.7460605 0.6796769
0.7319906 0.7141579
0.7150313 0.7465893
0.696775 0.7779357
0.6762864 0.8069003
0.6530015 0.8324655
0.6264688 0.8521419
0.5977561 0.8668627
0.5677227 0.8762147
0.5372412 0.8835023
0.5065466 0.8891279
0.4922357 0.8926306
0.4612233 0.8942442
0.4301907 0.8946438
0.3997903 0.8889486
0.3700526 0.8778487
0.3417766 0.8621156
0.3189513 0.8366086
0.2981209 0.807874
0.2770636 0.7793987
0.2562414 0.7506571
0.2379794 0.7194139
0.2193632 0.6886688
0.2062812 0.6535877
0.1979207 0.6162709
0.1946468 0.5779865
0.1929881 0.5393416
0.1932037 0.5006042
0.1997335 0.4714893
0.2108887 0.4361787
