0.4234545 0.4599549
0.439175 0.5
0.4671198 0.5279215
0.5041222 0.5394616
0.5444959 0.5302799
0.5754074 0.500424
0.6005511 0.4693438
0.6234675 0.4325616
0.6172687 0.3929493
0.5844891 0.3663859
0.5460392 0.3471168
0.5041459 0.3376794
0.4651728 0.3315721
0.4222576 0.3315721
0.3796386 0.336097
0.3518009 0.3672861
0.3324265 0.4060833
0.3253334 0.448763
0.3203785 0.4918973
0.3246487 0.5310598
0.3314856 0.5737675
0.3474798 0.6139085
0.3718072 0.6497422
0.4080132 0.6730985
0.445877 0.6931211
0.4859318 0.7087381
0.5246621 0.7162126
0.5672773 0.7196184
0.6096087 0.7124665
0.647624 0.6942505
0.6833316 0.6701187
0.7131869 0.6401017
0.7367057 0.6037123
0.7568614 0.5656005
0.7718039 0.5248187
0.7854341 0.4878291
0.7912325 0.4447241
0.7970309 0.401619
0.7968001 0.3586044
0.7897449 0.3156923
0.7826897 0.2727802
0.7653058 0.2344377
0.7390654 0.2000136
0.7017756 0.1797033
0.6627452 0.161616
0.6222928 0.147645
0.5806589 0.1370938
0.5390249 0.1265425
0.5 0.1194307
0.4575414 0.1131012
0.4147662 0.1102416
0.3725239 0.1119861
0.333243 0.1295069
0.3031314 0.1575736
0.2810517 0.194878
0.2611765 0.2333251
0.2442714 0.2733116
0.2272966 0.3132673
0.2098671 0.3530217
0.1947365 0.3935947
0.1868093 0.4358194
0.193668 0.4787327
0.2147077 0.5125241
