0.4160561 0.3605019
0.4258802 0.3229555
0.4463464 0.2997162
0.4679781 0.2781557
0.4933389 0.2733095
0.5075221 0.2684632
0.5316806 0.2802396
0.5556855 0.2941401
0.5705118 0.3264581
0.5844649 0.3605281
0.5900718 0.3985491
0.5900718 0.4392244
0.5815796 0.4767072
0.5701565 0.5115734
0.5526116 0.5397481
0.5320483 0.5638766
0.5082111 0.5747371
0.4940111 0.5793556
0.4686336 0.5839741
0.4433113 0.5813392
0.4180114 0.5757436
0.3927116 0.5701479
0.3685589 0.557929
0.3450349 0.5420803
0.3224409 0.5237324
0.3024142 0.5
0.2823876 0.4747528
0.271365 0.4399656
0.2644779 0.4007968
0.260287 0.3609128
0.2588298 0.3203038
0.2573726 0.2796948
0.2625878 0.2411445
0.2734638 0.2043408
0.2908603 0.1746776
0.3085494 0.145335
0.3264534 0.116503
0.3502186 0.1015945
0.3739837 0.08668599
0.3978292 0.07245094
0.4233719 0.07245094
0.4489146 0.07245094
0.4744573 0.07245094
0.5 0.07245094
0.5139939 0.07684281
0.5386274 0.08759874
0.5632609 0.09835464
0.5878943 0.1091105
0.6125278 0.1198664
0.6371613 0.1306223
0.6599118 0.1490926
0.6826401 0.1676535
0.7053684 0.1862142
0.7259811 0.2088084
0.741497 0.2411191
0.7524541 0.2769269
0.7586491 0.3163877
0.7592331 0.3567225
0.7579576 0.397347
0.756682 0.4379715
0.7540077 0.4783191
0.7489984 0.5166897
0.7439891 0.556575
