0.431799 0.20277
0.4587846 0.2302089
0.4774371 0.2686964
0.4923924 0.3092396
0.5009914 0.3521577
0.5075439 0.3956774
0.5101701 0.4397256
0.5073102 0.4834736
0.4954201 0.5180527
0.4791433 0.5579118
0.4585269 0.5947886
0.4286439 0.6217748
0.3940894 0.6400298
0.3566779 0.6465839
0.3192649 0.6425423
0.2838829 0.6263313
0.258194 0.5937135
0.2312613 0.5624716
0.2107737 0.5252822
0.1935923 0.4929065
0.1816859 0.4510978
0.178396 0.4074151
0.180995 0.3634689
0.1884695 0.3203073
0.2022746 0.2791287
0.2253625 0.2441097
0.2516755 0.2126834
0.282339 0.1864742
0.3162332 0.1665355
0.351514 0.1501004
0.3877183 0.1364183
0.4248314 0.1264834
0.46228 0.1196137
0.5 0.1184812
0.5380761 0.1173487
0.5761625 0.1171543
0.6142145 0.1180486
0.6521315 0.1222376
0.6873589 0.1382412
0.7221151 0.1563144
0.7541817 0.179941
0.7805372 0.2109137
0.7979429 0.2495825
0.8100361 0.2914677
0.8186777 0.3343002
0.8201582 0.3783516
0.8201582 0.4225344
0.8154654 0.4663303
0.8006927 0.5
0.7851043 0.5403066
0.7687287 0.5801975
0.7459683 0.6154101
0.7204818 0.648165
0.6933138 0.6790604
0.6608135 0.7020995
0.6266855 0.7215161
0.5925943 0.7411271
0.5557761 0.7489163
0.5178261 0.7522874
0.4800935 0.7522874
0.4423959 0.747258
0.4047841 0.7403122
0.3683849 0.7281001
