0.568066 0.6166276
0.5314886 0.6166276
0.5 0.6109514
0.4657402 0.5931456
0.4370904 0.5612894
0.412988 0.5246551
0.4032493 0.4949056
0.4136528 0.4513968
0.441211 0.4178367
0.4754086 0.4002229
0.506802 0.3912668
0.5433082 0.3896396
0.5798856 0.3896396
0.6160704 0.3963834
0.6505249 0.4112067
0.6830193 0.4349489
0.7141556 0.4616909
0.7382357 0.5
0.7443948 0.5311261
0.7476562 0.5827641
0.7443935 0.6342422
0.7317302 0.6824583
0.7108811 0.7251174
0.6874299 0.764836
0.6591244 0.7970587
0.6283843 0.8251152
0.5926569 0.8346409
0.556124 0.8362681
0.5196068 0.8388399
0.4876967 0.8366047
0.4516627 0.8276772
0.4162734 0.8151772
0.3817558 0.797989
0.3497446 0.7731681
0.3195282 0.7441194
0.2887226 0.7163308
0.2591064 0.6858406
0.2303663 0.6539702
0.2071549 0.6139941
0.1932111 0.5659494
0.1842998 0.5159461
0.1839674 0.483891
0.1888691 0.4327531
0.2009907 0.3837485
0.218921 0.3386032
0.2420933 0.2984422
0.2699984 0.2650006
0.301365 0.2382996
0.3340809 0.2150465
0.3686732 0.1982418
0.404466 0.1875301
0.4404665 0.1783544
0.4767487 0.1729267
0.5087824 0.1714829
0.5453504 0.1705136
0.5819279 0.1705136
0.6185053 0.1705136
0.6550828 0.1705136
0.6916163 0.1718903
0.7280436 0.1765977
0.7639212 0.1866918
0.8002641 0.1918859
0.8353867 0.2046578
0.8676786 0.2260664
