0.5237422 0.4336657
0.4864087 0.4404712
0.4459688 0.4472766
0.4095154 0.4640673
0.3926855 0.4914381
0.3990961 0.5089362
0.4139128 0.5436515
0.435346 0.5761134
0.4637821 0.6019002
0.5 0.6047561
0.5408771 0.6007735
0.5813923 0.5944545
0.6218323 0.5876491
0.6564071 0.5694385
0.6814657 0.5396368
0.7018 0.5067912
0.7168294 0.4914619
0.7318588 0.4560527
0.7443255 0.4199464
0.7523864 0.3826416
0.7518631 0.3460661
0.7331506 0.3126458
0.7027091 0.2876113
0.6688385 0.2660586
0.6326559 0.248305
0.595187 0.2326649
0.5577182 0.2170249
0.5202492 0.2013848
0.4858868 0.1857448
0.4478619 0.1721523
0.4068564 0.1695348
0.3658509 0.1669173
0.3294653 0.1741621
0.3035017 0.2036549
0.2775381 0.2331477
0.2515745 0.2626405
0.2371812 0.2980217
0.2281099 0.3347721
0.2265886 0.3727897
0.2250674 0.4108073
0.2332618 0.4475947
0.2457588 0.4838373
0.2582557 0.5
0.2707527 0.5362426
0.2832496 0.5724853
0.3027768 0.6058338
0.3234873 0.638695
0.3438911 0.6717099
0.3622729 0.7057372
0.3806547 0.7397645
0.4071945 0.7687225
0.4423896 0.7873384
0.4819033 0.7949209
0.5198669 0.7964414
0.560941 0.7977785
0.6020439 0.7977785
0.6431469 0.7977785
0.6842498 0.7977785
0.7253527 0.7977785
0.7664087 0.7975107
0.8054024 0.7854803
0.8410062 0.7677573
0.872902 0.7437659
