0.3741381 0.3816643
0.3924263 0.3329971
0.422269 0.2947015
0.4578757 0.265156
0.5 0.2615675
0.5405796 0.2684357
0.5678474 0.3043646
0.5776502 0.3561493
0.5794338 0.4106819
0.5655277 0.4622867
0.547984 0.5
0.517103 0.5373687
0.4828754 0.5664474
0.4444628 0.5888667
0.4021506 0.5873063
0.3598382 0.5857458
0.3201825 0.5723395
0.2837667 0.5444853
0.2481072 0.5153431
0.2174879 0.4884583
0.1868686 0.4507325
0.177122 0.3987435
0.1717743 0.3449852
0.184099 0.2927151
0.2026577 0.2458169
0.2353331 0.2110836
0.2728845 0.1874456
0.312748 0.1690691
0.3535196 0.1552059
0.3952732 0.1462236
0.4370269 0.1372413
0.478928 0.1326875
0.5200986 0.1370102
0.5622954 0.1413329
0.6044923 0.1456556
0.6466892 0.1499783
0.6841774 0.1716644
0.7192512 0.2022535
0.7543249 0.2328426
0.7848907 0.2690656
0.8074445 0.3153015
0.8299696 0.3615496
0.8330586 0.4160412
0.8361477 0.4705329
0.8392367 0.5141836
0.8329154 0.5681551
0.8249073 0.6215
0.8036987 0.6687846
0.7756665 0.7075945
0.7398773 0.7367705
0.7001582 0.7546648
0.659498 0.7698571
0.6188377 0.7850494
0.5767137 0.7879076
0.5343947 0.7891215
0.4931019 0.7903353
0.4510966 0.7858902
0.409343 0.7769078
0.3675894 0.7679255
0.3269955 0.7538341
0.2880885 0.7323114
0.2495873 0.7097643
0.2170506 0.676563
