0.621119 0.1405503
0.5743569 0.1461778
0.5289908 0.1571788
0.4891281 0.1685184
0.4438407 0.1798314
0.3983777 0.1906334
0.3529147 0.2014354
0.30776 0.212575
0.2837293 0.2468331
0.260565 0.2814286
0.2451662 0.319047
0.2297674 0.3566655
0.2192933 0.3954085
0.2100294 0.434428
0.2047469 0.4738325
0.2032714 0.5125335
0.2035659 0.5521013
0.2177288 0.5900629
0.2318916 0.6280243
0.2476777 0.6654794
0.2662852 0.7020542
0.2965691 0.7312537
0.3330663 0.756501
0.3772085 0.7706668
0.4222742 0.7815139
0.4692913 0.7853468
0.510893 0.7891797
0.5578195 0.7847159
0.6045978 0.7797574
0.6462774 0.7610316
0.6853324 0.7387746
0.7223254 0.7140502
0.7588847 0.6888522
0.7935275 0.6618705
0.8147987 0.6266802
0.8334044 0.5901286
0.8475571 0.5524015
0.8475571 0.5126093
0.8458701 0.4739706
0.8404557 0.4344407
0.8243468 0.3996989
0.7833696 0.3807999
0.7397664 0.3654953
0.6959813 0.3505659
0.652123 0.3357874
0.6075433 0.3230532
0.5652575 0.3314563
0.5311818 0.358624
0.5 0.3885146
0.4742338 0.4184051
0.4463146 0.4501449
0.4251897 0.4857362
0.4040647 0.5202556
0.3871602 0.5571986
0.37488 0.5956225
0.3836316 0.6293105
0.427626 0.6409332
0.4738699 0.649049
0.5122806 0.6362867
0.5461062 0.6088352
0.5711417 0.5753024
0.5872891 0.5379242
0.5848293 0.5
0.5538952 0.4713842
