0.6023268 0.5682184
0.5685241 0.5932134
0.5280656 0.6116284
0.5 0.6323682
0.4578573 0.6480725
0.4136796 0.6598739
0.3681433 0.6560855
0.3347353 0.6311396
0.3096325 0.6006775
0.2915515 0.5673819
0.2761979 0.5332802
0.2638781 0.4987326
0.2559699 0.4632395
0.2533443 0.4272014
0.2533443 0.3910914
0.2585062 0.3559167
0.2797272 0.3236912
0.3020318 0.2918974
0.3231593 0.2596346
0.3553311 0.2337389
0.3925514 0.2128486
0.4364152 0.2001533
0.4808378 0.1905672
0.5174052 0.1888449
0.5637313 0.1920358
0.6080502 0.2041506
0.6526645 0.2155959
0.6907125 0.2368348
0.7234163 0.2626978
0.7523069 0.2908667
0.7744464 0.3227284
0.7955742 0.3549912
0.8125292 0.3884708
0.8245021 0.4233918
0.8325964 0.458938
0.8388034 0.4947015
0.8417381 0.5304629
0.8419142 0.5665686
0.8419142 0.6026786
0.8341318 0.6380953
0.8199747 0.672253
0.7967408 0.7036341
0.7722741 0.7344426
0.7492991 0.7658223
0.7200012 0.7940514
0.6858601 0.8187634
0.647615 0.8395082
0.6037226 0.8524216
0.5596975 0.8635136
0.5127457 0.8648214
0.4760983 0.8648214
0.4321339 0.8527105
0.3925337 0.8332217
0.3533889 0.8131915
0.3196062 0.788141
0.2878488 0.761515
0.2605219 0.7321986
0.2358449 0.701521
0.2148052 0.6692232
0.1937656 0.6369255
0.1827121 0.601939
0.176058 0.5662405
0.176058 0.5301305
0.1992435 0.5
