0.5834386 0.5520926
0.5753763 0.5913727
0.5585336 0.6285394
0.532721 0.6581465
0.5004325 0.6692782
0.4776799 0.6595418
0.4517885 0.6315443
0.4375579 0.5934029
0.4327027 0.5517075
0.4327027 0.5095466
0.4447634 0.4729436
0.4652 0.4386863
0.4959818 0.416246
0.5201262 0.4043063
0.5568428 0.4044183
0.593066 0.4113184
0.6241444 0.432311
0.6486589 0.4628585
0.660512 0.5
0.6692798 0.5405674
0.6709573 0.5825917
0.6709573 0.6247526
0.6693435 0.6668366
0.6567134 0.7062109
0.6405635 0.7439423
0.6167148 0.7759984
0.5882204 0.8026249
0.5580136 0.8265065
0.5245145 0.8435616
0.5 0.8552477
0.4639164 0.86349
0.4274077 0.8683774
0.3909182 0.8718892
0.3549684 0.8647637
0.3254459 0.8399277
0.3009651 0.8096361
0.2820306 0.7734897
0.267442 0.7349226
0.2551793 0.6956322
0.2458305 0.6549173
0.2408348 0.6132725
0.2379437 0.571281
0.2385734 0.5291921
0.2439426 0.4895572
0.2594698 0.4515757
0.2767612 0.4144735
0.3012854 0.3831
0.3284124 0.3546108
0.3586036 0.3308253
0.3918066 0.312704
0.4262215 0.2982028
0.4621202 0.2889596
0.4983621 0.281761
0.5239841 0.2760388
0.5604588 0.2705565
0.5972425 0.269317
0.6340132 0.2676901
0.6707939 0.2667764
0.7075934 0.2667764
0.7432773 0.275429
0.7761556 0.2942583
0.7994826 0.3259032
0.8168372 0.3623731
0.8342131 0.3978975
