0.4879281 0.6164176
0.452417 0.6101762
0.4245661 0.5760512
0.4070041 0.5292281
0.4011439 0.4835471
0.408617 0.4302293
0.4302719 0.3909104
0.4639004 0.3723803
0.5004131 0.3741524
0.5359976 0.3864567
0.5704366 0.4068692
0.6029667 0.4308499
0.6242375 0.4758768
0.6356997 0.5188422
0.6375882 0.5730217
0.6302669 0.6261678
0.6145239 0.675934
0.5957206 0.7226844
0.5708351 0.763441
0.5437478 0.8008896
0.5159025 0.8371992
0.4817891 0.8549881
0.4461244 0.8700874
0.4092969 0.871053
0.3736987 0.8620798
0.3424057 0.8325719
0.3112651 0.8027529
0.2826328 0.7678128
0.2540004 0.7328729
0.2293421 0.6923881
0.2075256 0.647938
0.1857093 0.603488
0.1717539 0.5540044
0.1648588 0.5
0.1654719 0.4552775
0.1768224 0.4029517
0.196577 0.3571092
0.2189948 0.3133212
0.249412 0.2842146
0.283024 0.2609718
0.3166361 0.237729
0.3530681 0.2282558
0.3897287 0.2198984
0.4263892 0.2115409
0.463468 0.2112869
0.5 0.2112869
0.5370919 0.2112869
0.5736972 0.2178068
0.6098931 0.2298146
0.646089 0.2418224
0.6822848 0.2538301
0.7155817 0.2767193
0.7475525 0.3045864
0.7751014 0.3398607
0.7976693 0.3834792
0.815403 0.4305086
0.8240295 0.4839639
0.8326561 0.528828
0.830313 0.5825867
0.8230387 0.6364818
0.8157644 0.6903768
0.7966973 0.7367014
0.7751381 0.7814262
0.7478198 0.8171035
