0.4368768 0.2553986
0.4618217 0.275872
0.4861205 0.2985374
0.5074804 0.3249165
0.5233184 0.355503
0.5316873 0.3898981
0.5346127 0.4251032
0.5243827 0.4578027
0.4996866 0.4794824
0.468429 0.4845634
0.4364512 0.4845634
0.404815 0.4807168
0.3734581 0.4737241
0.3457996 0.4567762
0.3208205 0.4345775
0.302527 0.4060577
0.287926 0.3743595
0.2794091 0.3402386
0.2776406 0.3047661
0.2797431 0.2692401
0.2930669 0.2368266
0.3095723 0.2065835
0.3297899 0.179031
0.3541551 0.1559386
0.3811754 0.1374809
0.41021 0.122539
0.4392169 0.1075305
0.4685252 0.09358841
0.5 0.08728936
0.5313235 0.0809902
0.5631666 0.0781242
0.5950859 0.07596719
0.6269386 0.07873523
0.6577101 0.08745298
0.6845585 0.1058036
0.706713 0.1307594
0.7207583 0.1627887
0.7330188 0.1956604
0.7423739 0.2297259
0.7489162 0.2645955
0.7532369 0.2999243
0.7566091 0.3353809
0.7570494 0.371011
0.7570494 0.4066668
0.7525065 0.4419448
0.7365688 0.4719903
0.717283 0.5
0.6920789 0.519529
0.6638774 0.5363361
0.6363146 0.5544144
0.605589 0.5636442
0.5744301 0.5716618
0.5432712 0.5796793
0.5117748 0.5857575
0.4803396 0.5913185
0.4485489 0.5945888
0.416594 0.5958192
0.3846162 0.5958192
0.352643 0.5957174
0.3214861 0.5887171
0.2957392 0.5679817
0.274246 0.5420547
0.254116 0.51494
0.2350544 0.4886927
