0.563115 0.2188338
0.5767701 0.2518743
0.5894304 0.2858863
0.5971569 0.3211595
0.6016404 0.3569309
0.6026353 0.3929575
0.6054929 0.4289128
0.6043427 0.4649117
0.5961407 0.5
0.5837515 0.5330402
0.5643646 0.5636556
0.5334706 0.5857618
0.5 0.598034
0.4609528 0.6009778
0.4218742 0.6035473
0.3827218 0.6042154
0.3436704 0.6030366
0.305253 0.5959637
0.2674262 0.5867112
0.2338317 0.5691787
0.2048638 0.5450195
0.1884435 0.5124162
0.1882668 0.4775566
0.1939114 0.441925
0.2061423 0.4081258
0.2228887 0.3759371
0.2329834 0.3410901
0.2529704 0.3103567
0.2726816 0.2794362
0.3003848 0.2539346
0.3265226 0.2271171
0.3553846 0.2031334
0.3827958 0.1780728
0.41183 0.1538943
0.4431661 0.1322921
0.4731281 0.1090749
0.5094528 0.1099453
0.5442261 0.1237433
0.5732456 0.1477583
0.5992742 0.1747134
0.625316 0.2016575
0.6519749 0.2280855
0.6777946 0.2551049
0.7000486 0.2845969
0.7261561 0.3086296
0.7452552 0.3398075
0.755138 0.3747016
0.7624419 0.4100286
0.763447 0.4460358
0.7607238 0.4816937
0.7479423 0.5146061
0.732504 0.5476994
0.7119146 0.5780213
0.6855605 0.6047071
0.6564342 0.628792
0.6253884 0.650768
0.5903407 0.6666527
0.5528346 0.6763264
0.5145319 0.6838991
0.4782788 0.6857821
0.4391006 0.6857821
0.4005275 0.6823496
0.3702901 0.6618356
