0.3849734 0.3445899
0.3933252 0.3099343
0.4169944 0.2895279
0.4454633 0.2761769
0.475627 0.2765583
0.500438 0.2933814
0.5181424 0.3217638
0.5217721 0.3590001
0.5221288 0.3959624
0.5144388 0.4322513
0.5 0.462495
0.4756282 0.4849971
0.4487522 0.5010388
0.4192905 0.5105832
0.3902437 0.5
0.3619004 0.4870152
0.3370405 0.4653375
0.3121805 0.44366
0.2902237 0.4177466
0.2686819 0.3912277
0.2471401 0.3647088
0.2363392 0.3300179
0.2267054 0.2944391
0.2313423 0.2593305
0.2425084 0.2244371
0.2536744 0.1895436
0.2788162 0.1693762
0.3050981 0.15041
0.3319602 0.1328842
0.3601303 0.1186047
0.3883004 0.1043254
0.4173976 0.09444532
0.4476537 0.09006339
0.4779097 0.08568144
0.5076001 0.08129951
0.5374849 0.08321074
0.566909 0.09292892
0.5963331 0.1026472
0.6250163 0.1142153
0.6491932 0.1370336
0.6733702 0.1598518
0.6961062 0.1843305
0.7130049 0.2155353
0.7299037 0.2467399
0.7468026 0.2779446
0.7527665 0.314141
0.7564799 0.3513647
0.7601932 0.3885885
0.7639066 0.4258122
0.7611576 0.4615563
0.7468212 0.4946475
0.7324849 0.5276538
0.7105622 0.5524464
0.6855536 0.5738632
0.6580405 0.5882489
0.6283013 0.5963845
0.5985619 0.6045201
0.5688227 0.6126558
0.538922 0.6189814
0.5084573 0.6189814
0.4785582 0.6189814
0.4480935 0.6189814
0.4186539 0.6099709
