0.5 0.490389
0.5177546 0.4449212
0.546851 0.4122204
0.5849931 0.4076312
0.6200776 0.425328
0.6429537 0.4654694
0.6467828 0.5
0.6373535 0.5507212
0.6185536 0.5965744
0.5860636 0.6252832
0.5516939 0.6463394
0.5133414 0.6511807
0.4779733 0.6397867
0.4410493 0.6245954
0.4111563 0.5916785
0.382174 0.5564656
0.3531918 0.5212528
0.333181 0.4930448
0.3133674 0.4471912
0.3077113 0.3943582
0.3087617 0.3415695
0.3215509 0.2927048
0.3454139 0.250734
0.3748223 0.2170077
0.4072683 0.1887708
0.4442973 0.1740804
0.4815111 0.1608149
0.5180773 0.1566337
0.55647 0.1524525
0.5948628 0.1482713
0.6322744 0.1566589
0.6691301 0.1721668
0.7042366 0.1924249
0.7348692 0.2248324
0.7591152 0.2645843
0.7763377 0.3124129
0.7833573 0.3638447
0.7846844 0.4172869
0.7839324 0.4707102
0.7802283 0.5062892
0.7699211 0.5578123
0.757848 0.6085868
0.7430524 0.6577462
0.7210152 0.7009241
0.6894596 0.7306653
0.6532567 0.7475903
0.6157533 0.7597412
0.5777406 0.7668811
0.5392804 0.7696198
0.5008202 0.7723584
0.4641432 0.7727344
0.4256324 0.7727344
0.3879409 0.7637438
0.3506435 0.7504266
0.3141522 0.7343671
0.2807947 0.7076451
0.248454 0.6791193
0.2217619 0.6405735
0.1950698 0.6020277
0.1755711 0.5566451
0.1593539 0.5081437
0.1496123 0.4744521
0.1446314 0.4214273
0.1630136 0.3770644
