0.4673314 0.4110089
0.4517963 0.3991721
0.4375933 0.3818223
0.4256479 0.3591038
0.4185436 0.3284305
0.4189948 0.2944031
0.4319901 0.2729646
0.4473293 0.259375
0.463381 0.2497535
0.4796394 0.2417414
0.4962215 0.2387548
0.5108153 0.2376744
0.5275259 0.2373676
0.5430425 0.2479892
0.5549529 0.2720771
0.5610925 0.3039691
0.5664277 0.3362567
0.566943 0.3707725
0.5594511 0.4012461
0.5497671 0.4291944
0.5369028 0.4510123
0.5226806 0.4691519
0.5083204 0.4868479
0.4944911 0.4972199
0.4778883 0.5
0.4611754 0.5
0.4447548 0.494242
0.4294724 0.4816223
0.4142615 0.4683895
0.4001318 0.4499242
0.3869196 0.4292921
0.3736827 0.408656
0.3618643 0.3843448
0.3514644 0.3573289
0.3466041 0.3251884
0.3450542 0.290755
0.3474252 0.2569512
0.3544171 0.2258117
0.3647485 0.1988799
0.3769895 0.175504
0.3906649 0.1556989
0.4054558 0.1398113
0.4209417 0.1268421
0.436797 0.1159033
0.4527736 0.1057575
0.4690374 0.09820259
0.4855742 0.09319377
0.5 0.08818495
0.5166069 0.08431676
0.533223 0.0805988
0.5498906 0.07855523
0.5666004 0.07789013
0.5833104 0.07722503
0.6000211 0.07674947
0.616734 0.07674947
0.6334469 0.07674947
0.6501599 0.07674947
0.6668729 0.07674947
0.6835858 0.07674947
0.70029 0.07716241
0.7169383 0.08020279
0.7335865 0.08324322
0.749891 0.09083545
0.7661936 0.09845462
