0.6317228 0.5520488
0.6317228 0.5940067
0.6201072 0.6289111
0.5968923 0.6515191
0.5705791 0.6636546
0.5443878 0.6713516
0.5169483 0.6686286
0.5 0.6480495
0.4753545 0.6322701
0.4538153 0.6066529
0.4340053 0.5774058
0.4217045 0.5405182
0.4172458 0.5
0.4262247 0.4810514
0.4424538 0.4480106
0.4622395 0.4193888
0.4864811 0.4004161
0.5054408 0.3875832
0.5328991 0.3860898
0.5606307 0.3860898
0.5883622 0.3860898
0.6149836 0.3953537
0.6420512 0.4037494
0.6640034 0.4262258
0.6819223 0.4581931
0.7001912 0.4895242
0.7136194 0.5073833
0.7260556 0.5448825
0.7401887 0.5809093
0.7496217 0.6202767
0.7536713 0.6616837
0.7525977 0.7034984
0.7462283 0.7442449
0.7292352 0.7772473
0.7073817 0.8030733
0.6866549 0.8309486
0.6618822 0.8495463
0.6367587 0.8673095
0.6114351 0.8843837
0.5853503 0.8986023
0.5582343 0.9073937
0.5306822 0.9099573
0.5029506 0.9099573
0.4825219 0.9049497
0.4565623 0.8904647
0.4310648 0.8740214
0.4050989 0.8592889
0.3795705 0.8429258
0.3542726 0.8257575
0.3294687 0.8069934
0.3040826 0.7902263
0.2794898 0.7719123
0.2585333 0.7444329
0.2400363 0.7136742
0.2249612 0.6784626
0.2173784 0.6392597
0.2145528 0.5975223
0.213757 0.5556311
0.2162808 0.5138637
0.2242743 0.4924639
0.23431 0.4533589
0.2460513 0.4153671
0.2625892 0.3819938
