0.5359871 0.5788622
0.5082512 0.5870122
0.4928667 0.5902105
0.4644596 0.5893137
0.438894 0.5764754
0.4181891 0.5560255
0.4033979 0.5292507
0.3950223 0.5
0.3903426 0.4737485
0.3869209 0.4434013
0.3891035 0.4123729
0.3994826 0.3834351
0.4141737 0.3568537
0.4278366 0.329685
0.4459177 0.3075421
0.4692589 0.2917759
0.4944997 0.2786289
0.5099093 0.2737052
0.5386023 0.2718189
0.5672761 0.2714476
0.5958672 0.2747163
0.6235615 0.2821112
0.65048 0.2930749
0.6771766 0.304661
0.7005874 0.3216634
0.7197411 0.3447576
0.7354449 0.3709004
0.7485141 0.3979096
0.75208 0.428893
0.7544326 0.4600057
0.7554073 0.4911925
0.7538888 0.5184692
0.7478651 0.5490006
0.7422081 0.5796145
0.7335283 0.6092248
0.7211679 0.6373437
0.7065099 0.664198
0.6905628 0.6901785
0.672854 0.7147486
0.6547251 0.7389823
0.6336982 0.7602451
0.6124674 0.7812988
0.5907857 0.8016492
0.5652388 0.8159702
0.5396917 0.830291
0.5141447 0.844612
0.5 0.8551884
0.4728506 0.8654304
0.4442009 0.8680234
0.4155511 0.8706164
0.3868198 0.8710799
0.3596568 0.8629628
0.3358238 0.8457705
0.3127286 0.827177
0.2894782 0.8088116
0.2662278 0.7904462
0.245011 0.7694038
0.2241995 0.7479039
0.2076205 0.7223945
0.1915005 0.6965765
0.1778705 0.6690842
0.1679357 0.6398579
0.1648886 0.6089116
0.1675006 0.5788622
