0.5131022 0.5330472
0.5414944 0.5
0.5857465 0.5022517
0.6209478 0.536216
0.6392943 0.5873072
0.641464 0.643003
0.6315106 0.6966851
0.598869 0.7323487
0.554186 0.7287301
0.5130205 0.7051945
0.4835282 0.6742535
0.4505926 0.6356962
0.4286241 0.5879128
0.419049 0.5343819
0.419049 0.4869381
0.4382844 0.4371038
0.4643835 0.3924356
0.4999639 0.3573871
0.5303722 0.3305497
0.5746452 0.3165511
0.6200464 0.3120378
0.6655798 0.3120075
0.7097722 0.3263798
0.7519398 0.3462188
0.789995 0.3771598
0.818446 0.4176809
0.8344556 0.469688
0.8381029 0.5169541
0.8323628 0.5716556
0.8216311 0.6258781
0.8003533 0.6751233
0.7783616 0.7240317
0.744976 0.7617025
0.7086321 0.7947695
0.6665101 0.8165035
0.6229824 0.8330541
0.5785415 0.8462378
0.5337184 0.8509758
0.4969207 0.8438375
0.4534549 0.8279939
0.4111632 0.8067558
0.3688715 0.7855176
0.3278667 0.7611252
0.2884707 0.73279
0.2490747 0.7044547
0.2188762 0.6632329
0.1904334 0.6195512
0.1677152 0.5723672
0.1560115 0.5184446
0.1470344 0.4723083
0.1438876 0.4166608
0.155995 0.3647339
0.1764491 0.314843
0.2049023 0.2718201
0.2365165 0.2315114
0.2772431 0.2071028
0.3191451 0.1847452
0.3638076 0.1735543
0.4088596 0.163939
0.4542751 0.1588333
0.5 0.1575659
0.5371143 0.1565336
0.5770954 0.1836226
