0.4634914 0.6433043
0.4272277 0.6276211
0.3939708 0.5981883
0.372854 0.5557624
0.3580813 0.5144849
0.3624453 0.490705
0.3900731 0.4537726
0.4246307 0.4267457
0.4614918 0.4026186
0.5 0.3829353
0.5292603 0.3681502
0.5713661 0.3646865
0.6092966 0.3827638
0.6418357 0.4120118
0.6714978 0.4468191
0.6909512 0.4905438
0.7136575 0.5073152
0.7256564 0.5547187
0.7363854 0.6025668
0.7365384 0.6515786
0.72202 0.696648
0.6961927 0.7357053
0.6652125 0.7689037
0.628506 0.7923138
0.5897462 0.8108525
0.550351 0.8285182
0.5095647 0.8417587
0.4783047 0.8466812
0.436007 0.8461574
0.3959051 0.8304418
0.3583465 0.807713
0.3219017 0.7834959
0.2858399 0.7577406
0.2558801 0.7230003
0.2293286 0.6848987
0.2088454 0.6428605
0.1942518 0.5967543
0.1826625 0.5492412
0.1808946 0.5
0.1808946 0.4753125
0.1880054 0.426865
0.2031598 0.3806899
0.2249299 0.3385776
0.2510011 0.2997062
0.2848797 0.2706192
0.3233807 0.2501072
0.3631812 0.233364
0.4036036 0.2186791
0.4442187 0.2054865
0.485807 0.1964691
0.5167697 0.188761
0.5583897 0.1813139
0.6007426 0.1813139
0.6430956 0.1813139
0.6838746 0.1912667
0.7227246 0.2107957
0.7599804 0.2312552
0.7925179 0.261382
0.8185573 0.2993854
0.8343546 0.3448849
0.8464903 0.3922545
0.8547956 0.4406457
0.8602945 0.4891221
