0.2656567 0.4469016
0.2901393 0.4567569
0.3159794 0.4630828
0.3420135 0.4686446
0.3682373 0.4734595
0.394461 0.4782743
0.4207497 0.4827687
0.4471039 0.4869401
0.4734582 0.4911115
0.5 0.4938985
0.5093304 0.4957815
0.535997 0.4976287
0.5627168 0.4986508
0.5894368 0.4996729
0.6161724 0.5
0.6429155 0.5
0.6696585 0.5
0.6768596 0.4820598
0.6768596 0.4575088
0.6768596 0.4329577
0.6793227 0.4085254
0.6821178 0.3841091
0.6821178 0.359558
0.682237 0.3350089
0.6831279 0.3104715
0.6840189 0.2859341
0.6850953 0.2614056
0.6870006 0.236917
0.688906 0.2124283
0.6900049 0.1879133
0.6900049 0.1633623
0.6900049 0.1388112
0.6900049 0.1142602
0.6900049 0.08970922
0.6895774 0.06547999
0.6632246 0.06135672
0.6365573 0.05972612
0.6098476 0.05850014
0.5831095 0.05831775
0.5563664 0.05831775
0.5296233 0.05831775
0.5028803 0.05831775
0.4934711 0.05831775
0.466728 0.05831775
0.4399849 0.05831775
0.4132419 0.05831775
0.3864988 0.05831775
0.3597704 0.05869749
0.3330953 0.06044668
0.3156088 0.07139358
0.3218384 0.09448603
0.3287541 0.1178858
0.3287541 0.1424368
0.32597 0.1666455
0.3189334 0.1903315
0.3118185 0.213997
0.3042725 0.2375504
0.2967265 0.2611038
0.2891805 0.2846572
0.2833373 0.3085884
0.2783333 0.3327058
0.2742879 0.3569619
0.2709709 0.3813233
