0.2244815 0.8183374
0.2140735 0.7853324
0.2060685 0.7517195
0.1987247 0.7179392
0.1913809 0.6841589
0.1874233 0.6498925
0.1844842 0.6154798
0.1815451 0.5810672
0.1786061 0.5466545
0.1764433 0.5121968
0.1751802 0.4899001
0.1739171 0.4553902
0.1726539 0.4208803
0.1713907 0.3863704
0.1687858 0.3519622
0.1645691 0.3176762
0.1612108 0.2833402
0.1781622 0.2689838
0.2132309 0.2707443
0.2485674 0.2688288
0.2839038 0.2669134
0.3192402 0.2649978
0.3545767 0.2630824
0.3898548 0.260368
0.4251127 0.2573765
0.4603706 0.254385
0.4956284 0.2513935
0.5245842 0.248402
0.5598421 0.2454105
0.5951733 0.2440686
0.6305642 0.2440686
0.6659551 0.2440686
0.701346 0.2440686
0.7366241 0.245473
0.7715819 0.2508587
0.7907786 0.271643
0.7907786 0.3061749
0.7901769 0.3406639
0.7850277 0.3748283
0.7798785 0.4089928
0.774919 0.4431733
0.7739881 0.4776933
0.7730571 0.5
0.772126 0.53452
0.7717974 0.5690477
0.7717974 0.6035796
0.7717974 0.6381115
0.7717974 0.6726435
0.7712406 0.7071674
0.7702001 0.7416844
0.7691597 0.7762014
0.7686339 0.8107258
0.7686339 0.8452578
0.7407491 0.8557973
0.7056664 0.8601736
0.67043 0.8633969
0.6351936 0.8666201
0.5998556 0.8677254
0.5644647 0.8677254
0.5290738 0.8677254
0.5 0.8669356
0.4646333 0.8656574
0.4294326 0.8631196
