0.2878245 0.4520656
0.3130088 0.4609305
0.3388743 0.4676955
0.3649937 0.4736005
0.391351 0.4784311
0.4177103 0.4832525
0.4441462 0.48767
0.470582 0.4920875
0.4973111 0.4940762
0.5109204 0.4955902
0.5377067 0.4971042
0.5645241 0.4976033
0.5913568 0.4976033
0.6181713 0.4982314
0.6449627 0.4996616
0.6717856 0.5
0.6986182 0.5
0.705096 0.4750894
0.7061796 0.4493937
0.7061796 0.4236119
0.7061796 0.3978301
0.7060562 0.3720504
0.7050985 0.346285
0.7041408 0.3205196
0.7029827 0.2947625
0.7016428 0.2690128
0.6991525 0.2433545
0.6960768 0.2177426
0.6937076 0.1920916
0.6937076 0.1663098
0.6918463 0.1406024
0.6912132 0.1148458
0.6912132 0.08906406
0.6862714 0.0662168
0.6598826 0.06157637
0.6341498 0.05429932
0.6073307 0.05421054
0.580498 0.05421054
0.5536653 0.05421054
0.5268327 0.05421054
0.5 0.05421054
0.4863444 0.05421054
0.4595117 0.05421054
0.432688 0.05440614
0.4059592 0.05667219
0.3792304 0.05893821
0.3525016 0.06120431
0.3262873 0.06661925
0.3001219 0.07233304
0.2735673 0.07578102
0.2785685 0.1001247
0.2850764 0.1251368
0.2864037 0.1508671
0.2875207 0.1766266
0.2882401 0.2023981
0.2888108 0.2281741
0.2893816 0.2539501
0.2899524 0.2797261
0.2908106 0.305492
0.2921849 0.33124
0.2935591 0.356988
0.2949333 0.382736
0.2988 0.408206
