0.3760784 0.8578313
0.3696963 0.8160839
0.3645956 0.7736372
0.359495 0.7311904
0.3558503 0.6885208
0.3552305 0.6453884
0.3546108 0.6022559
0.3539911 0.5591235
0.3531869 0.5160003
0.3519209 0.47673
0.3506549 0.4336299
0.3493888 0.3905298
0.3485416 0.3474157
0.3485416 0.304273
0.3485416 0.2611304
0.3600058 0.2383273
0.387625 0.2488014
0.4154218 0.2584147
0.4432186 0.2680279
0.4715101 0.2720365
0.5 0.273796
0.5185149 0.2755554
0.5470048 0.2773149
0.5755045 0.2783563
0.6040182 0.2783563
0.6325318 0.2783563
0.6610454 0.2783563
0.6895592 0.2783563
0.7180728 0.2783563
0.7391022 0.2896804
0.742292 0.3324539
0.7466277 0.3750949
0.7501837 0.4178785
0.75269 0.4608542
0.7551961 0.5
0.7572695 0.5430218
0.7587681 0.5861048
0.7602668 0.6291878
0.7617654 0.6722708
0.7632641 0.7153538
0.7641357 0.7584618
0.7423828 0.782881
0.7151301 0.7955686
0.6878773 0.8082563
0.659935 0.8161458
0.6316608 0.8217259
0.6033866 0.8273059
0.5751125 0.832886
0.5467002 0.8357978
0.5181966 0.8369479
0.4996682 0.8380979
0.4711646 0.839248
0.4426611 0.8403981
0.4141576 0.8415481
0.3856572 0.8425983
0.3573637 0.8372471
0.3290703 0.8318959
0.3007768 0.8265448
0.2724833 0.8211936
0.2441898 0.8158424
0.2158963 0.8104912
0.1884045 0.7997923
0.161354 0.7861494
0.1507769 0.7782897
