0.2234502 0.7937059
0.2234502 0.7526801
0.2212578 0.7117656
0.21822 0.670894
0.2151178 0.6300309
0.2104217 0.5893745
0.2057255 0.5487183
0.2010294 0.5080621
0.1963332 0.4802164
0.1931753 0.4393745
0.1906768 0.398453
0.1881784 0.3575314
0.1867736 0.3165642
0.1867736 0.2755384
0.1867736 0.2345126
0.2054457 0.2153316
0.240513 0.2153316
0.2755803 0.2153316
0.3106477 0.2153316
0.345715 0.2153316
0.3807823 0.2153316
0.4158496 0.2153316
0.4509169 0.2153316
0.4859842 0.2153316
0.5031279 0.2153316
0.5381952 0.2153316
0.5732625 0.2153316
0.6083298 0.2153316
0.6433972 0.2153316
0.6784304 0.2168485
0.7134492 0.2190047
0.744513 0.2298381
0.7520816 0.2698842
0.7611172 0.3095247
0.7686479 0.3494731
0.7716427 0.390349
0.7746375 0.4312249
0.7776322 0.4721008
0.7815002 0.5
0.7897284 0.5398805
0.7979566 0.5797609
0.8061849 0.6196414
0.8126889 0.6599328
0.8184539 0.7004004
0.824219 0.740868
0.8363168 0.7792625
0.8254278 0.8077319
0.7940626 0.8260791
0.7600644 0.8358934
0.7259144 0.8452157
0.6917644 0.854538
0.6572882 0.8610181
0.6222458 0.8625652
0.5872035 0.8641122
0.5521611 0.8656592
0.5171188 0.8672063
0.5 0.8687533
0.4649526 0.8699878
0.4298853 0.8699878
0.3948179 0.8699878
0.3597506 0.8699878
0.3247605 0.8686277
0.2900008 0.8632056
0.2682772 0.8413821
