0.2234522 0.6406941
0.219211 0.6055867
0.2149698 0.5704793
0.2115217 0.5352676
0.2084981 0.5
0.2054744 0.4855722
0.2035304 0.4502458
0.2035304 0.4148135
0.2035304 0.3793811
0.2035304 0.3439488
0.2035304 0.3085164
0.2035304 0.2730842
0.2035304 0.2376518
0.2035304 0.2022195
0.2035304 0.1667871
0.2183428 0.1480748
0.2497126 0.1486472
0.2810026 0.1514727
0.3122927 0.1542983
0.3436377 0.1555705
0.3750277 0.1555705
0.4064177 0.1555705
0.4378077 0.1555705
0.4690946 0.1542499
0.5 0.1480481
0.5256221 0.1418463
0.5565275 0.1356444
0.5874329 0.1294426
0.6182911 0.1229581
0.6490715 0.1160092
0.6798519 0.1090604
0.7106743 0.1023873
0.7417488 0.09737641
0.7637256 0.1072063
0.7666349 0.1424838
0.7689538 0.1778193
0.7712727 0.2131549
0.7730093 0.2485238
0.7738809 0.2839425
0.7747525 0.3193612
0.7756242 0.3547798
0.7772169 0.3901601
0.779305 0.4255139
0.7813929 0.4608678
0.783481 0.4962216
0.7855691 0.5107358
0.7882771 0.5460345
0.7827753 0.5768924
0.7516774 0.5816371
0.7207487 0.5875027
0.6901062 0.5951891
0.6594636 0.6028754
0.6287778 0.6103343
0.5980427 0.6175348
0.5673077 0.6247352
0.5365727 0.6319356
0.5058377 0.639136
0.480386 0.6463364
0.4493563 0.651557
0.4182243 0.6560913
0.3870924 0.6606257
0.3558782 0.6642099
0.3245577 0.6665668
