0.2957358 0.4326366
0.3177375 0.4418302
0.3400094 0.4499799
0.3626747 0.4566095
0.3853399 0.4632391
0.4080051 0.4698687
0.4306704 0.4764982
0.4536541 0.4809873
0.4769009 0.4837071
0.5 0.4875515
0.5133637 0.4931265
0.5362354 0.4987015
0.5594838 0.5
0.5828466 0.5
0.6062093 0.5
0.6295722 0.5
0.6529349 0.5
0.6762977 0.5
0.6839684 0.4792025
0.6861596 0.4519899
0.6906028 0.4252096
0.6959537 0.3986018
0.7013906 0.3720178
0.7068428 0.3454381
0.7120565 0.3188076
0.7149543 0.2916842
0.7178522 0.2645608
0.7197838 0.2373434
0.7207565 0.2100326
0.721729 0.1827218
0.721799 0.1553891
0.721799 0.1280546
0.7079228 0.1103795
0.6862701 0.1005127
0.6632162 0.09694189
0.6401227 0.09310901
0.6172136 0.08774829
0.5940118 0.08467609
0.5707649 0.08195624
0.5474641 0.08003113
0.5241416 0.078426
0.5009919 0.07481283
0.487372 0.07094717
0.4641314 0.06834128
0.4408204 0.06652179
0.4175265 0.06442532
0.3943003 0.06154278
0.3711179 0.05815238
0.3477768 0.05774477
0.324414 0.05774477
0.3015803 0.05210495
0.2831942 0.05188709
0.2882259 0.07676587
0.2920686 0.1036552
0.2932325 0.1308548
0.2932325 0.1581893
0.2903781 0.1853021
0.2876381 0.2124408
0.2857227 0.2396821
0.2857227 0.2670166
0.2857227 0.2943511
0.2857227 0.3216856
0.2889307 0.3482972
0.2957358 0.3740597
