0.2185358 0.6587159
0.2185358 0.6190852
0.2185358 0.5794544
0.2185358 0.5398237
0.2185358 0.5001929
0.2185358 0.499294
0.2193063 0.459733
0.2233223 0.4204657
0.226316 0.3810568
0.2305701 0.3419427
0.2364968 0.3031543
0.2388551 0.2636648
0.2434809 0.2245513
0.2491465 0.1861189
0.2623833 0.1566109
0.2892789 0.1407589
0.3178093 0.131824
0.3463747 0.1210793
0.3752841 0.1119486
0.4046043 0.1063884
0.4342937 0.1045034
0.464013 0.1042902
0.4937361 0.1042902
0.5174025 0.1042902
0.5471217 0.1045497
0.576821 0.1061336
0.6063396 0.109672
0.6354379 0.1177549
0.6646053 0.1253656
0.6938488 0.132455
0.7227619 0.141588
0.7513375 0.1523247
0.779228 0.1660253
0.8034235 0.185966
0.803781 0.2255785
0.8056368 0.2651142
0.8056368 0.3047449
0.8055197 0.344364
0.8011106 0.3835563
0.7956401 0.4224856
0.7891922 0.4611726
0.7832657 0.5
0.7779487 0.5002596
0.7685565 0.5377514
0.761026 0.5758977
0.7555572 0.6148469
0.7314326 0.6233035
0.7017824 0.6205794
0.6721259 0.6179281
0.6424161 0.6174014
0.612693 0.6174014
0.5829699 0.6174014
0.5532975 0.619498
0.5236362 0.6220495
0.5 0.6233035
0.470277 0.6233035
0.4405539 0.6233035
0.4108308 0.6233035
0.3811504 0.6218218
0.3516044 0.6176466
0.322529 0.6100116
0.2932919 0.6055973
0.263752 0.6026463
0.234029 0.6026463
