0.2209775 0.8113678
0.2091285 0.7681131
0.2010727 0.723617
0.1958468 0.6781946
0.1899417 0.6329192
0.1836397 0.5877296
0.1776586 0.5424681
0.1720194 0.5
0.1663802 0.4546618
0.1607409 0.4093236
0.1568853 0.3636768
0.1532602 0.3179902
0.1495179 0.2723224
0.1445357 0.2268535
0.1482824 0.1858397
0.1808205 0.1682858
0.2142762 0.1560798
0.249437 0.1532147
0.2845979 0.1503496
0.3197799 0.1483679
0.3550093 0.1483679
0.3902388 0.1483679
0.4254682 0.1483679
0.4606859 0.1487117
0.495775 0.1528085
0.5268635 0.1569053
0.5619525 0.161002
0.5970415 0.1650988
0.6321305 0.1691956
0.6672196 0.1732924
0.7023059 0.1774277
0.7373907 0.181586
0.7724755 0.1857444
0.8061842 0.1966055
0.8376788 0.2167735
0.8427103 0.2599868
0.8437984 0.3058877
0.845265 0.3517783
0.8460927 0.3976863
0.8460927 0.4436167
0.8460927 0.4895472
0.8448328 0.5325546
0.8425647 0.5783898
0.8402965 0.624225
0.8377182 0.6700309
0.8349088 0.7158151
0.8316072 0.7615203
0.8090922 0.7841288
0.7751675 0.7965131
0.7412428 0.8088973
0.7064193 0.8151002
0.6713718 0.8197627
0.6363243 0.8244253
0.6012769 0.8290879
0.5662248 0.8336841
0.5311121 0.8374211
0.5 0.8411582
0.4648874 0.8448951
0.4297747 0.8486321
0.394621 0.8510554
0.3593915 0.8510554
0.3241621 0.8510554
0.2889326 0.8510554
0.2548009 0.8422359
