0.2620369 0.6644331
0.2595938 0.6236464
0.2595938 0.5826256
0.2571509 0.5417872
0.2571509 0.5007663
0.2571509 0.4622446
0.2571509 0.4212238
0.2585775 0.3802829
0.2595938 0.3393191
0.2595938 0.2982983
0.2595938 0.2572774
0.2595938 0.2162566
0.2576451 0.1754367
0.2547079 0.1347188
0.2547079 0.09369797
0.2851148 0.09368294
0.3155328 0.09368294
0.3455403 0.1003714
0.3755601 0.1068611
0.4059781 0.1068611
0.4363961 0.1068611
0.4668142 0.1068611
0.4972322 0.1068611
0.5 0.1068611
0.530418 0.1068611
0.560836 0.1068611
0.5912541 0.1068611
0.621672 0.1068611
0.6520901 0.1068611
0.6825081 0.1068611
0.7129261 0.1068611
0.7433441 0.1068611
0.760867 0.1349344
0.7688715 0.1744854
0.7758982 0.2143931
0.7808557 0.2547572
0.7838824 0.2955745
0.7860994 0.3364853
0.786501 0.3774868
0.789816 0.41819
0.7913871 0.4590603
0.7898216 0.5
0.7870557 0.5383493
0.786501 0.5793328
0.7733471 0.6051314
0.7431028 0.608426
0.7126848 0.608426
0.6828089 0.6020055
0.6528743 0.5949193
0.6226563 0.5904157
0.5923225 0.5873682
0.5619575 0.5853642
0.5317178 0.5824586
0.5015259 0.5787752
0.498758 0.5787752
0.46834 0.5787752
0.437922 0.5787752
0.4075943 0.5812191
0.3780998 0.5894681
0.3491844 0.5990818
0.3219746 0.6166395
0.2951119 0.6343762
0.2685592 0.6519802
0.2424935 0.6677276
