0.2149734 0.7817684
0.2126413 0.7416892
0.2042453 0.7027046
0.2002413 0.6623361
0.1969884 0.6218819
0.1953066 0.5813024
0.1953066 0.5406512
0.1953066 0.5
0.1953066 0.4722337
0.1953066 0.4315825
0.1953066 0.3909313
0.1953066 0.3502801
0.1953066 0.309629
0.1953066 0.2689777
0.1953066 0.2283265
0.1968853 0.1879815
0.2198112 0.1734961
0.2538269 0.1734961
0.2877993 0.1751583
0.3217636 0.1773345
0.3557577 0.1787854
0.3897522 0.1802113
0.423768 0.1802113
0.4577838 0.1802113
0.4917995 0.1802113
0.5002654 0.1802113
0.5342812 0.1802113
0.5682849 0.1792829
0.602284 0.1780132
0.6362846 0.1768537
0.6703004 0.1768537
0.7043162 0.1768537
0.738332 0.1768537
0.7723478 0.1768537
0.8062645 0.1794639
0.832312 0.2031187
0.8477368 0.2381319
0.8556449 0.2776456
0.8580966 0.3181144
0.8529875 0.3576584
0.8386836 0.3944914
0.8148494 0.4234432
0.7924183 0.4539848
0.7729409 0.4873115
0.7540724 0.5082505
0.7331685 0.5402957
0.7125885 0.5726589
0.6975671 0.6085536
0.685616 0.6465843
0.674658 0.6849496
0.6653601 0.7240224
0.6546034 0.7625875
0.6422882 0.8004445
0.6336259 0.8396503
0.6081232 0.8489511
0.5760852 0.8359091
0.5423376 0.8308686
0.5084189 0.8287749
0.5 0.8270847
0.466047 0.8246391
0.4320736 0.822609
0.3995631 0.8119267
0.3671161 0.7998457
0.3414032 0.7784108
