0.256195 0.8368394
0.256195 0.7980176
0.256195 0.7591959
0.2589861 0.72051
0.2625644 0.6818919
0.2704662 0.6441378
0.2801874 0.6071649
0.2843071 0.5686566
0.2911564 0.5305459
0.295644 0.5
0.298321 0.4612961
0.3029432 0.422866
0.3091557 0.3846309
0.3139002 0.346145
0.3176876 0.3075365
0.3223622 0.2690513
0.3276822 0.2306522
0.3396867 0.1962601
0.3753855 0.2009836
0.4102757 0.2086135
0.4463781 0.2107701
0.4825244 0.2117019
0.515586 0.2117019
0.5517656 0.2117019
0.5879453 0.2117019
0.6241249 0.2117019
0.6602072 0.2104386
0.6954398 0.2024368
0.7306853 0.1962601
0.766865 0.1962601
0.7999299 0.2032205
0.7991798 0.2419116
0.7897594 0.2793417
0.7794275 0.3164765
0.7746458 0.3549577
0.7705486 0.3935287
0.7666426 0.4321234
0.7628551 0.4707318
0.7569206 0.5010447
0.7507735 0.5393019
0.7459685 0.577759
0.7421595 0.6163648
0.7379322 0.6549207
0.7349561 0.6936002
0.7263765 0.7306685
0.7169623 0.7676961
0.7034051 0.7997791
0.6749721 0.8216543
0.6394926 0.8291121
0.6047806 0.8400542
0.5691662 0.8461332
0.5330366 0.8481737
0.5 0.8491929
0.463845 0.8483994
0.4278147 0.845257
0.3923377 0.8376434
0.3567246 0.8308052
0.3214294 0.8224258
0.286441 0.812546
0.2504832 0.8084313
0.2144386 0.8051823
0.1783147 0.8030289
0.1421392 0.8028674
