0.2104352 0.6672239
0.2081885 0.6277949
0.2081885 0.5880503
0.2081885 0.5483057
0.2081885 0.5085612
0.2081885 0.5
0.2081885 0.4602554
0.2081885 0.4205109
0.2081885 0.3807663
0.2081885 0.3410218
0.2081885 0.3012773
0.2081885 0.2615327
0.2081885 0.2217881
0.2081885 0.1820436
0.2238894 0.1602098
0.2584537 0.1627726
0.2932946 0.1627726
0.3281355 0.1627726
0.362915 0.1610918
0.3976589 0.1581348
0.4317673 0.1503563
0.4658881 0.1423962
0.5 0.1361769
0.5345806 0.1313318
0.5692084 0.1269428
0.6034569 0.1196518
0.6380989 0.1154912
0.6726921 0.1115158
0.7056661 0.1038272
0.7403924 0.1056652
0.7744125 0.1140786
0.7875267 0.1410102
0.7897675 0.1806388
0.7897733 0.220383
0.7897733 0.2601276
0.7901938 0.2998622
0.7916442 0.3395723
0.79202 0.3793079
0.79202 0.4190525
0.79202 0.458797
0.79202 0.4985416
0.7934986 0.5070584
0.7953887 0.5467444
0.7975512 0.5864111
0.8050363 0.6248082
0.7914208 0.6572004
0.7574916 0.6654407
0.723069 0.6697868
0.6884181 0.6682388
0.6540166 0.664661
0.619348 0.6615031
0.5846751 0.658632
0.5501173 0.6544097
0.5159816 0.6470816
0.4818769 0.6415955
0.4475724 0.635542
0.4135665 0.6269439
0.3788764 0.6246085
0.3440876 0.6236556
0.3092467 0.6236556
0.2745918 0.6262184
0.2412793 0.6346015
0.2085883 0.6440443
