0.1712138 0.7168847
0.1720818 0.6769269
0.1729499 0.6369691
0.1738179 0.5970113
0.1746859 0.5570535
0.1755539 0.5170957
0.176422 0.4954722
0.17729 0.4555144
0.178158 0.4155566
0.179026 0.3755988
0.1836495 0.3359994
0.190509 0.2966135
0.1973686 0.2572276
0.2011719 0.2174979
0.2034114 0.1775925
0.2093443 0.1439621
0.2493532 0.1493144
0.2893621 0.1546667
0.329371 0.160019
0.3693799 0.1653713
0.4093888 0.1707236
0.4493977 0.1760759
0.4894066 0.1814282
0.5092607 0.1867805
0.5492696 0.1921328
0.5892785 0.1974851
0.6292874 0.2028374
0.6695302 0.2058916
0.7098134 0.2085501
0.7500964 0.2112087
0.7816408 0.2204273
0.7831538 0.2603663
0.7846667 0.3003052
0.7861796 0.3402442
0.7876924 0.3801831
0.7892054 0.4201221
0.7907183 0.460061
0.7922312 0.5
0.7937441 0.5216047
0.8016464 0.5607718
0.8098805 0.5998987
0.8181146 0.6390256
0.8263488 0.6781526
0.8345829 0.7172796
0.8428171 0.7564065
0.8510513 0.7955334
0.841368 0.8238157
0.8011463 0.8256201
0.7607737 0.8256201
0.7204012 0.8256201
0.6800286 0.8256201
0.6396561 0.8256201
0.5992835 0.8256201
0.5592878 0.8214822
0.5195665 0.8143326
0.5 0.8071831
0.4602787 0.8000336
0.4205573 0.7928841
0.380836 0.7857345
0.341408 0.7771467
0.3020183 0.7683867
0.2638281 0.7595563
0.2236252 0.7567483
0.1834184 0.7531298
