0.218108 0.6393761
0.218108 0.5933027
0.218108 0.5472293
0.2176648 0.5011685
0.2162588 0.4916672
0.2157831 0.4456073
0.2151206 0.399559
0.2134582 0.3535485
0.2134582 0.3074751
0.2097399 0.2616991
0.2068297 0.2158039
0.2042395 0.1698662
0.2018339 0.1239552
0.2322411 0.1316185
0.2644331 0.1449285
0.2978312 0.1517631
0.3313465 0.1574124
0.3649132 0.162091
0.3986849 0.162091
0.4324566 0.162091
0.4662283 0.162091
0.5 0.162091
0.5151485 0.1612053
0.5489064 0.1598894
0.5826584 0.1583569
0.6163936 0.1562163
0.6501288 0.1540756
0.6838213 0.1511566
0.7174138 0.1464157
0.7510586 0.1430607
0.7848303 0.1430607
0.818602 0.1430607
0.8295305 0.1742248
0.8295305 0.2202982
0.8295305 0.2663716
0.8295305 0.312445
0.8258645 0.3581864
0.8174518 0.4027112
0.8093622 0.4474072
0.8018473 0.4923016
0.7923913 0.5
0.7855798 0.5449771
0.7810199 0.5906242
0.7763453 0.6362494
0.7667593 0.6790316
0.7366049 0.6856643
0.7032418 0.6924455
0.6695962 0.6964122
0.6359302 0.7000182
0.6022052 0.7024398
0.5688298 0.7092257
0.5354499 0.7159916
0.5017439 0.7188655
0.4866519 0.7217395
0.4531193 0.7271897
0.419593 0.7327338
0.3859588 0.736748
0.3522729 0.7400306
0.3185404 0.7421396
0.2847918 0.7438449
0.2514076 0.750386
0.2176359 0.750386
0.1851816 0.7406127
