0.1524409 0.7887228
0.1524409 0.747459
0.1524409 0.7061951
0.1524409 0.6649313
0.1524409 0.6236675
0.1525122 0.5824058
0.1551649 0.5412223
0.1570371 0.5
0.1587368 0.4783356
0.1666363 0.4378221
0.1727195 0.3970735
0.1753167 0.3558869
0.1776756 0.3146865
0.1810084 0.2735518
0.1844842 0.2324711
0.2028975 0.2080091
0.2452201 0.2118896
0.2876644 0.2144247
0.3301902 0.2144247
0.372716 0.2144247
0.4152419 0.2144247
0.4576961 0.2130651
0.5 0.208855
0.5248253 0.2046449
0.5666814 0.198066
0.6077714 0.1874339
0.648893 0.1769572
0.6910616 0.1716201
0.7326332 0.1638776
0.7726444 0.1499006
0.8136234 0.1405523
0.8426659 0.1580183
0.8431194 0.1990999
0.8431194 0.2403637
0.8426714 0.2816087
0.8389874 0.3227174
0.8344133 0.363727
0.8283992 0.4045761
0.8186172 0.4446856
0.8096522 0.4849262
0.804956 0.5063712
0.8046674 0.5476195
0.8025941 0.5888163
0.8002491 0.6300156
0.7982588 0.6712335
0.7982588 0.7124974
0.7990543 0.7537063
0.8123735 0.7909069
0.7738866 0.7918321
0.7313608 0.7918321
0.6888349 0.7918321
0.6464021 0.7893022
0.6038975 0.7887228
0.5613717 0.7887228
0.5188458 0.7887228
0.494673 0.7945032
0.4528638 0.8012232
0.4105051 0.804838
0.3681422 0.8073783
0.3265896 0.8147457
0.2850111 0.8198152
0.2428797 0.8229245
0.200574 0.8255045
0.1588497 0.8291429
