0.2469372 0.6664006
0.2469372 0.6333864
0.2476636 0.6003924
0.2496638 0.5674337
0.2496638 0.5344195
0.2505868 0.5014205
0.2519628 0.4934906
0.2523904 0.4604834
0.2523904 0.4274693
0.2533541 0.394468
0.2544802 0.361469
0.2558854 0.3284796
0.2576538 0.2955028
0.2578436 0.2624927
0.260666 0.2296701
0.2632967 0.1968346
0.265691 0.1667702
0.3017638 0.1740356
0.3388733 0.1757464
0.3760514 0.1757464
0.4132296 0.1757464
0.4500983 0.1727904
0.4867418 0.1672871
0.5004115 0.1624977
0.5356818 0.1520577
0.5716123 0.1436843
0.6070718 0.1340683
0.6427389 0.1251078
0.6772264 0.1139257
0.7142148 0.1106314
0.7512438 0.1079527
0.7651252 0.1297953
0.7682878 0.1626878
0.7692091 0.1956706
0.7696369 0.2286786
0.7708355 0.2616757
0.7719358 0.2946741
0.7719358 0.3276883
0.7719358 0.3607025
0.7719358 0.3937166
0.7719358 0.4267308
0.7719358 0.459745
0.7667053 0.4924127
0.7611903 0.5
0.7556753 0.5326489
0.752975 0.5655742
0.7474638 0.5982186
0.7419434 0.6304563
0.7174652 0.6518373
0.6843951 0.6667379
0.6483371 0.6743088
0.6114036 0.6774921
0.5743041 0.6796279
0.5371782 0.6809278
0.5 0.6809278
0.4858658 0.6809278
0.4493165 0.685831
0.4124411 0.6881914
0.3752629 0.6881914
0.3380848 0.6881914
0.3009066 0.6881914
0.2638306 0.6860115
0.2268401 0.6835667
0.1896794 0.683349
