0.1565104 0.8035396
0.1970956 0.8035396
0.2376809 0.8035396
0.2782661 0.8035396
0.3187904 0.805719
0.3592998 0.8084319
0.3998092 0.8111448
0.4403186 0.8138576
0.480828 0.8165705
0.5 0.8192834
0.5405094 0.8219962
0.5810188 0.8247091
0.6215492 0.8269802
0.6620972 0.828881
0.7026452 0.8307818
0.7431932 0.8326827
0.7837412 0.8345835
0.8242892 0.8364843
0.8360946 0.8084147
0.8324202 0.764204
0.8287458 0.7199934
0.8250713 0.6757827
0.8213969 0.631572
0.8177226 0.5873614
0.8140482 0.5431507
0.8112665 0.5
0.8117124 0.4556097
0.8121584 0.4112194
0.8126044 0.3668291
0.8130503 0.3224388
0.8134962 0.2780485
0.8139422 0.2336583
0.8143882 0.1892679
0.7926595 0.172304
0.7521836 0.1690486
0.7117076 0.1657933
0.6712316 0.1625378
0.6307557 0.1592824
0.5902797 0.156027
0.5497664 0.1534334
0.5092317 0.1512165
0.4900346 0.1489996
0.4494901 0.147064
0.4089189 0.1458962
0.3683477 0.1447283
0.328077 0.1422459
0.2882346 0.1366614
0.2494968 0.1499027
0.2139309 0.1692976
0.1823456 0.1971372
0.1565104 0.2256375
0.1639587 0.2691163
0.1729532 0.3124053
0.1819477 0.3556944
0.1909423 0.3989834
0.1999368 0.4422725
0.2077223 0.4857099
0.2077223 0.5290041
0.2077223 0.573397
0.2077223 0.61779
0.2077223 0.662183
0.2077223 0.706576
0.2077223 0.7509689
0.1872377 0.7848673
