0.2156711 0.8036562
0.2013204 0.7654948
0.1944237 0.7249589
0.1882987 0.6843079
0.1825666 0.6435983
0.1768345 0.6028886
0.1763814 0.5618241
0.1763814 0.5207291
0.1763814 0.488371
0.1763814 0.4472759
0.1763814 0.4061809
0.1763814 0.3650858
0.1763814 0.3239908
0.1786227 0.2829688
0.1823667 0.2420542
0.2059875 0.2164287
0.2458617 0.2037011
0.286814 0.1947863
0.3277663 0.1858716
0.3687186 0.1769568
0.409824 0.1687676
0.4510267 0.1610388
0.4922293 0.1533099
0.5 0.1455811
0.5412879 0.1385016
0.5831462 0.135768
0.6250045 0.1330344
0.6668629 0.1303008
0.7087213 0.1275672
0.7505796 0.1248336
0.792438 0.1248237
0.8305189 0.1310191
0.8305189 0.1721142
0.8274283 0.213046
0.8229194 0.253903
0.8184104 0.29476
0.814608 0.3356624
0.8136327 0.3767463
0.8126574 0.4178302
0.811682 0.4589142
0.8108741 0.5
0.8108741 0.5323581
0.8108741 0.5734531
0.8108741 0.6145482
0.8105412 0.6556378
0.8091437 0.69671
0.8077461 0.7377822
0.7984518 0.7698853
0.7580159 0.7632546
0.7161267 0.7610654
0.6741959 0.7597817
0.6322652 0.7584981
0.5903313 0.7573406
0.5483854 0.7566884
0.5064394 0.7560362
0.4979254 0.755384
0.4559794 0.7547318
0.4140334 0.7540796
0.3721451 0.7524303
0.3303921 0.7484399
0.288639 0.7444496
0.246886 0.7404592
0.2054858 0.7342992
0.1999552 0.7151344
