0.2309475 0.6445972
0.2251212 0.609275
0.2251212 0.57285
0.2251212 0.536425
0.2251212 0.5
0.2251212 0.4878502
0.2251212 0.4514252
0.2267575 0.415216
0.2309475 0.3793435
0.2320759 0.3429885
0.2343919 0.3066807
0.237249 0.2704331
0.2420244 0.234556
0.2478148 0.1990118
0.2707442 0.1816873
0.299767 0.1772752
0.3289242 0.1742702
0.3580087 0.1702477
0.3870974 0.1662737
0.4161896 0.1623376
0.4452817 0.1584016
0.474383 0.1545732
0.5 0.1508568
0.5291108 0.1471404
0.5580851 0.1420558
0.5870423 0.1367995
0.6159995 0.1315431
0.6448457 0.1254438
0.6736372 0.1189279
0.7024287 0.112412
0.7310625 0.1049243
0.7593316 0.09596148
0.7642677 0.1315418
0.766757 0.1678283
0.7699478 0.2040257
0.7721772 0.2403217
0.7751868 0.2764409
0.7812151 0.3120624
0.7841269 0.3483067
0.7869049 0.3845634
0.7883663 0.420943
0.7914826 0.4571425
0.7939457 0.4934253
0.7945384 0.5055505
0.781056 0.5140605
0.7519879 0.5174827
0.7228051 0.5188952
0.6936009 0.5209627
0.6643791 0.5228863
0.6351359 0.5241367
0.6058788 0.5248954
0.5766217 0.5256541
0.5473623 0.5261472
0.5181051 0.5264449
0.4923758 0.5283593
0.4636966 0.5353785
0.4344704 0.5358166
0.4052069 0.5358166
0.37595 0.5359327
0.3468245 0.538349
0.3177575 0.541791
0.2892031 0.5490051
0.2609007 0.5571904
0.23289 0.5648248
