0.2483522 0.5973816
0.2463266 0.5649939
0.2463266 0.5324969
0.2463266 0.5
0.2463266 0.4746148
0.2475294 0.4421561
0.2506195 0.4098596
0.2545842 0.3776597
0.2560845 0.3452033
0.2587067 0.3128378
0.2613016 0.2804666
0.2655092 0.248436
0.2712672 0.2166868
0.2734282 0.1842783
0.2807829 0.1530434
0.2980176 0.1307774
0.3247162 0.1166137
0.3534061 0.1080547
0.3831144 0.1033033
0.4126548 0.09737951
0.4424602 0.09341714
0.4723336 0.08995512
0.5 0.0858236
0.5298777 0.08304799
0.559922 0.08304799
0.5899664 0.08304799
0.6200107 0.08304799
0.6499968 0.08414468
0.6798432 0.08786961
0.709697 0.09152234
0.7366309 0.09773311
0.7465403 0.1235667
0.7497595 0.1556814
0.7531775 0.1879366
0.7551993 0.2203593
0.7566683 0.2528096
0.7566683 0.2853065
0.7566683 0.3178035
0.7566683 0.3503004
0.7579176 0.3827361
0.7586938 0.4151949
0.7566683 0.4475105
0.7546426 0.4797378
0.7485416 0.5032758
0.7424891 0.5324078
0.7323611 0.559572
0.731196 0.5908087
0.7011516 0.5908087
0.6711073 0.5908087
0.6410629 0.5908087
0.6110619 0.5924986
0.581179 0.5957412
0.551267 0.5986966
0.5216142 0.6035346
0.4938335 0.6061454
0.4642514 0.6102065
0.4342436 0.6105273
0.4043114 0.6127182
0.374267 0.6127182
0.3442227 0.6127182
0.3141783 0.6127182
0.284134 0.6127182
0.2540896 0.6127182
0.2240452 0.6127182
