0.2279718 0.8296814
0.2259001 0.7951045
0.2220461 0.7605684
0.2214869 0.7258855
0.2189693 0.691396
0.215002 0.6570292
0.215002 0.6223264
0.215002 0.5876237
0.215002 0.552921
0.215002 0.5182183
0.215002 0.4934206
0.215002 0.4587179
0.215002 0.4240152
0.2138324 0.3893457
0.2117595 0.354702
0.2117595 0.3199993
0.2117595 0.2852966
0.2117595 0.2505939
0.2203634 0.2339944
0.258473 0.2458735
0.295962 0.2591747
0.3334936 0.2723877
0.3731731 0.279248
0.41316 0.2852019
0.4529607 0.2920077
0.4927614 0.2988135
0.5208223 0.3009821
0.5613412 0.3030199
0.6018776 0.3045446
0.6424665 0.3045446
0.6830554 0.3045446
0.7236443 0.3045446
0.762856 0.300111
0.8010063 0.2900573
0.8337555 0.2925105
0.8380849 0.3267575
0.8409524 0.3613661
0.8398412 0.39603
0.8381515 0.4307027
0.8363913 0.4653727
0.8341107 0.5
0.8280898 0.5244137
0.8239092 0.5588965
0.8215777 0.5935417
0.8195508 0.6282011
0.8172482 0.6628473
0.8144939 0.6974686
0.8121454 0.7320878
0.8111999 0.7662432
0.7749685 0.7817068
0.7368909 0.7936513
0.6977869 0.8028386
0.6587489 0.8123212
0.6194149 0.8206438
0.5794337 0.8266164
0.5395701 0.8331347
0.5 0.8408169
0.4719283 0.8429815
0.4314265 0.8452526
0.3910483 0.8486385
0.3521793 0.8583426
0.3120008 0.8618863
0.2716481 0.8641171
0.2312144 0.8657205
