0.2804747 0.4591608
0.3006939 0.4734853
0.3234477 0.4806802
0.3462016 0.4878751
0.369458 0.4918162
0.3928183 0.4950834
0.4162244 0.4976239
0.4397236 0.4986789
0.4632229 0.4997338
0.4867342 0.5
0.5 0.5
0.5235153 0.5
0.547007 0.4987346
0.5704982 0.4974404
0.5939893 0.4961461
0.6174804 0.4948518
0.6405263 0.4896164
0.6631395 0.4819151
0.6665788 0.4556399
0.6698152 0.4275839
0.6722871 0.3994492
0.6722871 0.3709458
0.6722871 0.3424423
0.6744193 0.3141066
0.6774607 0.2858425
0.6819935 0.257938
0.6881069 0.2304147
0.6942203 0.2028912
0.6993123 0.1750667
0.7043077 0.1472138
0.710927 0.1199012
0.717573 0.09265554
0.7194563 0.06426594
0.6991519 0.05621403
0.6757125 0.05427581
0.652303 0.05157343
0.6288192 0.05076882
0.6053039 0.05076882
0.5817885 0.05076882
0.5582795 0.05125865
0.5347755 0.05214894
0.5112716 0.05303922
0.4980224 0.05410066
0.4745293 0.0553388
0.4510471 0.05680916
0.4275915 0.05883998
0.4041359 0.06087077
0.3807699 0.06396374
0.3574608 0.06773087
0.3341517 0.07149798
0.3106939 0.07254973
0.3064419 0.08638325
0.3166135 0.11188
0.3209869 0.1398658
0.3221612 0.1683338
0.3231517 0.1968073
0.3231517 0.2253108
0.3220153 0.2537164
0.3186897 0.2819334
0.3160233 0.3102284
0.3147874 0.3386925
0.312386 0.3670111
0.3096747 0.3952633
0.3119208 0.4210442
