0.2038368 0.7937084
0.1970525 0.7463356
0.191974 0.698603
0.1915173 0.6501808
0.1915173 0.601729
0.1915173 0.5532771
0.1915173 0.5048252
0.1915173 0.4862748
0.191567 0.437825
0.1934443 0.3894477
0.2010871 0.3425469
0.2110396 0.2962376
0.2238423 0.2514721
0.2408554 0.2096436
0.2626849 0.1747443
0.2909635 0.153056
0.3245299 0.1498469
0.3583724 0.1498469
0.3922148 0.1498469
0.4260572 0.1498469
0.4598995 0.1498469
0.493742 0.1498469
0.5226991 0.1498469
0.5565326 0.1504536
0.5903457 0.1524707
0.6238626 0.1582439
0.6571392 0.1670665
0.6907136 0.1720827
0.724529 0.1740192
0.7582282 0.1782484
0.7916418 0.1853706
0.8245645 0.1965815
0.8569213 0.2105818
0.8555744 0.2504194
0.8462422 0.2969408
0.8334773 0.3418003
0.8240676 0.3882864
0.8155918 0.4351723
0.8068213 0.4818939
0.8022487 0.5
0.7963807 0.5476863
0.7893621 0.5950844
0.7820207 0.6423825
0.7742895 0.6895522
0.7654473 0.7362307
0.7564617 0.7825403
0.735002 0.8026567
0.7025598 0.7912366
0.6687633 0.7901809
0.6349264 0.7897664
0.6011091 0.7879043
0.5673467 0.7883478
0.5336969 0.7935096
0.5 0.7977347
0.4710661 0.799528
0.4372829 0.8021277
0.4035795 0.8065144
0.3698761 0.8109009
0.3360659 0.8128465
0.3022436 0.8145163
0.2684054 0.8148738
0.2345631 0.8148738
0.2007207 0.8148738
0.1668783 0.8148738
