0.1964392 0.6500641
0.1990537 0.6094717
0.2007011 0.5687895
0.2076587 0.5292268
0.2109258 0.5
0.2113557 0.4591836
0.2125217 0.4183933
0.2153275 0.3777449
0.2184004 0.3371303
0.2205806 0.2964189
0.2247936 0.2559748
0.232296 0.2170769
0.2386717 0.1773987
0.2615067 0.1548989
0.2927794 0.1548989
0.3240522 0.1548989
0.3553249 0.1548989
0.3865977 0.1548989
0.4178704 0.1548989
0.449115 0.1534275
0.4802602 0.1501464
0.5 0.1446291
0.5310472 0.1397415
0.5619916 0.1338876
0.5930221 0.1298565
0.6242948 0.1298565
0.6555675 0.1298565
0.6867595 0.1320762
0.7177836 0.1367677
0.7481226 0.1466716
0.778513 0.1563019
0.8089222 0.1658317
0.8355451 0.1860585
0.8361455 0.2239578
0.8258867 0.2624935
0.8145863 0.3005693
0.8026005 0.3382667
0.7894954 0.3753433
0.7752855 0.4116683
0.759528 0.4469408
0.7434027 0.4819245
0.7269422 0.5053972
0.7122406 0.5414202
0.6978732 0.5776907
0.6855908 0.6151706
0.6748189 0.6535054
0.6649722 0.6922494
0.6577042 0.7319382
0.6477165 0.7695612
0.6284323 0.7409626
0.6013293 0.7217272
0.5715939 0.7099777
0.5408713 0.7028711
0.5105323 0.6929672
0.4912454 0.6841479
0.4605752 0.6762808
0.4296167 0.6705059
0.3986844 0.6645058
0.3678 0.65809
0.3369157 0.6516743
0.30592 0.6466691
0.2746827 0.6447268
0.2444763 0.6345958
0.2134866 0.6305867
