0.2002013 0.7121409
0.2002013 0.6760086
0.2002013 0.6398762
0.201677 0.6037831
0.2026686 0.5676772
0.2034722 0.5315854
0.2070222 0.5
0.2091714 0.4639388
0.2109137 0.4278497
0.2125337 0.3917546
0.2125377 0.3556224
0.2125377 0.31949
0.2125377 0.2833576
0.210875 0.2472779
0.2100705 0.2111709
0.2165378 0.1842649
0.2522144 0.1842649
0.2878911 0.1842649
0.3235432 0.1832665
0.3590747 0.1806166
0.3941094 0.1737931
0.4292618 0.1677118
0.4646451 0.1630879
0.5 0.1582654
0.5292001 0.152512
0.5644209 0.1467543
0.5994675 0.1399935
0.634514 0.1332327
0.6695735 0.1265502
0.7048916 0.1214403
0.7397187 0.1138927
0.7742614 0.1048597
0.8060662 0.1046223
0.8060662 0.1407547
0.8060662 0.1768871
0.8060662 0.2130195
0.8032401 0.248915
0.797375 0.2845557
0.79336 0.320446
0.7898101 0.3563991
0.7835989 0.3919378
0.7763643 0.4273181
0.7713189 0.4630873
0.7666156 0.4989029
0.7621905 0.5303887
0.7586819 0.5663442
0.7527765 0.6018472
0.7477131 0.6374526
0.7468514 0.6735539
0.7246023 0.687153
0.68898 0.688586
0.6533437 0.6896517
0.617667 0.6896517
0.5819904 0.6896517
0.5463137 0.6896517
0.510637 0.6896517
0.4809816 0.6896517
0.445305 0.6896517
0.4096283 0.6896517
0.3740815 0.6921573
0.3387303 0.6968545
0.3034028 0.7016889
0.2679528 0.7046446
0.2322761 0.7046446
