0.2655371 0.5545872
0.2655371 0.5272936
0.2655371 0.5
0.2655371 0.4796674
0.2655371 0.4523738
0.2655371 0.4250802
0.2683677 0.3979439
0.2711931 0.3707833
0.2724459 0.3435099
0.2740098 0.3162491
0.2756332 0.2889954
0.2756332 0.2617018
0.2756332 0.2344082
0.2756332 0.2071146
0.2756332 0.179821
0.2894071 0.1622976
0.3217013 0.1587043
0.353739 0.1536744
0.386292 0.1522955
0.4186372 0.1493932
0.4507204 0.1445714
0.4828036 0.1397496
0.5016856 0.135157
0.5338908 0.1309435
0.5660959 0.12673
0.5977235 0.1201913
0.6292639 0.1133018
0.6608043 0.1064123
0.6923601 0.09957349
0.7239828 0.0929538
0.7545716 0.08398879
0.7545716 0.1112824
0.7514067 0.1383877
0.7468698 0.1654141
0.7439187 0.1925956
0.7406036 0.2197442
0.7365606 0.2468271
0.7313382 0.2737463
0.7247341 0.3004738
0.7186328 0.3272682
0.7150331 0.3543949
0.7113214 0.3815085
0.7059626 0.4084308
0.7005632 0.4353472
0.6949782 0.4622372
0.6904638 0.4892422
0.6877569 0.5094805
0.6864228 0.5367277
0.6813747 0.5634293
0.6588838 0.575111
0.6273206 0.5816505
0.5961865 0.5897239
0.5641282 0.5945498
0.5316802 0.5970188
0.5 0.6033478
0.4807573 0.6055387
0.4482248 0.6072412
0.4157362 0.6094475
0.3832497 0.6116503
0.3517308 0.6160439
0.3198036 0.6199281
0.2876001 0.6214343
0.2552249 0.6222176
0.222629 0.6222176
