0.3055391 0.4236994
0.3251935 0.4373335
0.3458174 0.4482486
0.3671261 0.4568108
0.3883882 0.4655682
0.409774 0.4736698
0.4317238 0.4787821
0.4536736 0.4838944
0.4757602 0.4876535
0.4979758 0.4901371
0.513157 0.4926207
0.5353876 0.4947816
0.5576704 0.4958196
0.5799533 0.4968576
0.6022446 0.497275
0.6245416 0.497275
0.6468082 0.4983865
0.6690611 0.5
0.672936 0.4754041
0.6745245 0.4463962
0.6771482 0.4175174
0.6798047 0.3886427
0.6828339 0.3598332
0.6861015 0.3310653
0.689276 0.3022844
0.6907592 0.273267
0.6922423 0.2442496
0.6936846 0.2152288
0.694994 0.1861971
0.6964145 0.1571746
0.6979219 0.1281593
0.6995105 0.0991514
0.6996449 0.07007581
0.6783762 0.06399667
0.6560791 0.06399667
0.6337821 0.06399667
0.6114851 0.06399667
0.5891881 0.06399667
0.5668911 0.06399667
0.544594 0.06399667
0.522297 0.06399667
0.5 0.06399667
0.4847373 0.06399667
0.4624403 0.06399667
0.4401433 0.06399667
0.4178463 0.06399667
0.3955493 0.06399667
0.3732522 0.06399667
0.3509552 0.06399667
0.3286582 0.06399667
0.3063611 0.06399667
0.2842063 0.06249064
0.2652259 0.0585466
0.2780058 0.07913107
0.2885768 0.1039011
0.2926732 0.1324779
0.2986217 0.1604945
0.3028896 0.1889519
0.3057227 0.2177949
0.3100955 0.246312
0.3137261 0.2749949
0.3167695 0.3038036
0.3197398 0.3326252
