0.2994875 0.3832866
0.2994875 0.3602358
0.2994875 0.3371849
0.2994875 0.3141341
0.2994875 0.2910833
0.2994875 0.2680324
0.2994875 0.2449816
0.2994875 0.2219308
0.3010265 0.1989464
0.3028697 0.1759752
0.3060536 0.1532006
0.3104065 0.1305974
0.3153629 0.1081351
0.3193161 0.08552665
0.3222381 0.06276017
0.3349338 0.05894753
0.3473354 0.07774407
0.3646673 0.0921438
0.3830929 0.1046481
0.4034939 0.1137282
0.4239926 0.1225466
0.4449564 0.1301193
0.4659201 0.137692
0.487446 0.1432402
0.5040599 0.1484235
0.5258371 0.1525887
0.5479673 0.1543566
0.5700976 0.1561246
0.5921007 0.1590962
0.6140733 0.1623561
0.6360459 0.165616
0.6580185 0.1688759
0.6799911 0.1721357
0.7016584 0.1768124
0.7229508 0.1832282
0.7355264 0.1949519
0.7355264 0.2180028
0.7325684 0.240555
0.7273507 0.2629411
0.7193252 0.2844132
0.7133728 0.3066052
0.7063702 0.328417
0.6976269 0.349604
0.6909413 0.3715806
0.6827053 0.3928509
0.6716932 0.4128646
0.6606811 0.4328783
0.6495996 0.4528503
0.638346 0.4727186
0.627627 0.4928886
0.6091363 0.5
0.5869406 0.5
0.5649801 0.4968054
0.5434039 0.4915555
0.522018 0.4853861
0.5 0.4828474
0.4829012 0.4808505
0.4612082 0.4763259
0.4397267 0.4705256
0.4182452 0.4647252
0.3967637 0.4589248
0.3752823 0.4531245
0.3588599 0.443774
0.3694619 0.4273294
