0.2344535 0.6362641
0.2330278 0.5908048
0.2315611 0.5453491
0.2289538 0.5
0.2263465 0.472772
0.2237391 0.4274229
0.2211318 0.3820737
0.2191256 0.3366634
0.2173344 0.2912312
0.2155433 0.2457989
0.2148413 0.2003216
0.2148413 0.1548153
0.2154766 0.1102298
0.2464408 0.1174888
0.277373 0.1252859
0.308651 0.1287837
0.3399912 0.1315092
0.3713313 0.1342346
0.4026714 0.1369601
0.4340328 0.1386558
0.4654293 0.1386558
0.4968258 0.1386558
0.5144285 0.1386558
0.545825 0.1386558
0.5772215 0.1386558
0.6086024 0.1378593
0.6399487 0.1352876
0.671295 0.1327159
0.7026414 0.1301442
0.7339877 0.1275724
0.7653627 0.1264732
0.7967591 0.1264732
0.8062228 0.1582629
0.8062228 0.2037692
0.8062228 0.2492755
0.8062228 0.2947819
0.8062228 0.3402882
0.8062228 0.3857946
0.8062228 0.4313009
0.8062228 0.4768072
0.8062228 0.5041924
0.8062228 0.5496987
0.8062228 0.5952051
0.7946509 0.6312881
0.7651447 0.6468396
0.7354602 0.6613584
0.7043792 0.6677939
0.6732982 0.6742295
0.6422173 0.6806651
0.6111364 0.6871006
0.5799412 0.6921641
0.5486962 0.696629
0.5174512 0.7010939
0.5 0.7055588
0.468755 0.7100237
0.43751 0.7144886
0.4062204 0.7179651
0.3748403 0.7194323
0.3434601 0.7208995
0.31208 0.7223666
0.2806998 0.7238338
0.2493196 0.725301
0.2180635 0.7218201
0.1868241 0.7174814
