0.3020312 0.3791864
0.299435 0.3524258
0.2965503 0.3257042
0.2949739 0.2988432
0.2935073 0.2719703
0.292267 0.2450826
0.2910314 0.2181945
0.2897497 0.1913093
0.2884456 0.1644255
0.2877759 0.1375215
0.2877759 0.1105962
0.2877759 0.08367097
0.2877759 0.05674568
0.3036675 0.05523273
0.3218383 0.07166645
0.343506 0.08211499
0.3651738 0.09256351
0.3879148 0.09895611
0.4110018 0.1040409
0.4340889 0.1091257
0.4573386 0.1129484
0.4807239 0.115719
0.5 0.1184895
0.5233844 0.1212683
0.5466828 0.1248741
0.569981 0.1284798
0.5932794 0.1320856
0.6165777 0.1356914
0.6399673 0.1381229
0.6634552 0.1392925
0.6869431 0.140462
0.7102256 0.1438794
0.7220449 0.1590652
0.7269754 0.1829707
0.728434 0.209792
0.728434 0.2367173
0.7280094 0.2635827
0.7223074 0.2897041
0.716629 0.315832
0.7112442 0.3420415
0.7058595 0.368251
0.7019284 0.3947948
0.6980633 0.4213537
0.6944141 0.4479522
0.6907961 0.4745565
0.6874136 0.5
0.6639035 0.5
0.6405051 0.4984541
0.6173149 0.4940276
0.5947804 0.486451
0.5723405 0.4784198
0.5492696 0.4734204
0.5260794 0.4689939
0.5028766 0.4646548
0.4837757 0.4603675
0.4605656 0.4560801
0.4373555 0.4517927
0.4139562 0.4493279
0.3905153 0.4472628
0.3670745 0.4451977
0.3435881 0.444491
0.320078 0.444491
0.2965679 0.444491
