0.194728 0.691715
0.1750847 0.6643122
0.1655689 0.627933
0.157792 0.5909102
0.1508225 0.5536952
0.1459139 0.5160444
0.1434115 0.4932752
0.1434115 0.4552263
0.1434115 0.4171774
0.1434115 0.3791285
0.1452842 0.3414188
0.1606317 0.3086446
0.1919809 0.2974424
0.2252206 0.2890756
0.2583137 0.2799331
0.2921774 0.2754874
0.3248984 0.265103
0.3576072 0.2543859
0.3905234 0.2444586
0.4234396 0.2345313
0.456916 0.2273954
0.4904823 0.2207068
0.5198218 0.2123077
0.5531221 0.2043786
0.5871871 0.2027259
0.6211611 0.1997581
0.6549639 0.1985509
0.6883402 0.2059333
0.7188722 0.2223708
0.7400339 0.2506854
0.7519103 0.2860585
0.7659574 0.3194237
0.7837365 0.3512942
0.7924336 0.3876952
0.8021415 0.424035
0.8042685 0.4620098
0.8061612 0.5
0.8066126 0.5228616
0.8066126 0.5609105
0.8066126 0.5989593
0.8066126 0.6370082
0.8042052 0.6748074
0.7979215 0.7122046
0.7915037 0.7495717
0.7841608 0.7867246
0.7735865 0.8226862
0.7572426 0.8504919
0.7267526 0.8363129
0.6952502 0.8221648
0.6616852 0.8157702
0.629026 0.804837
0.5958215 0.796392
0.5624254 0.7887854
0.5294509 0.7791022
0.5 0.7712981
0.466565 0.7638361
0.4331299 0.7563741
0.3996949 0.7489121
0.3658616 0.7449011
0.3320238 0.7406757
0.2984701 0.7339189
0.2648019 0.7281556
0.2308705 0.7255527
