0.3292008 0.778318
0.3270201 0.7316225
0.3270201 0.6846911
0.329794 0.6381942
0.3330244 0.5916409
0.3396198 0.5462962
0.3439566 0.5
0.3505654 0.4762796
0.3559571 0.4303432
0.360001 0.3839434
0.3647428 0.3377689
0.3704045 0.2918793
0.375458 0.2458291
0.3813152 0.2010244
0.3948023 0.1725153
0.4209831 0.1840432
0.4463817 0.1997283
0.4730742 0.2057393
0.5 0.2096744
0.5255222 0.2130063
0.5525401 0.2130583
0.5789613 0.2228918
0.6058525 0.2267108
0.632837 0.2291256
0.6598325 0.2311642
0.6867752 0.2345678
0.7136108 0.239519
0.7313714 0.2614287
0.7481449 0.2977434
0.7594886 0.3400268
0.7671374 0.3850209
0.773288 0.4303616
0.7748308 0.4772037
0.7748308 0.5023801
0.7748308 0.5493114
0.7709132 0.5956796
0.7595925 0.6380874
0.7494448 0.6809123
0.7368492 0.7210872
0.7268556 0.7636173
0.7121537 0.7934681
0.6851339 0.7935137
0.6582106 0.7972556
0.6311896 0.7972556
0.6041687 0.7972556
0.5771477 0.7972556
0.5501267 0.7972556
0.5231596 0.7999746
0.4976143 0.8032035
0.4706256 0.8048307
0.4436046 0.8048307
0.4165836 0.8048307
0.3895626 0.8048307
0.3625416 0.8048307
0.3355206 0.8048307
0.3084996 0.8048307
0.2815596 0.8015876
0.2546402 0.797522
0.2279349 0.7904156
0.2011444 0.7846153
0.1745807 0.7781056
0.1488235 0.7643967
0.1221722 0.756709
