0.2124232 0.7818786
0.2121263 0.7415845
0.2096353 0.7013786
0.2076254 0.6611487
0.2076254 0.6208426
0.2060799 0.5805853
0.2052266 0.5403062
0.2052266 0.5
0.2052266 0.4745928
0.2052266 0.4342867
0.2052266 0.3939805
0.2052266 0.3536743
0.2052266 0.3133682
0.2052266 0.273062
0.2034801 0.2328269
0.2028277 0.1925472
0.2304941 0.1813865
0.2658458 0.1813865
0.3011975 0.1813865
0.3365491 0.1813865
0.3719008 0.1813865
0.4072525 0.1813865
0.4426041 0.1813865
0.477952 0.1812581
0.5044346 0.1785163
0.5397044 0.1757745
0.5749711 0.1729879
0.6101839 0.1694192
0.6453967 0.1658505
0.6806096 0.1622818
0.7158071 0.1585218
0.7510044 0.1547596
0.7860105 0.149207
0.8207473 0.1418855
0.8489326 0.1453108
0.8489326 0.185617
0.8432612 0.2252381
0.8333627 0.2639031
0.8242952 0.3028404
0.8160002 0.3420213
0.8055662 0.3804829
0.7943186 0.4186803
0.7848569 0.457516
0.7742983 0.4959806
0.7630091 0.5192716
0.7530879 0.5578446
0.7466646 0.5974794
0.7402524 0.6371017
0.7313879 0.6754671
0.7103572 0.6990245
0.676613 0.7098045
0.641362 0.7127374
0.6060313 0.7135018
0.5706796 0.7135018
0.5353279 0.7135018
0.5 0.7126892
0.4737478 0.708202
0.4390144 0.7011834
0.4037167 0.6998265
0.3684847 0.6970914
0.333133 0.6970914
0.2977814 0.6970914
0.2648286 0.6998265
