0.2720607 0.8030389
0.2738048 0.7613267
0.2815348 0.7210382
0.2848487 0.6794093
0.2934631 0.6394051
0.2962904 0.5977914
0.3004699 0.5563174
0.3027649 0.5145621
0.3047764 0.4816989
0.3070124 0.4399305
0.3134202 0.3990987
0.3161483 0.3574335
0.3191049 0.3158276
0.3274949 0.2756666
0.3356593 0.2355172
0.3592777 0.2259922
0.3891647 0.2229081
0.4191741 0.2229081
0.4489192 0.2266333
0.4784223 0.2342439
0.5016246 0.2406129
0.5306407 0.2503637
0.5591187 0.2632301
0.5874316 0.2767531
0.6168123 0.2845896
0.6468031 0.2850821
0.6766477 0.2894668
0.7062458 0.2962041
0.7358249 0.3032387
0.7643725 0.3150053
0.7806612 0.3465672
0.7914973 0.3840068
0.7959166 0.4252149
0.7953236 0.4670821
0.7940201 0.5
0.7892354 0.5412577
0.7828652 0.582185
0.7762144 0.6230286
0.7669896 0.6628597
0.7608247 0.703616
0.7513217 0.7429019
0.7440459 0.7834907
0.7284912 0.8170483
0.7017183 0.8246274
0.6719472 0.8275481
0.6425447 0.8357344
0.6128105 0.8413937
0.5829385 0.8451995
0.5530053 0.8481838
0.5232273 0.853142
0.5 0.8592802
0.470115 0.8616363
0.4401056 0.8616363
0.4101 0.8614118
0.3801246 0.8594196
0.3503606 0.8546641
0.3209711 0.8465388
0.2923278 0.8340455
0.2643102 0.8190434
0.2381789 0.7984857
0.2107246 0.7817484
0.1827183 0.7667025
0.1547187 0.7526283
