0.263644 0.445398
0.2880785 0.4540802
0.3125843 0.4625396
0.3378469 0.4686308
0.3631096 0.4747219
0.38862 0.4797196
0.4142141 0.4843479
0.4398082 0.4889763
0.4656899 0.4911045
0.4917134 0.4920008
0.5153688 0.4929079
0.5413688 0.494301
0.5673688 0.4956941
0.5933688 0.4970872
0.6193796 0.4982671
0.6453971 0.4993127
0.6714224 0.5
0.6821928 0.4852731
0.6821928 0.4601586
0.6821928 0.4350442
0.6821928 0.4099297
0.6821928 0.3848153
0.6821928 0.3597008
0.6821928 0.3345864
0.6821928 0.3094719
0.6830889 0.2843775
0.6842988 0.2592902
0.6855086 0.2342029
0.6867185 0.2091156
0.6891204 0.1841212
0.6921052 0.1591722
0.6948212 0.1342003
0.6964455 0.1091348
0.7004455 0.0843685
0.7018848 0.0593915
0.679878 0.06318396
0.6538379 0.06318396
0.6277978 0.06318396
0.6017623 0.06358889
0.5757287 0.06414688
0.5496949 0.06470484
0.5236613 0.06526276
0.5 0.06598011
0.4739765 0.06687647
0.447953 0.06777284
0.4219329 0.06875756
0.3959136 0.06976137
0.3699576 0.07157463
0.3538536 0.08238477
0.3301045 0.08830652
0.3264646 0.1131203
0.3205003 0.1375672
0.3139865 0.1618781
0.307017 0.1860763
0.3036487 0.2109095
0.3012911 0.2359208
0.2983293 0.2608692
0.2950994 0.2857897
0.2920135 0.3107266
0.2891378 0.3356875
0.288259 0.360755
0.288259 0.3858694
0.288259 0.4109839
0.2907205 0.4359019
