0.196766 0.8228573
0.196766 0.7701709
0.1961963 0.7175105
0.1941919 0.6649151
0.1941037 0.6122328
0.1941037 0.5595465
0.1935123 0.5069137
0.1895239 0.4707184
0.1868013 0.4182083
0.1832509 0.365819
0.1789407 0.3135582
0.1741133 0.2614014
0.1728056 0.2088586
0.1701433 0.1564643
0.1948773 0.1586398
0.2282254 0.1695724
0.2621516 0.1753907
0.296183 0.1792221
0.3302345 0.1826227
0.3641058 0.1891576
0.3979926 0.195491
0.4319187 0.2013092
0.4658769 0.2064069
0.5 0.2077929
0.5324242 0.209179
0.5665497 0.2102908
0.6006846 0.2102908
0.6348195 0.2102908
0.6689545 0.2102908
0.7030894 0.2102908
0.7372243 0.2102908
0.7713593 0.2102908
0.8051939 0.2158902
0.8391885 0.218509
0.8609684 0.2380539
0.863295 0.290443
0.863295 0.3431293
0.863295 0.3958156
0.8598747 0.4480113
0.8545906 0.5
0.8501233 0.5358695
0.8434036 0.5872374
0.8419968 0.6398333
0.8366723 0.6913687
0.8340101 0.742353
0.8089157 0.7711889
0.7780939 0.7891651
0.7466141 0.8082084
0.712821 0.8155023
0.6790367 0.8220469
0.6456218 0.8310755
0.6114869 0.8310755
0.577352 0.8310755
0.5432171 0.8310755
0.5090821 0.8310755
0.4766461 0.8310755
0.4425112 0.8310755
0.4085655 0.8351847
0.3744305 0.8351847
0.3402956 0.8351847
0.3066987 0.8262401
0.2728718 0.8220278
0.2388879 0.8187481
0.204753 0.8187481
