0.2267593 0.6531215
0.2218603 0.6187568
0.2218716 0.580823
0.2243098 0.5430926
0.2316583 0.5067291
0.2316583 0.4720618
0.2327392 0.4341625
0.2341077 0.3962726
0.2341077 0.3583379
0.2341077 0.3204032
0.2360719 0.2826127
0.2365572 0.2447136
0.2369561 0.2068368
0.2390067 0.1691998
0.2526776 0.145178
0.28485 0.145178
0.3168197 0.1480662
0.3489922 0.1480662
0.3809906 0.145178
0.413026 0.1418594
0.4448763 0.1365134
0.4757729 0.1282175
0.5 0.1237294
0.5320069 0.1199043
0.5640533 0.1174372
0.5946572 0.1076314
0.6266555 0.1047433
0.658129 0.09896687
0.6892868 0.09607866
0.7210068 0.09784079
0.7340719 0.1285562
0.7394341 0.1659456
0.7432599 0.2034335
0.7445424 0.2413054
0.7472142 0.279109
0.7502282 0.3168757
0.752732 0.3544798
0.7604721 0.3912957
0.7644626 0.4289374
0.7698452 0.4663276
0.7820501 0.5
0.7864769 0.5343001
0.790983 0.5718574
0.7946991 0.6092305
0.7913429 0.6376113
0.7606337 0.6281798
0.7324405 0.6126867
0.7008711 0.6069103
0.6686987 0.6069103
0.6365262 0.6069103
0.6045518 0.6088075
0.5742097 0.6213597
0.5431446 0.6305895
0.5124911 0.6403113
0.4882148 0.6445645
0.4564757 0.6506732
0.4244325 0.6531215
0.3953086 0.6618644
0.363875 0.6695096
0.3320746 0.6733388
0.2999021 0.6733388
0.2679528 0.6719724
0.2369655 0.6623477
