0.6160236 0.8377261
0.5799806 0.8324848
0.5439377 0.8272435
0.5078948 0.8220022
0.4833215 0.8167609
0.4472388 0.812305
0.4111558 0.8078529
0.3750729 0.8034008
0.33899 0.7989486
0.302907 0.7944965
0.2668241 0.7900444
0.2307412 0.7855923
0.1946582 0.7811402
0.1585753 0.7766881
0.1429032 0.7414162
0.1429032 0.6824799
0.1429032 0.6235437
0.1441724 0.5646464
0.1455369 0.5057521
0.1469015 0.4846305
0.1480584 0.4257298
0.1480584 0.3667935
0.1480584 0.3078572
0.1480584 0.2489209
0.1480584 0.1899847
0.174684 0.1744132
0.2108703 0.1744132
0.2470207 0.1767809
0.2831628 0.179695
0.3193048 0.1826091
0.3554469 0.1855231
0.391589 0.1884372
0.4277311 0.1913513
0.4638731 0.1942653
0.5 0.1931833
0.5246474 0.1895394
0.5607644 0.1858954
0.5968816 0.1822515
0.6329986 0.1786076
0.6691158 0.1749636
0.7052329 0.1713197
0.7413499 0.1676758
0.7775047 0.1660169
0.813691 0.1660169
0.8364445 0.1857484
0.832721 0.2443719
0.8289974 0.3029953
0.8252739 0.3616187
0.8227537 0.4202659
0.8256016 0.4790193
0.8284495 0.5
0.8334335 0.5582541
0.8408468 0.6159404
0.84826 0.6736267
0.8531635 0.7317361
0.8531635 0.7906724
0.8226926 0.8007077
0.7866859 0.8065721
0.7506792 0.8124365
0.7148647 0.8202218
0.6795782 0.8332833
0.6438615 0.84227
0.6079902 0.8499742
