0.3156915 0.3675568
0.3083157 0.3430495
0.3048592 0.3178111
0.3029672 0.2922606
0.2984806 0.2670331
0.2939941 0.2418055
0.2909591 0.216356
0.287094 0.191073
0.2806316 0.1662977
0.2777728 0.1409142
0.2765826 0.1153135
0.2765826 0.08967236
0.2765826 0.06403121
0.2905717 0.05269173
0.3156524 0.05269173
0.3407331 0.05269173
0.3656867 0.05503896
0.390614 0.05787054
0.4154559 0.0612193
0.439913 0.06690192
0.46437 0.07258454
0.4894091 0.07394141
0.5032607 0.07522881
0.5282981 0.07673454
0.5532249 0.07924667
0.5779643 0.08346203
0.6029061 0.08517781
0.6279868 0.08517781
0.6530676 0.08517781
0.6780592 0.08718389
0.7029634 0.09019169
0.7126935 0.1079653
0.7126935 0.1336064
0.7098726 0.1589951
0.705514 0.1842461
0.7046047 0.2098615
0.7038213 0.2354901
0.7030379 0.2611188
0.7019961 0.2867376
0.7009066 0.3123545
0.7004719 0.337986
0.7004719 0.3636272
0.7004719 0.3892683
0.7004719 0.4149095
0.7004719 0.4405507
0.6990771 0.4660738
0.686378 0.4856445
0.6629974 0.4945844
0.6382021 0.4983848
0.6132337 0.5
0.5881971 0.4991856
0.5632698 0.496354
0.5383274 0.4936688
0.5133711 0.4911174
0.5 0.4863557
0.4757315 0.4798833
0.4513896 0.4737327
0.4268241 0.4685621
0.4022586 0.4633915
0.3776931 0.4582208
0.3535494 0.4513143
0.3294719 0.4441348
0.3055158 0.436558
0.2863598 0.4250322
