0.1590824 0.7084121
0.163622 0.6740856
0.1606619 0.6389546
0.1590824 0.6037149
0.1590824 0.5683508
0.1590824 0.5329866
0.1590824 0.5
0.1597007 0.4646588
0.161929 0.4294157
0.1671067 0.3945897
0.1700535 0.3594248
0.1724294 0.3241733
0.1784252 0.2895678
0.1835575 0.2547722
0.1892567 0.2231531
0.2190509 0.2231531
0.2487806 0.2213919
0.2784628 0.2183283
0.3081589 0.2154634
0.3378582 0.2126432
0.366884 0.2048324
0.3958394 0.1965006
0.4248428 0.1884157
0.4539487 0.1808585
0.4830547 0.1733012
0.5 0.1687501
0.5296119 0.1648448
0.5589858 0.1590298
0.5882819 0.1525904
0.6176006 0.1462983
0.6469308 0.1400817
0.6764471 0.1355991
0.7061975 0.1342471
0.7257357 0.1549846
0.7350298 0.1885172
0.7405273 0.223201
0.7439514 0.2583305
0.7470704 0.2935004
0.7509578 0.3285571
0.7549074 0.3635942
0.7560525 0.3989322
0.7570786 0.4342729
0.7570786 0.4696371
0.7570786 0.5026237
0.759292 0.5378786
0.7617229 0.5731242
0.7634726 0.6084274
0.763888 0.643777
0.7659513 0.6790191
0.7675098 0.7142569
0.7742362 0.7476361
0.7546077 0.7542122
0.7248135 0.7542122
0.6950193 0.7542122
0.6652251 0.7542122
0.6354309 0.7542122
0.6056368 0.7542122
0.5758426 0.7542122
0.5460485 0.7542122
0.5162542 0.7542122
0.4990372 0.7542122
0.469243 0.7542122
0.4394489 0.7542122
0.4110292 0.7596004
