0.1983137 0.7654003
0.1944424 0.7170688
0.1888956 0.6678561
0.1847521 0.6184107
0.1812879 0.5687986
0.1786817 0.51916
0.1786817 0.4980938
0.1786817 0.4482079
0.1778437 0.398352
0.1760407 0.3485337
0.1734632 0.2987841
0.1709532 0.2490279
0.1687081 0.1992477
0.1664118 0.1495437
0.1849802 0.1432414
0.2188672 0.1551166
0.2534003 0.1601199
0.2882779 0.1615447
0.3231584 0.1626814
0.3580503 0.1626814
0.3929421 0.1626814
0.4278339 0.1626814
0.4627258 0.1626814
0.4976176 0.1626814
0.5268441 0.1626814
0.5617359 0.1626814
0.5966278 0.1626814
0.6315196 0.1626814
0.6664114 0.1626814
0.7013032 0.1626814
0.7361951 0.1626814
0.7710869 0.1626814
0.8059788 0.1626814
0.8405999 0.1650666
0.8479208 0.2055021
0.8503189 0.2551981
0.8471401 0.3047755
0.8419702 0.3540756
0.8332137 0.402365
0.824913 0.4507929
0.8191769 0.5
0.8144165 0.5205967
0.8072072 0.5693704
0.8034379 0.6189093
0.8005403 0.6686229
0.798785 0.7184044
0.798785 0.7682902
0.7790499 0.7899601
0.744158 0.7899601
0.7092662 0.7899601
0.6743743 0.7899601
0.6394825 0.7899601
0.6046163 0.7883457
0.5697567 0.7862246
0.5348784 0.7848395
0.5 0.7834543
0.4707785 0.7829431
0.4358867 0.7829431
0.4009948 0.7829431
0.3662024 0.7855104
0.3316319 0.7919698
0.297371 0.8004858
0.2626536 0.8039943
0.2277617 0.8039943
