0.3438593 0.8160522
0.328962 0.7812998
0.3140646 0.7465474
0.2991673 0.711795
0.2873302 0.6761011
0.2779741 0.639644
0.268618 0.6031869
0.259262 0.5667298
0.2499059 0.5302727
0.2418868 0.5
0.2349114 0.4630644
0.2279359 0.4261288
0.2209604 0.3891932
0.2139849 0.3522576
0.2099881 0.31494
0.2064134 0.2775682
0.2095166 0.2456072
0.2489882 0.2449788
0.2884434 0.2435366
0.3278986 0.2420943
0.3673642 0.2411695
0.4068486 0.2411695
0.4463329 0.2411695
0.4858173 0.2411695
0.5 0.2411695
0.5394844 0.2411695
0.5789687 0.2411695
0.6184531 0.2411695
0.6579375 0.2411695
0.6962569 0.2488574
0.7341368 0.2594459
0.7710154 0.2726787
0.7855273 0.3035122
0.7925905 0.3404328
0.7979789 0.3775914
0.8025923 0.4148602
0.804907 0.4522884
0.8060347 0.489799
0.8071623 0.5208564
0.80829 0.5583669
0.8088326 0.5958854
0.8088326 0.6334112
0.8088326 0.6709371
0.8088326 0.7084629
0.8088326 0.7459887
0.8088326 0.7835146
0.7804533 0.7962391
0.7415528 0.8026689
0.7026524 0.8090987
0.6639827 0.8166287
0.6254614 0.8248661
0.5869401 0.8331035
0.5484188 0.8413409
0.5098974 0.8495783
0.4962731 0.8557559
0.4572195 0.8612839
0.4181659 0.8668119
0.3791123 0.8723398
0.3400587 0.8778679
0.3009472 0.8827824
0.2614821 0.8839545
0.222017 0.8851267
0.1825519 0.8862988
