0.286971 0.4725164
0.3062506 0.4867502
0.3303037 0.4898011
0.3544934 0.4922769
0.378673 0.4948642
0.4028516 0.4974626
0.4271299 0.4985296
0.4514096 0.4995733
0.4757008 0.5
0.5 0.5
0.5204082 0.5
0.5447073 0.5
0.5690064 0.5
0.5933056 0.5
0.6176048 0.5
0.6419039 0.5
0.6662031 0.5
0.6896068 0.495003
0.6922532 0.4693899
0.693391 0.4433568
0.6966025 0.4174717
0.6969029 0.3913789
0.6969029 0.3652647
0.6969029 0.3391505
0.6969029 0.3130363
0.6969029 0.2869221
0.6969029 0.2608079
0.6969029 0.2346936
0.6969029 0.2085794
0.6969029 0.1824652
0.6969029 0.156351
0.6966137 0.1302465
0.695098 0.1041831
0.691115 0.07849485
0.6827435 0.06060386
0.6585852 0.0633055
0.6343334 0.06493446
0.6101108 0.0669952
0.5858956 0.06916383
0.5617181 0.07174131
0.5375791 0.07473466
0.5134401 0.077728
0.4931322 0.08009747
0.4689329 0.08246171
0.444792 0.08542928
0.4207135 0.08887005
0.3968633 0.09382534
0.3735614 0.1002394
0.3505097 0.1071809
0.3279049 0.1165354
0.304886 0.1247835
0.2900456 0.1430096
0.2821237 0.1666875
0.278773 0.192552
0.2755615 0.2184371
0.2719832 0.2442665
0.2683787 0.2700917
0.2655382 0.2960269
0.2632366 0.3220122
0.2618888 0.3480862
0.2613977 0.3741858
0.2613977 0.4003
0.2613977 0.4264142
