0.2326764 0.6292777
0.2352562 0.5961191
0.2412476 0.5633488
0.243459 0.5300845
0.2460036 0.497238
0.2495644 0.4640971
0.2512457 0.4308097
0.2512457 0.3974735
0.2512457 0.3641372
0.2506455 0.3308092
0.2497094 0.2974859
0.2478485 0.2642167
0.2446308 0.2310371
0.2396302 0.1980696
0.2336028 0.1652735
0.2306132 0.1321494
0.2619309 0.1297829
0.2956417 0.1297829
0.3293525 0.1297829
0.3629842 0.1275095
0.3966026 0.1250623
0.430175 0.1220442
0.4637059 0.1186825
0.4970527 0.1137972
0.5161037 0.1100551
0.5497072 0.1073967
0.5825955 0.1001108
0.6153675 0.09230617
0.6458459 0.08081508
0.6792218 0.07877475
0.7129326 0.07877475
0.7466434 0.07877475
0.7642756 0.1009364
0.7650108 0.1342124
0.7668498 0.1674838
0.7670741 0.2008121
0.7670496 0.2341474
0.7643964 0.2673802
0.7617433 0.300613
0.7590664 0.333844
0.7565314 0.3670837
0.7549279 0.4003823
0.7546946 0.433713
0.7546946 0.4670492
0.7546946 0.5
0.7546946 0.5333362
0.7552423 0.566659
0.7575734 0.5998585
0.734813 0.605103
0.7015499 0.600066
0.6679828 0.5971357
0.6345322 0.5930009
0.6008872 0.5910679
0.5672215 0.589345
0.5335339 0.5884712
0.5 0.5860102
0.4808331 0.5843905
0.4474638 0.5803099
0.413753 0.5803099
0.3801707 0.5782695
0.3464599 0.5782695
0.3136334 0.5857094
0.2829126 0.5966325
0.2512458 0.6027534
