0.2015904 0.8435402
0.1927598 0.8017819
0.183929 0.7600236
0.1763073 0.7180942
0.1750806 0.6752593
0.173854 0.6324245
0.1726273 0.5895896
0.1723209 0.546739
0.1723209 0.5038832
0.1723209 0.471759
0.1723209 0.4289033
0.1723209 0.3860475
0.1734356 0.3432322
0.176048 0.3004714
0.1786603 0.2577105
0.1816615 0.2149873
0.1866509 0.1751076
0.2235587 0.1897532
0.2617009 0.199662
0.3001477 0.2084026
0.3387515 0.2156203
0.3780167 0.2164287
0.417282 0.2172372
0.4565472 0.2180456
0.4958124 0.2188541
0.5339689 0.2196625
0.5731454 0.2178526
0.6122488 0.2138831
0.6513522 0.2099137
0.6904556 0.2059442
0.7295589 0.2019748
0.7687805 0.1998398
0.8080082 0.1978014
0.8444109 0.2003309
0.8465171 0.2431149
0.8485923 0.2859
0.8485923 0.3287557
0.8485923 0.3716115
0.8492532 0.4144454
0.851629 0.4572227
0.8540047 0.5
0.8563805 0.5320458
0.8569549 0.5748826
0.8569549 0.6177384
0.8569549 0.6605941
0.8569549 0.7034498
0.8459741 0.7366933
0.8076651 0.7461246
0.7694203 0.7558627
0.7311754 0.7656008
0.6929221 0.7752953
0.6543376 0.7832807
0.6157532 0.7912662
0.5771688 0.7992517
0.5385844 0.8072371
0.5 0.8152226
0.4625243 0.8232081
0.4235942 0.828641
0.3845424 0.8331746
0.3454905 0.8377081
0.3064387 0.8422416
0.2673869 0.8467752
0.2282407 0.8501188
