0.5497244 0.1817758
0.5885625 0.184551
0.6273534 0.1884893
0.6661444 0.1924276
0.7049353 0.1963659
0.7437261 0.2003042
0.782517 0.2042426
0.8201575 0.2118206
0.8360932 0.2390482
0.8337719 0.282471
0.8314506 0.3258939
0.8291293 0.3693168
0.826808 0.4127397
0.8244867 0.4561625
0.8221654 0.4995854
0.825745 0.528412
0.8298224 0.5716732
0.8339001 0.6149344
0.8373234 0.6582339
0.8373234 0.7017341
0.8373234 0.7452343
0.8194367 0.7729587
0.7807378 0.777898
0.7420388 0.7828373
0.7033398 0.7877766
0.6646041 0.7923408
0.6258641 0.796861
0.5871241 0.8013812
0.5483841 0.8059014
0.5096442 0.8104215
0.4987722 0.8149418
0.4600069 0.8191506
0.4211708 0.8224869
0.3823346 0.8258232
0.3442279 0.8341791
0.30644 0.8447294
0.2686521 0.8552798
0.2304495 0.8632528
0.2090454 0.8416211
0.2014065 0.7989656
0.1933667 0.7564043
0.1849977 0.71392
0.1766286 0.6714358
0.1682596 0.6289515
0.1598905 0.5864673
0.1564197 0.5434776
0.1576755 0.5
0.1589313 0.4709696
0.1623537 0.4277192
0.1683668 0.3847405
0.1743799 0.3417618
0.1813094 0.2989905
0.1907563 0.2567891
0.2002033 0.2145877
0.2289962 0.1938092
0.2673711 0.1863558
0.3057459 0.1789024
0.3445626 0.1789032
0.3834823 0.1806418
0.4223895 0.1808875
0.4612731 0.178333
0.5 0.1738716
0.5107735 0.1689282
0.5497243 0.1689282
