0.2153478 0.7781336
0.204305 0.7380146
0.2039769 0.693975
0.2039842 0.6499076
0.2057642 0.6059078
0.2136229 0.5635015
0.222554 0.5212325
0.229711 0.5
0.2392825 0.4579383
0.249365 0.4161032
0.2598014 0.374433
0.2703405 0.3328112
0.2798605 0.2907439
0.289886 0.248931
0.3007635 0.2074744
0.3091211 0.1651333
0.3315465 0.1405832
0.3608992 0.1315095
0.3917048 0.1422313
0.4236498 0.1464093
0.4550813 0.1550472
0.4867426 0.1616098
0.5 0.1654273
0.5315738 0.1731672
0.5632964 0.1790358
0.5953581 0.1808704
0.6273073 0.1847315
0.6592335 0.1891334
0.6912121 0.1927931
0.7223818 0.202403
0.7532605 0.2143814
0.7838762 0.2273503
0.8134077 0.2445723
0.83397 0.275171
0.8379568 0.3137637
0.8337793 0.3572016
0.8299513 0.4008867
0.8229371 0.4438854
0.8165861 0.4870809
0.8100972 0.5085151
0.8053371 0.5520952
0.8009331 0.5957446
0.7904858 0.636807
0.7809632 0.6785765
0.7610285 0.7120078
0.7338893 0.7336619
0.7023033 0.739813
0.6710182 0.749562
0.6395653 0.75753
0.6075703 0.7609098
0.5756799 0.7656389
0.5438846 0.771593
0.5118265 0.7732829
0.4984663 0.7747511
0.4663799 0.7750105
0.4342904 0.7750105
0.4022008 0.7750105
0.3701113 0.7750105
0.3380217 0.7750105
0.3059322 0.7750105
0.2738426 0.7750105
0.241753 0.7750105
0.2107706 0.7843797
0.178961 0.7875028
