0.2643384 0.437151
0.2855061 0.4478111
0.3108054 0.4563788
0.3364707 0.4641834
0.3622282 0.4717961
0.3888214 0.4766587
0.4159776 0.4796684
0.4429908 0.4833704
0.4698661 0.4877391
0.4967924 0.4918038
0.5214806 0.4934494
0.5488133 0.4950949
0.57613 0.4969012
0.6034345 0.4988309
0.6307797 0.5
0.6387764 0.4818867
0.6440523 0.4601484
0.6510517 0.4386556
0.6563677 0.4168033
0.6608735 0.3948304
0.6653793 0.3728575
0.6697735 0.3508704
0.6737421 0.3288291
0.6777107 0.3067878
0.6816792 0.2847466
0.6851687 0.2626596
0.6875954 0.240471
0.6900221 0.2182825
0.6924487 0.196094
0.694725 0.1739001
0.694725 0.151624
0.694725 0.129348
0.694725 0.107072
0.694725 0.08479595
0.694725 0.06251997
0.6860794 0.06181365
0.6597115 0.06788844
0.6333586 0.0740082
0.6061831 0.07658741
0.578899 0.07869938
0.5515965 0.08064747
0.5242919 0.08257723
0.5 0.08650082
0.4732008 0.09116831
0.4464065 0.09585309
0.4197443 0.1010127
0.3930907 0.1061928
0.3681397 0.1154107
0.3439749 0.1258445
0.3236224 0.1372524
0.3236224 0.1595284
0.3214004 0.1816131
0.3156725 0.2033972
0.3102975 0.2252406
0.3048182 0.2470657
0.2985904 0.268759
0.2923626 0.2904523
0.2859134 0.3121001
0.278702 0.3335912
0.271727 0.3551235
0.2674524 0.3771269
0.2632069 0.399134
0.2591832 0.42116
