0.2814296 0.7388359
0.2602159 0.7041397
0.2421149 0.667136
0.2293627 0.626167
0.2166105 0.5851981
0.2075042 0.5426852
0.1988047 0.5
0.1901053 0.4689426
0.1814058 0.4262574
0.1772197 0.3824964
0.1734279 0.3386413
0.169636 0.2947863
0.1658442 0.2509313
0.1620524 0.2070763
0.1618212 0.1629679
0.1811869 0.1437294
0.2155233 0.1437294
0.2498561 0.1432169
0.2841868 0.1424148
0.3185175 0.1416126
0.3528482 0.1408105
0.3871789 0.1400084
0.4215053 0.1389639
0.4558288 0.1377555
0.4901523 0.136547
0.5086865 0.1353386
0.5430101 0.1341301
0.5773336 0.1329217
0.611657 0.1317133
0.6459204 0.134302
0.6801773 0.1373035
0.7144341 0.1403051
0.748691 0.1433066
0.7786976 0.1616393
0.7786976 0.2057642
0.7786976 0.249889
0.7786976 0.2940139
0.7816329 0.3379442
0.7851661 0.3818349
0.7886321 0.425734
0.7917408 0.4696776
0.7948495 0.5019935
0.7982225 0.5458953
0.8035233 0.5894912
0.8088241 0.6330871
0.8133211 0.6767632
0.8133211 0.7208881
0.8133211 0.765013
0.7932382 0.7833297
0.7589017 0.7833297
0.7245654 0.7833297
0.690229 0.7833297
0.6558926 0.7833297
0.6215562 0.7833297
0.5872198 0.7833297
0.5528834 0.7833297
0.5185471 0.7833297
0.5 0.7833297
0.4656641 0.783376
0.4313379 0.7844518
0.3970117 0.7855278
0.3626855 0.7866037
0.3283564 0.7873747
0.3003152 0.779285
