0.2098357 0.6680325
0.2127586 0.6355252
0.2156815 0.6030179
0.2186044 0.5705106
0.2191274 0.5378933
0.2191274 0.5052519
0.2191274 0.4896396
0.2191274 0.4569982
0.2220026 0.4244887
0.2249255 0.3919814
0.2265341 0.3593849
0.2279364 0.3267744
0.2298275 0.294191
0.2326499 0.2617014
0.245896 0.2326781
0.2670074 0.2080663
0.2964096 0.1996854
0.3201891 0.2204457
0.3422075 0.244024
0.3689474 0.2623081
0.3950572 0.2815068
0.4237739 0.2962743
0.4529225 0.3103079
0.481566 0.3253419
0.5027637 0.3409723
0.5311486 0.3565231
0.5596814 0.3717955
0.5879481 0.3875496
0.6157753 0.4040995
0.6439447 0.4200299
0.6724775 0.4353024
0.7018725 0.4487117
0.7317534 0.4610708
0.7620515 0.4722116
0.793094 0.4811789
0.8247285 0.487677
0.8562405 0.4940425
0.8634287 0.5
0.8506007 0.5296782
0.834264 0.5578316
0.8175452 0.5857519
0.799637 0.6129112
0.7817287 0.6400704
0.7642015 0.6674806
0.7446077 0.6931852
0.7332577 0.7224998
0.7228206 0.7526515
0.7061458 0.7773227
0.6883684 0.8045229
0.6715257 0.832253
0.6447252 0.8433943
0.61496 0.8326042
0.5851386 0.8202151
0.5548446 0.8089308
0.523962 0.7994914
0.5 0.7907552
0.4693394 0.7805412
0.4387116 0.7702191
0.4073044 0.7628045
0.3757122 0.7560801
0.3435429 0.7535146
0.3117204 0.7484854
0.280759 0.7398977
