0.2245576 0.692633
0.221811 0.6518022
0.221811 0.6106265
0.221811 0.5694509
0.221811 0.5282753
0.221811 0.4935703
0.221811 0.4523947
0.2233132 0.411287
0.2259169 0.3702458
0.2287289 0.329225
0.2300509 0.2881191
0.2315233 0.2470469
0.2327975 0.2059607
0.2422713 0.1767956
0.2736925 0.1698315
0.3061445 0.1683882
0.3385868 0.1664296
0.3710164 0.164159
0.4032899 0.1600408
0.4353611 0.1535354
0.4675449 0.1484748
0.5 0.1468922
0.5209568 0.145163
0.5533402 0.142005
0.5857236 0.1388469
0.6180735 0.1351829
0.6504149 0.1314094
0.6825433 0.1253752
0.7146717 0.119341
0.7470497 0.1176006
0.765137 0.1344589
0.7760876 0.1731887
0.7807019 0.2139438
0.7861369 0.2545353
0.7918977 0.2950575
0.7978832 0.335528
0.7998339 0.3766173
0.8017341 0.4177222
0.8035897 0.4588244
0.8035897 0.5
0.8035897 0.5347049
0.8032241 0.5758595
0.8008431 0.6168982
0.7956661 0.6568099
0.7774556 0.6752228
0.7454472 0.6789006
0.7133888 0.6821868
0.6810415 0.6855358
0.6487598 0.6900683
0.6164417 0.6941237
0.5840544 0.6971878
0.5516794 0.7001317
0.5199212 0.7087592
0.4990411 0.7100433
0.4668942 0.7151324
0.4346812 0.720295
0.4026336 0.7269692
0.3703485 0.7291249
0.3394412 0.7413818
0.3069622 0.7413818
0.2745642 0.7430329
0.242175 0.7448638
0.2103444 0.7483459
0.1778653 0.7483459
