0.2779013 0.3922011
0.2813461 0.3666964
0.281784 0.3408846
0.2824366 0.3150603
0.2841076 0.2892862
0.2858652 0.2635239
0.2888286 0.2379273
0.2917138 0.2123187
0.2939074 0.1866043
0.2970589 0.1610988
0.3021411 0.1360143
0.306424 0.1107311
0.3098863 0.08523926
0.3193847 0.06477016
0.333673 0.05203557
0.354605 0.05229732
0.3750944 0.05771503
0.3958986 0.06020308
0.4168242 0.06156206
0.4376546 0.06435621
0.458481 0.06721157
0.4792663 0.07045987
0.5 0.07420391
0.5087013 0.07794788
0.5294349 0.08169186
0.550105 0.08591926
0.5707332 0.09046462
0.5913615 0.09500995
0.6117392 0.1010283
0.6321087 0.1070953
0.6521859 0.1141833
0.6711233 0.1252521
0.6895504 0.1373819
0.7064971 0.1525899
0.7138333 0.1756891
0.7123858 0.2010661
0.7107564 0.2267097
0.7064295 0.2520062
0.7034661 0.2776028
0.6983368 0.3026187
0.6922903 0.3273693
0.6849327 0.3515795
0.6779476 0.3759524
0.6713213 0.400482
0.6649724 0.4251201
0.6606328 0.4503238
0.6557983 0.4754231
0.6431643 0.4925386
0.6251039 0.5
0.6044548 0.4958209
0.5837564 0.4917974
0.5630456 0.4878657
0.542405 0.4834436
0.5218574 0.4783728
0.5013668 0.4730493
0.4936833 0.4642913
0.4739675 0.4555332
0.4538163 0.4486123
0.4333828 0.4428819
0.4131492 0.4362228
0.3931026 0.4286944
0.3731904 0.4206812
0.3536086 0.4114764
