0.3015931 0.7625324
0.2873176 0.7276964
0.2769631 0.6909172
0.2715945 0.6527727
0.2639902 0.615078
0.2593626 0.5768276
0.255968 0.5383617
0.2519215 0.5
0.2460423 0.472409
0.2409164 0.434188
0.2364365 0.3958799
0.2338049 0.3573378
0.2320217 0.3187405
0.230487 0.2801339
0.2259522 0.241817
0.2220235 0.2034357
0.2203796 0.1648311
0.2203796 0.1295645
0.2433923 0.1566366
0.2718942 0.1781388
0.3015889 0.1975068
0.3330337 0.2127062
0.3654009 0.2253477
0.3989919 0.2332318
0.4325829 0.2411158
0.466208 0.2488014
0.4999805 0.2556306
0.5057359 0.2624597
0.539896 0.2654899
0.5741631 0.2674697
0.6084259 0.2695427
0.6426822 0.271748
0.6769487 0.2737038
0.7112405 0.275036
0.7455431 0.2756692
0.7798553 0.2756692
0.8141675 0.2756692
0.8348547 0.2939962
0.8358237 0.3325917
0.8349481 0.3712169
0.8328077 0.4097976
0.8306016 0.4483736
0.8260932 0.4866264
0.8233293 0.5144997
0.8225074 0.5531172
0.8212469 0.5917141
0.8212469 0.6303701
0.8129112 0.658303
0.77971 0.6671872
0.7454584 0.6686915
0.7111788 0.6702395
0.676917 0.6723223
0.6428038 0.6761959
0.6088134 0.6814778
0.5746091 0.6841573
0.5403847 0.6867931
0.5062044 0.6901636
0.5 0.6929456
0.4657503 0.6944978
0.4322747 0.7015358
0.3979625 0.7015358
0.3638226 0.7038819
0.3295437 0.7044106
0.2953461 0.7062279
