0.2692867 0.445123
0.2887211 0.462327
0.3128145 0.4744392
0.3380681 0.4838895
0.3649454 0.4894845
0.3918228 0.4950795
0.4192653 0.4974486
0.4467453 0.4996042
0.47431 0.5
0.5 0.5
0.5275543 0.4993349
0.5550501 0.4973507
0.5825464 0.4953709
0.6100547 0.4935328
0.637563 0.4916947
0.6651123 0.4908538
0.6856343 0.4844837
0.6856343 0.4596015
0.6856343 0.4347193
0.6866513 0.4098787
0.6891487 0.3850987
0.6922055 0.3603784
0.6961861 0.3357566
0.7001665 0.3111348
0.7041471 0.2865131
0.7081276 0.2618913
0.7090372 0.2370363
0.7096785 0.2121607
0.7103198 0.1872853
0.7109611 0.1624098
0.7109822 0.1375278
0.7109822 0.1126456
0.7109822 0.08776343
0.7029463 0.07013008
0.6753666 0.07010108
0.6486064 0.06406623
0.6217589 0.05856678
0.5942065 0.05738324
0.5666484 0.05641079
0.5390647 0.05641079
0.511481 0.05641079
0.485791 0.05641079
0.4582073 0.05641079
0.4308085 0.05800086
0.4038252 0.06316397
0.3768418 0.06832707
0.34997 0.07388657
0.3235228 0.08095527
0.2970756 0.08802405
0.27311 0.09967816
0.2781257 0.1206681
0.2924587 0.141903
0.3018852 0.1652871
0.3066035 0.1897872
0.3094176 0.2145305
0.3098434 0.2393953
0.3098434 0.2642775
0.3098434 0.2891597
0.3091594 0.3140272
0.3078474 0.3388812
0.3064069 0.3637293
0.3048768 0.3885732
0.303169 0.4134076
