0.2796452 0.8548291
0.2796452 0.8040903
0.2796452 0.7533514
0.2796452 0.7026126
0.2796452 0.6518738
0.2796452 0.601135
0.2804309 0.5504695
0.2833188 0.5
0.2859132 0.4546746
0.2894474 0.4044591
0.2962928 0.3552944
0.3030966 0.3060986
0.3138309 0.259427
0.3319996 0.2314551
0.360064 0.2314551
0.3877914 0.2382138
0.4158558 0.2382138
0.4439154 0.2385488
0.4719411 0.2412155
0.5 0.2415932
0.509386 0.2428192
0.5374191 0.2449726
0.5654836 0.2449726
0.593548 0.2449726
0.6216124 0.2449726
0.6496769 0.2449726
0.6777413 0.2449726
0.7058058 0.2449726
0.7338702 0.2449726
0.7618455 0.2464418
0.7851304 0.2652488
0.7853078 0.313931
0.7778339 0.3623206
0.76859 0.4101784
0.7630512 0.4598556
0.7601475 0.5051309
0.7588243 0.555811
0.7581885 0.6065238
0.752581 0.6554242
0.752581 0.706163
0.7502574 0.7566402
0.7445061 0.8061662
0.7305475 0.8419598
0.7035934 0.8549696
0.6758 0.8616079
0.6478069 0.8649672
0.6197425 0.8649672
0.591678 0.8649672
0.5636136 0.8649672
0.5355492 0.8649672
0.5074847 0.8649672
0.4980809 0.8649672
0.4700164 0.8649672
0.441952 0.8649672
0.4138875 0.8649672
0.3858389 0.8662249
0.3578011 0.8683466
0.3297366 0.8683466
0.3016722 0.8683466
0.2736078 0.8683466
0.2456621 0.8651111
0.2177565 0.8599861
0.1897908 0.8558187
0.1618864 0.8514497
