0.2343671 0.6914607
0.2364289 0.6544613
0.2405628 0.6175809
0.2449836 0.5807389
0.2487291 0.5437532
0.253369 0.5069125
0.2580608 0.4832083
0.2628093 0.4463889
0.2662905 0.4093531
0.2697924 0.3723195
0.2733734 0.3352975
0.2795374 0.2988147
0.2832671 0.2619516
0.2846029 0.2247009
0.2861038 0.1874598
0.2899078 0.150476
0.2947553 0.1152616
0.3118238 0.1456403
0.3331724 0.1717862
0.3585054 0.1917136
0.3864267 0.205215
0.4153479 0.2151281
0.4446883 0.2232169
0.4742989 0.2282526
0.5 0.2282526
0.5300561 0.2282526
0.5601122 0.2282526
0.5901684 0.2282526
0.6202245 0.2282526
0.6501243 0.2251378
0.6799483 0.2205128
0.7094429 0.2134736
0.7387375 0.2052886
0.7664382 0.1908189
0.7946411 0.1779518
0.8190494 0.1595718
0.8193374 0.1965022
0.813835 0.2330942
0.801788 0.2672555
0.7910929 0.3021014
0.7804844 0.3369888
0.7702129 0.3720315
0.7586265 0.4064215
0.7479417 0.4412534
0.7401434 0.4772367
0.7320183 0.5
0.726474 0.5364943
0.7038281 0.5596143
0.676623 0.5752924
0.6481856 0.5872424
0.6196076 0.5982334
0.5913655 0.6092668
0.561754 0.6153463
0.5324373 0.6235648
0.5031058 0.631685
0.4780933 0.6391993
0.4482993 0.6439826
0.4191463 0.6529289
0.3892818 0.6566367
0.3594823 0.6604435
0.3294262 0.6604435
0.2996599 0.662659
0.2697806 0.6648746
