0.2131908 0.7494864
0.200628 0.7109105
0.193967 0.6701532
0.1925904 0.6286269
0.1912139 0.5871006
0.1893736 0.5455992
0.1874404 0.5041028
0.1855071 0.4854676
0.1825511 0.4440663
0.1787622 0.4027424
0.1749732 0.3614187
0.1711843 0.3200949
0.1667908 0.2788623
0.1613446 0.2377885
0.155883 0.1967176
0.1499947 0.155726
0.1776865 0.1466146
0.2135035 0.1466146
0.2493125 0.1458618
0.2851187 0.1448485
0.3209249 0.1438352
0.3567324 0.1429338
0.3925493 0.1429338
0.4283662 0.1429338
0.4641831 0.1429338
0.5 0.1429338
0.5302098 0.1429338
0.56601 0.1440024
0.6018032 0.1455126
0.6375965 0.1470228
0.6733898 0.148533
0.709183 0.1500431
0.7443151 0.1576484
0.7793145 0.1664764
0.7976448 0.191833
0.7909003 0.2324617
0.7875046 0.2738315
0.7849553 0.315248
0.7849553 0.356805
0.7849553 0.398362
0.7849553 0.4399189
0.7857182 0.4814401
0.7886127 0.5
0.7915073 0.5414211
0.7944019 0.5828421
0.8007234 0.6237419
0.8071306 0.6646285
0.8135282 0.7055169
0.8179708 0.746753
0.8055416 0.771571
0.7697247 0.771571
0.7339079 0.771571
0.6983068 0.7754942
0.6627807 0.7807787
0.6272545 0.7860633
0.5916558 0.7902448
0.5558501 0.7912834
0.5200443 0.792322
0.4898457 0.7933606
0.4540319 0.7936558
0.418215 0.7936558
0.3823981 0.7936558
0.3465813 0.7936558
