0.2336549 0.8692931
0.2279932 0.8250575
0.225118 0.7803851
0.223853 0.7354602
0.222588 0.6905353
0.2206879 0.6456622
0.2183208 0.6008274
0.2159537 0.5559925
0.2135867 0.5111576
0.2112196 0.4670927
0.210449 0.4221729
0.210449 0.3772121
0.210449 0.3322513
0.210449 0.2872905
0.2152784 0.2487177
0.2468477 0.2455144
0.2784522 0.2437134
0.3101019 0.2437134
0.3417515 0.2437134
0.3734013 0.2437134
0.4050509 0.2437134
0.4367006 0.2437134
0.4683503 0.2437134
0.5 0.2437134
0.5084942 0.2437134
0.5401439 0.2437134
0.5717936 0.2437134
0.6034433 0.2437134
0.635093 0.2437134
0.6667427 0.2437134
0.6983924 0.2437134
0.730042 0.2437134
0.7616917 0.2437134
0.7933414 0.2437134
0.8246318 0.2458753
0.8201706 0.2839575
0.8092808 0.3260718
0.8002895 0.3691801
0.7912982 0.4122885
0.7826107 0.4554911
0.7781347 0.5
0.7736588 0.5437389
0.7691828 0.5882478
0.7630937 0.6323295
0.7559769 0.6761389
0.7488602 0.7199483
0.742062 0.7638551
0.735855 0.8079429
0.7222325 0.8424525
0.6910135 0.849844
0.6597944 0.8572356
0.6285375 0.8641852
0.596981 0.8676336
0.5654246 0.8710819
0.5338681 0.8745302
0.5023116 0.8779786
0.4938797 0.8802817
0.46223 0.8802817
0.4305803 0.8802817
0.3989306 0.8802817
0.367281 0.8802817
0.3356313 0.8802817
0.3039815 0.8802817
0.2723319 0.8802817
