0.2034069 0.7514371
0.2015958 0.7095253
0.2011124 0.667556
0.2011124 0.6255659
0.2025273 0.5836765
0.2061136 0.541926
0.2080248 0.5
0.2095276 0.4887547
0.2111411 0.4468105
0.212585 0.4048641
0.212585 0.3628739
0.212585 0.3208838
0.212585 0.2788936
0.212585 0.2369035
0.212585 0.1949133
0.241394 0.1952154
0.2759435 0.1974273
0.3104878 0.1997565
0.3450771 0.2001173
0.3796746 0.2001173
0.4139531 0.1952843
0.4481092 0.1885981
0.4824047 0.1831403
0.5100483 0.1783724
0.54431 0.1727015
0.578315 0.1649632
0.61237 0.1576209
0.6467211 0.152618
0.6809334 0.1464856
0.7149922 0.1391041
0.7492285 0.1331794
0.7836965 0.1304971
0.818294 0.1304971
0.8346957 0.1577212
0.8368496 0.1994244
0.8368496 0.2414145
0.8368496 0.2834047
0.8363526 0.3253818
0.8348498 0.3673323
0.8316933 0.4091355
0.8281332 0.4509028
0.8224387 0.4923079
0.8150394 0.5026076
0.8103045 0.544062
0.8045307 0.5852973
0.7957941 0.6237137
0.7639652 0.6397987
0.731006 0.6525639
0.6976045 0.6632621
0.6636289 0.6711804
0.6295895 0.6786919
0.5956587 0.686894
0.5614712 0.6931249
0.5273585 0.6998479
0.5 0.7067893
0.4655956 0.7111073
0.4311234 0.7146666
0.3968893 0.7206656
0.362415 0.723589
0.3284601 0.7291586
0.2938626 0.7291586
0.2601791 0.7347282
0.2255816 0.7347282
0.1919344 0.7375131
