0.2083762 0.8372869
0.2083762 0.7949589
0.2099714 0.7527401
0.2150583 0.7107602
0.2201452 0.6687804
0.2242912 0.6267025
0.2269354 0.5844684
0.2295795 0.5422342
0.2322236 0.5
0.2351103 0.4655256
0.2392716 0.4234303
0.2434328 0.3813349
0.247594 0.3392396
0.2517552 0.2971443
0.2559165 0.2550489
0.2567901 0.2127698
0.2567901 0.1704419
0.2741933 0.1500986
0.3124142 0.161727
0.3509461 0.1714295
0.3906189 0.1740699
0.4302918 0.1767102
0.4699809 0.1787952
0.5036129 0.1787952
0.5433632 0.1787952
0.5831134 0.1787952
0.6226807 0.1750838
0.6622126 0.1706526
0.7017444 0.1662216
0.7413326 0.1629325
0.7810829 0.1629325
0.8208331 0.1629325
0.8241913 0.2016844
0.8253456 0.2439868
0.8270005 0.286278
0.8284379 0.3285775
0.8296065 0.3708871
0.8307752 0.4131967
0.8316396 0.4555111
0.8316396 0.497839
0.8316396 0.5324293
0.8316396 0.5747572
0.8316396 0.6170852
0.8316396 0.6594131
0.8297775 0.7014633
0.8050072 0.7238049
0.7672968 0.7371901
0.7295241 0.7503027
0.6902504 0.7568371
0.6509767 0.7633716
0.6117029 0.769906
0.5724292 0.7764405
0.5331555 0.782975
0.5 0.7895094
0.4603253 0.7920218
0.4206385 0.7944138
0.3809518 0.7968059
0.3412651 0.799198
0.3015783 0.8015901
0.2618282 0.801596
0.222078 0.801596
0.1823277 0.801596
0.142832 0.7992169
