0.2170088 0.7753527
0.2112568 0.7368842
0.2075613 0.6972176
0.2026906 0.657663
0.1967359 0.6182454
0.1906708 0.5788419
0.1846862 0.5394271
0.1787909 0.5
0.1744016 0.4641487
0.1717178 0.424404
0.1697532 0.3846371
0.1697532 0.3448097
0.1702265 0.3049913
0.1718926 0.2651957
0.1751976 0.2255234
0.1806602 0.1860491
0.1942534 0.1722247
0.2270128 0.1965241
0.2616451 0.218688
0.2978988 0.2379787
0.3363777 0.253297
0.376281 0.264056
0.4172525 0.2713958
0.4583924 0.277437
0.5 0.2798709
0.5098572 0.2823047
0.5514647 0.2847386
0.5931336 0.2852583
0.6348191 0.2852583
0.6765046 0.2852583
0.7181901 0.2852583
0.7598757 0.2852583
0.8015611 0.2852583
0.8350224 0.2952716
0.8367243 0.3350449
0.8379759 0.3748325
0.8379759 0.4146598
0.8379759 0.4544872
0.8357893 0.4942597
0.8335984 0.5303072
0.8314075 0.5700796
0.8292165 0.609852
0.8250239 0.6494752
0.8207345 0.6890911
0.8182012 0.7288405
0.8173016 0.768644
0.8154305 0.8083724
0.8143481 0.8481425
0.7939415 0.8684729
0.7526509 0.8649116
0.7115307 0.8591874
0.6698972 0.8571985
0.6287755 0.8506804
0.5872598 0.8487201
0.5456119 0.8477144
0.5040274 0.8449446
0.4947882 0.8393627
0.4535775 0.835457
0.4128634 0.8292621
0.3726224 0.8233237
0.3327253 0.8176801
0.2915192 0.8148583
0.2498336 0.8148583
