0.2532121 0.6384407
0.2470648 0.601348
0.244646 0.5633639
0.2425243 0.5253636
0.2425243 0.4950724
0.2425243 0.4569565
0.2425243 0.4188407
0.2425243 0.3807248
0.2425243 0.342609
0.2425243 0.3044932
0.2425243 0.2663774
0.2425243 0.2282616
0.2504475 0.1920259
0.2558841 0.155006
0.2698568 0.1244642
0.2974219 0.1139379
0.3258052 0.1057008
0.3546489 0.1004154
0.383597 0.09620622
0.4126213 0.09379646
0.4417475 0.09379646
0.4708737 0.09379646
0.5 0.09379646
0.5223798 0.09379646
0.551506 0.09379646
0.5806322 0.09379646
0.6095942 0.09725091
0.6384954 0.1019786
0.6670668 0.1090182
0.6953234 0.1182627
0.7237185 0.1267263
0.7523421 0.1335524
0.7808411 0.1407452
0.7915454 0.1665765
0.7915454 0.2046923
0.7915454 0.2428082
0.7915454 0.280924
0.7915454 0.3190398
0.7878834 0.3566296
0.781565 0.3938378
0.7790147 0.431766
0.7768443 0.4697757
0.7755136 0.5
0.7728417 0.5377696
0.7683109 0.5720046
0.7391846 0.5720046
0.7101253 0.5742833
0.681166 0.5782593
0.6523001 0.5832732
0.6237395 0.5907483
0.5951566 0.5980704
0.5665001 0.6048887
0.5378199 0.6115212
0.5090322 0.617317
0.4869912 0.6231128
0.4583387 0.6299355
0.4297269 0.6370674
0.4011151 0.6441994
0.3725032 0.6513313
0.343456 0.6524273
0.3143298 0.6524273
0.2852035 0.6524273
0.2560773 0.6524273
0.2318364 0.6419374
