0.3207848 0.5414012
0.3150926 0.5038328
0.3048559 0.4880908
0.3009975 0.4498931
0.2980608 0.4114736
0.2945755 0.3731862
0.2911522 0.3348807
0.2889581 0.2963964
0.2889581 0.2576717
0.2889581 0.2189471
0.2889581 0.1802224
0.2906662 0.1417133
0.2943403 0.1034668
0.3123758 0.09110761
0.3357215 0.08782548
0.359183 0.08738074
0.382612 0.08510673
0.4059839 0.08164474
0.4293426 0.07797909
0.452812 0.07797909
0.4762815 0.07797909
0.499751 0.07797909
0.5130656 0.07797909
0.5365351 0.07797909
0.5600047 0.07797909
0.5834742 0.07797909
0.6069436 0.07797909
0.6299587 0.08555019
0.6524301 0.09575295
0.6736781 0.1121297
0.6925616 0.132978
0.7083476 0.1559837
0.7220052 0.1843954
0.732153 0.2191114
0.7418648 0.254365
0.7517872 0.289445
0.7624645 0.3237607
0.7662544 0.3619735
0.7681387 0.400543
0.7653005 0.4385329
0.7499325 0.4675376
0.7372093 0.5
0.7211081 0.5087093
0.7071838 0.5390603
0.6868252 0.5479655
0.6633716 0.5493839
0.6399182 0.5508172
0.6165804 0.5546084
0.5932921 0.5594116
0.5700039 0.5642148
0.5466791 0.5685089
0.5233532 0.5727853
0.5 0.5766224
0.4867878 0.5802369
0.4634208 0.5838515
0.4399575 0.5840688
0.416488 0.5840688
0.3930185 0.5840688
0.369549 0.5840688
0.3460795 0.5840688
0.32261 0.5840688
0.2997862 0.5775046
0.276458 0.5742224
0.2531531 0.5709404
