0.2026509 0.7372295
0.1976187 0.6964763
0.194362 0.6555032
0.1926698 0.614374
0.1925578 0.5732014
0.1925578 0.5320256
0.1925578 0.4941297
0.1925578 0.452954
0.1925578 0.4117782
0.1944455 0.3707475
0.1976043 0.3298144
0.1976043 0.2886387
0.2026509 0.2479896
0.2026509 0.2068138
0.2193372 0.1888927
0.2519112 0.2054455
0.2870729 0.2113056
0.3223367 0.2167476
0.3578553 0.2177473
0.3934312 0.2177473
0.4290071 0.2177473
0.464583 0.2177473
0.5 0.2157071
0.5317754 0.2083413
0.5667774 0.2009756
0.6019499 0.1948056
0.6371417 0.1887714
0.6713861 0.1776595
0.7058434 0.1675162
0.7406242 0.158893
0.7745488 0.1464936
0.8083649 0.1337073
0.8403375 0.1362215
0.8402508 0.1773878
0.8335941 0.2178363
0.8259579 0.2580354
0.8185793 0.2982603
0.8137725 0.3390585
0.805366 0.3789935
0.7957736 0.4186443
0.7907273 0.4593691
0.7851835 0.5
0.7771362 0.5368223
0.7727236 0.5776801
0.7689483 0.6186085
0.7671623 0.6597155
0.7671623 0.7008912
0.7487913 0.7266163
0.7148483 0.7389162
0.6801603 0.74796
0.6449491 0.7537532
0.609928 0.7609473
0.574779 0.7672371
0.5395367 0.7728632
0.5041775 0.7772838
0.471962 0.7808509
0.4364513 0.7833285
0.4008913 0.7839569
0.3653154 0.7839569
0.3297395 0.7839569
0.2941636 0.7839569
0.2585876 0.7839569
0.2240177 0.7782843
0.1900348 0.772275
