0.3306295 0.9256327
0.3306295 0.8962175
0.3306295 0.8668022
0.3306295 0.8373871
0.3306295 0.8079718
0.3314434 0.7785927
0.3331299 0.7492523
0.3347116 0.7199029
0.3358456 0.6905346
0.3358456 0.6611194
0.3375842 0.6317872
0.3396809 0.6024895
0.3410618 0.5731599
0.3410618 0.5437447
0.3461012 0.5150169
0.3462779 0.4961394
0.3477952 0.4670302
0.3630215 0.4716599
0.3842835 0.4839152
0.4047076 0.4986213
0.4262904 0.5
0.4487887 0.5089949
0.4717565 0.5160455
0.4949677 0.5218143
0.5144725 0.5257967
0.5380134 0.5288761
0.561627 0.5302334
0.5852979 0.5302334
0.6089275 0.5316714
0.6325265 0.5339282
0.6560526 0.5371765
0.6795184 0.5408767
0.7025421 0.5476328
0.7253835 0.5550073
0.74617 0.5681537
0.7570359 0.5890104
0.7540183 0.6179004
0.7424189 0.6430389
0.7314118 0.668768
0.7228422 0.6961811
0.7115073 0.7220045
0.7012825 0.7485093
0.6916688 0.7753893
0.6799742 0.8007697
0.6659761 0.8244903
0.6518911 0.8481308
0.6376885 0.871663
0.6234859 0.8951951
0.6109321 0.9200735
0.5902805 0.9288737
0.5666096 0.9288737
0.5430484 0.9272271
0.5196995 0.9223915
0.5 0.9205567
0.4764071 0.9182978
0.452919 0.9146494
0.429366 0.9118791
0.4057359 0.9101518
0.3820821 0.9094278
0.3584256 0.9090323
0.3348519 0.9063692
0.3116158 0.900813
0.2886041 0.893941
