0.2321795 0.6815704
0.2321795 0.6452397
0.2321795 0.608909
0.2332938 0.5726147
0.2347212 0.5363308
0.2347212 0.5
0.2347212 0.4797468
0.2347212 0.4434161
0.2366731 0.4071578
0.2372628 0.370849
0.2394755 0.3346935
0.242346 0.2985902
0.242346 0.2622595
0.242346 0.2259287
0.242346 0.189598
0.242346 0.1532672
0.262976 0.1366157
0.2955326 0.1376128
0.3280624 0.1394492
0.3606508 0.1394492
0.3932394 0.1394492
0.4258198 0.1387642
0.4583971 0.1378084
0.4909743 0.1368527
0.5061666 0.133679
0.5385664 0.1297741
0.5709661 0.1258692
0.6034784 0.1234692
0.6360107 0.1213359
0.6685484 0.1193225
0.7011087 0.11781
0.7333668 0.113963
0.765015 0.1054473
0.7976035 0.1054473
0.8071288 0.1276565
0.8071288 0.1639872
0.8050497 0.2002353
0.7989258 0.2358548
0.7918564 0.2713204
0.7846885 0.3067614
0.7774662 0.3421887
0.7689179 0.3772429
0.7610537 0.4124815
0.7543401 0.4480329
0.7482727 0.4837277
0.7390801 0.5023975
0.7303298 0.5372943
0.7283382 0.5734051
0.7198394 0.6056749
0.6917567 0.6240404
0.6605706 0.6336812
0.6290952 0.6430219
0.5970429 0.6491717
0.5648365 0.6545669
0.5325885 0.6589025
0.5 0.6589025
0.4846629 0.6589025
0.4520744 0.6589025
0.4194859 0.6589025
0.3868974 0.6589025
0.3543088 0.6589025
0.3221119 0.6575928
0.2916734 0.6504019
0.2601377 0.6475685
