0.276417 0.4293855
0.2948126 0.4479253
0.3130744 0.4665386
0.3335249 0.4789804
0.3592831 0.4833595
0.3851613 0.4869137
0.411041 0.490456
0.4369289 0.4939342
0.4628169 0.4974124
0.488761 0.5
0.5 0.5
0.5261073 0.5
0.5522145 0.5
0.5783218 0.5
0.6044289 0.5
0.6305362 0.5
0.6566435 0.5
0.6793946 0.4965429
0.6793946 0.4696506
0.6838908 0.4432167
0.6865062 0.4165428
0.6874724 0.3896688
0.6884387 0.3627948
0.6896555 0.3359359
0.6917375 0.3091291
0.6938194 0.2823223
0.6959362 0.2555187
0.6984114 0.2287475
0.7008867 0.2019762
0.7022456 0.1751502
0.7022456 0.1482579
0.7052518 0.1216217
0.7087743 0.09502959
0.7087743 0.06813717
0.6925938 0.05277446
0.6664866 0.05277446
0.6403793 0.05277446
0.6142721 0.05277446
0.5881648 0.05277446
0.562187 0.05465004
0.5363421 0.05845323
0.5104973 0.06225643
0.4995207 0.06605959
0.4735488 0.06878442
0.4475711 0.07146031
0.4215935 0.07413623
0.3957128 0.07742515
0.3702548 0.08338505
0.3447967 0.08934498
0.3191295 0.09387979
0.2930991 0.09594238
0.2829459 0.1148708
0.2837464 0.1417221
0.2865127 0.1684524
0.2923831 0.1946562
0.2960036 0.2211239
0.2960036 0.2480163
0.2960036 0.2749087
0.2960036 0.3018011
0.2953961 0.3286651
0.2930325 0.3554471
0.2927392 0.3823258
0.2927392 0.4092182
