0.2747219 0.4470498
0.2869546 0.4258998
0.2916194 0.4003351
0.2976381 0.3752003
0.3033479 0.3499593
0.3085634 0.3245529
0.3130293 0.2989824
0.315404 0.2729543
0.3177786 0.2469261
0.3205377 0.2209551
0.3233797 0.1949965
0.3267643 0.1691369
0.329794 0.1432539
0.329794 0.1170656
0.329794 0.09087721
0.329794 0.06468883
0.3403644 0.05362594
0.3599385 0.06404305
0.3782831 0.07768473
0.3975165 0.08939651
0.4167499 0.1011083
0.4370398 0.1094521
0.4577857 0.1163427
0.4785315 0.1232333
0.499638 0.1279349
0.5166726 0.1313221
0.5379955 0.1347093
0.5592626 0.138554
0.5804736 0.1428593
0.6016845 0.1471647
0.6229383 0.1510715
0.644345 0.1535544
0.6657517 0.1560373
0.6871946 0.1575886
0.7086363 0.1579079
0.7168077 0.1786653
0.7168077 0.2048537
0.7168077 0.2310421
0.7152879 0.2571152
0.7126207 0.2831013
0.7089437 0.3088577
0.7037283 0.3342642
0.6981858 0.3595514
0.6910821 0.3842695
0.6839784 0.4089876
0.676971 0.4337458
0.670023 0.4585097
0.6593542 0.4812475
0.6502571 0.5
0.6287535 0.5
0.6072704 0.4989104
0.585789 0.4977213
0.5643076 0.4965321
0.5428701 0.4944907
0.521435 0.4924023
0.5 0.4903139
0.4831177 0.4861182
0.4621488 0.4803143
0.4411801 0.4745104
0.4200683 0.4696111
0.3988279 0.4655267
0.3775875 0.4614423
0.3582202 0.4502393
