0.2788471 0.6520731
0.2664844 0.6182428
0.2576025 0.5831814
0.2507192 0.546951
0.2438658 0.5107524
0.2398599 0.4881237
0.2353009 0.4510977
0.2309612 0.4140321
0.2275897 0.376792
0.2253547 0.3394159
0.224494 0.3019562
0.224494 0.2644593
0.224494 0.2269624
0.224494 0.1894654
0.2296858 0.1533533
0.2414526 0.1196905
0.2692418 0.1138193
0.2975324 0.1067681
0.3259482 0.100731
0.3547435 0.09832215
0.3835742 0.09676114
0.4124042 0.09518254
0.4412301 0.09347987
0.4700656 0.09232324
0.4989212 0.09232324
0.5185121 0.09232324
0.5473678 0.09232324
0.5762234 0.09232324
0.6050791 0.09232324
0.6339273 0.09242606
0.6622733 0.09944218
0.6906871 0.1059146
0.7192844 0.1109134
0.7473934 0.1187173
0.7728127 0.1353154
0.7800291 0.1670328
0.7823926 0.2038993
0.7871186 0.2401357
0.7886919 0.2775597
0.7894818 0.31502
0.7894818 0.3525169
0.7894818 0.3900139
0.7846217 0.4268644
0.7787753 0.4635836
0.7719969 0.5
0.7638548 0.5214707
0.7511654 0.555119
0.7370907 0.5878046
0.7208339 0.6152228
0.6921462 0.6121519
0.663317 0.6111894
0.6345192 0.609081
0.6056635 0.609081
0.5768079 0.609081
0.5479522 0.609081
0.5190965 0.609081
0.5 0.6158234
0.4716636 0.6229047
0.4430324 0.6273599
0.4143774 0.6315899
0.3860821 0.6389437
0.3575802 0.6444472
0.328972 0.6490023
0.3001163 0.6490023
