0.2815998 0.4523551
0.3056482 0.4565212
0.3299937 0.4585511
0.3543761 0.4600313
0.3787204 0.4620637
0.4030304 0.4645936
0.4273154 0.467372
0.4515468 0.4706818
0.4757782 0.4739917
0.5 0.4773843
0.5086112 0.4807992
0.5328304 0.4842141
0.5570138 0.4879096
0.5811636 0.491868
0.6053079 0.4958661
0.6294286 0.5
0.6473123 0.4984807
0.6502479 0.4719978
0.6540591 0.4458129
0.6621804 0.4206803
0.6642959 0.3940956
0.6664113 0.3675109
0.6686507 0.3409386
0.6709659 0.3143738
0.6746587 0.2880586
0.6803149 0.2620992
0.6860119 0.2361508
0.6919346 0.2102625
0.6987993 0.1846838
0.7069268 0.1595201
0.7122977 0.1336454
0.7157711 0.1072539
0.7157711 0.08056891
0.6998861 0.06780672
0.6756818 0.06429297
0.6513281 0.06234527
0.6270738 0.05941924
0.602924 0.05546078
0.578674 0.05275875
0.5542616 0.05209181
0.5298493 0.05142489
0.505437 0.05075794
0.4966311 0.05022073
0.4722111 0.05022073
0.4477911 0.05022073
0.4233756 0.05042318
0.3989832 0.05169249
0.3745909 0.05296174
0.350172 0.05301335
0.325752 0.05301335
0.3134098 0.06756467
0.3122666 0.09409586
0.3069414 0.1201182
0.3027074 0.1463714
0.299408 0.1728117
0.2965946 0.1993029
0.29524 0.2259468
0.2937874 0.2525842
0.292163 0.2792101
0.2918221 0.3058828
0.2918221 0.3325677
0.2923563 0.359158
0.3000786 0.3844737
