0.2730181 0.4348034
0.2891473 0.4547702
0.3136189 0.4642275
0.3381805 0.4734035
0.3636534 0.479732
0.3891264 0.4860604
0.4149064 0.4907329
0.4409763 0.4938417
0.4670462 0.4969506
0.4932723 0.4979892
0.515102 0.4987795
0.5413469 0.4995698
0.5675973 0.5
0.5938542 0.5
0.6201111 0.5
0.646368 0.5
0.6726249 0.5
0.6950452 0.4961872
0.7022173 0.4725126
0.7087132 0.4487714
0.7106973 0.4227542
0.7124751 0.3967218
0.7141129 0.3706798
0.711545 0.3447265
0.7087963 0.318777
0.7056794 0.2928687
0.7025509 0.2669617
0.7001859 0.2409957
0.6992488 0.2149195
0.6983116 0.1888432
0.6956912 0.1629526
0.6908523 0.1373066
0.689578 0.1113315
0.689578 0.08523861
0.6770389 0.06699485
0.6575412 0.05448997
0.6312842 0.05448997
0.6050273 0.05448997
0.5787703 0.05448997
0.5525134 0.05448997
0.5262565 0.05448997
0.5 0.05451801
0.4781696 0.05528513
0.451924 0.05605224
0.4256784 0.05681938
0.3994987 0.05855942
0.373386 0.06129095
0.3474026 0.06493527
0.3215452 0.06946984
0.2958149 0.07463336
0.2913161 0.09545836
0.2980708 0.1205186
0.2999416 0.1465451
0.3003541 0.1726234
0.3003541 0.1987163
0.3014337 0.2247848
0.302626 0.2508508
0.3058442 0.2766968
0.3103431 0.3024038
0.3143031 0.3281729
0.315845 0.3542207
0.3182756 0.3801797
0.3219889 0.4060103
0.3222229 0.4320866
