0.3097338 0.4364682
0.3353629 0.4422387
0.3616538 0.4464655
0.3881105 0.4500732
0.4145906 0.4535204
0.4410741 0.4569392
0.4676989 0.4591492
0.4943238 0.4613591
0.5003324 0.4644939
0.5268514 0.4676581
0.553423 0.4703813
0.5800065 0.4730063
0.6066217 0.4750411
0.633347 0.4750411
0.6576617 0.4751347
0.6586882 0.4497212
0.6600388 0.4243383
0.6660429 0.3996896
0.6710709 0.3747571
0.6738209 0.349382
0.6765709 0.3240069
0.6830745 0.2992741
0.6897302 0.2745674
0.6963859 0.2498607
0.7008938 0.2247452
0.7046733 0.199491
0.708165 0.1742043
0.7106988 0.1488086
0.7137754 0.1234775
0.7174981 0.09822512
0.7194648 0.07279265
0.7158431 0.05073926
0.6892787 0.05320647
0.6627598 0.05637068
0.636644 0.06155252
0.6107665 0.06792706
0.5848891 0.07430154
0.5586207 0.07889903
0.5322426 0.08299795
0.5058646 0.08709687
0.5 0.09119579
0.4735397 0.09477514
0.4470708 0.09830058
0.420602 0.101826
0.3941295 0.1053248
0.3675804 0.1082489
0.3410313 0.111173
0.3146473 0.1151785
0.2907175 0.1211596
0.292156 0.1465726
0.3027757 0.1695936
0.3077763 0.1946535
0.3121109 0.2197735
0.3121109 0.245284
0.3121109 0.2707945
0.3121109 0.296305
0.3121109 0.3218155
0.3121109 0.347326
0.3121109 0.3728365
0.3120054 0.3983451
0.3110162 0.4238382
0.3100271 0.4493312
0.3068749 0.4746278
0.3049797 0.5
