0.23725 0.6825742
0.2320907 0.6469323
0.2262655 0.6114122
0.2199168 0.5759879
0.2139079 0.5405034
0.2091095 0.5048046
0.204311 0.4784765
0.1994475 0.4427881
0.1941165 0.4071748
0.1887856 0.3715615
0.1834547 0.3359481
0.1781238 0.3003348
0.1734589 0.2646379
0.1708566 0.228683
0.1682543 0.192728
0.1666641 0.1567317
0.1729247 0.1273243
0.2068094 0.1291543
0.2406926 0.1310496
0.2746171 0.1312727
0.3085471 0.1312727
0.3424772 0.1312727
0.3764072 0.1312727
0.4103373 0.1312727
0.4442673 0.1312727
0.4781974 0.1312727
0.5 0.1312727
0.5339301 0.1312727
0.5678601 0.1312727
0.6017901 0.1312727
0.6357202 0.1312727
0.6696503 0.1312727
0.7035803 0.1312727
0.7375103 0.1312727
0.7638049 0.1393878
0.7638049 0.175449
0.7638049 0.2115102
0.7638049 0.2475714
0.7638049 0.2836327
0.7638049 0.3196939
0.7638049 0.3557551
0.7638049 0.3918163
0.7638049 0.4278775
0.7638049 0.4639388
0.7638049 0.5
0.7638049 0.5266905
0.7638049 0.5627518
0.7638049 0.598813
0.764606 0.6348428
0.7671125 0.6708055
0.769619 0.7067682
0.7697729 0.7331898
0.7413526 0.7198263
0.7076405 0.7165484
0.6737627 0.7145481
0.6400102 0.7109489
0.6062877 0.7069666
0.5725651 0.7029843
0.5388426 0.699002
0.5050132 0.6962819
0.483291 0.6938007
0.4494414 0.6913197
0.4157632 0.6871156
