0.2640662 0.7009382
0.2528921 0.6623011
0.2463506 0.6216435
0.2395347 0.5810691
0.2305239 0.5411222
0.2263404 0.5
0.2219849 0.4847642
0.2167341 0.4438121
0.21509 0.402405
0.2132711 0.3610068
0.2098618 0.3198096
0.204569 0.2788659
0.2000771 0.2378181
0.1976784 0.1964641
0.1963612 0.1550625
0.2021418 0.1237308
0.2353308 0.1299893
0.2687922 0.1345677
0.3023378 0.1380801
0.3358598 0.1418916
0.3693213 0.14647
0.4027828 0.1510484
0.4362442 0.1556268
0.4698462 0.1570807
0.5 0.1570807
0.5336674 0.1570807
0.5673307 0.1575186
0.6009894 0.1584606
0.6346481 0.1594026
0.6683112 0.1598598
0.7019786 0.1598598
0.735646 0.1598598
0.7693134 0.1598598
0.8029808 0.1598598
0.8292742 0.1658861
0.8292742 0.2073455
0.8287911 0.2487837
0.8245423 0.2897262
0.8151189 0.329527
0.8066696 0.3696595
0.7981963 0.4097843
0.7896281 0.4498787
0.7806678 0.4898424
0.7724805 0.50418
0.7638604 0.544238
0.7581722 0.5850028
0.7547987 0.6261445
0.7547987 0.667604
0.7447529 0.7021924
0.7185557 0.7148339
0.6848884 0.7148339
0.651221 0.7148339
0.6175536 0.7148339
0.5838862 0.7148339
0.5502188 0.7148339
0.5165514 0.7148339
0.4863977 0.7148339
0.4527303 0.7148339
0.4190775 0.7154097
0.385466 0.7176131
0.3518393 0.7189189
0.3186009 0.7243327
0.2863466 0.7322479
0.2527823 0.734288
