0.2260354 0.5860916
0.2311801 0.5474212
0.237141 0.5090241
0.2416103 0.5
0.2466884 0.4612491
0.2511101 0.4223079
0.2568018 0.3837614
0.2613856 0.3448645
0.2678702 0.3066149
0.2753667 0.2688172
0.2791944 0.2297809
0.2876306 0.1930483
0.3019037 0.1711784
0.3246163 0.1543807
0.3474655 0.1374062
0.3725263 0.1336717
0.3979465 0.132634
0.4230271 0.1256559
0.4482761 0.1208523
0.4736264 0.117168
0.4988678 0.1117637
0.5217029 0.1054376
0.5468128 0.09871745
0.572181 0.09507936
0.5975628 0.09160301
0.622892 0.08730665
0.6482165 0.08293888
0.6736604 0.08191413
0.6991408 0.08191413
0.7246212 0.08191413
0.7501016 0.08191413
0.7742338 0.09246206
0.7706681 0.1188294
0.7556986 0.1508265
0.7439041 0.1856336
0.7367315 0.2235295
0.7313825 0.2621939
0.727212 0.3011682
0.7232086 0.3401463
0.717147 0.3785595
0.7118978 0.4172629
0.704363 0.4550408
0.6986321 0.4935495
0.6907828 0.5012774
0.6808484 0.5374864
0.6682293 0.5677254
0.6509227 0.5961363
0.6272132 0.6025599
0.6017329 0.6025599
0.5762684 0.6017672
0.5508311 0.599481
0.5253924 0.5972746
0.5 0.59399
0.4768563 0.5931495
0.4513759 0.5931495
0.4258955 0.5931495
0.4004151 0.5931495
0.3749698 0.5947288
0.3495497 0.59745
0.3240783 0.5978547
0.2986009 0.5978027
0.2735602 0.5904942
0.2490789 0.5797418
