0.3418186 0.6835362
0.3399431 0.6480857
0.3363628 0.6127468
0.3327825 0.5774078
0.3296602 0.5420183
0.327202 0.5065553
0.3247437 0.4754697
0.3222854 0.4400066
0.3198271 0.4045436
0.315915 0.3692561
0.3117869 0.3339948
0.3076588 0.2987335
0.3035306 0.2634721
0.2994024 0.2282108
0.2951394 0.1929707
0.2907221 0.1577549
0.3104964 0.1458724
0.3416582 0.1441968
0.3727383 0.1406571
0.4038185 0.1371174
0.4348986 0.1335777
0.4661081 0.1324195
0.4973344 0.1315728
0.5158924 0.130726
0.5471187 0.1298792
0.5783451 0.1290325
0.6095448 0.1273647
0.640741 0.1255882
0.6719372 0.1238118
0.7031333 0.1220353
0.7343341 0.1204642
0.7655692 0.1204642
0.7716247 0.1491411
0.7705579 0.1846807
0.7688253 0.2201993
0.7672957 0.2557292
0.7659954 0.2912717
0.764695 0.3268143
0.7628767 0.3623242
0.7607278 0.3978133
0.7585787 0.4333024
0.7567517 0.4688041
0.7567517 0.5
0.7523008 0.533949
0.7320483 0.5601589
0.7044077 0.5767271
0.6767671 0.5932953
0.6478439 0.6064682
0.6182751 0.6179322
0.5887063 0.6293962
0.5591376 0.6408602
0.5295688 0.6523242
0.5 0.6637882
0.4823281 0.6720249
0.4517374 0.679214
0.4211467 0.686403
0.390556 0.6935921
0.3599653 0.7007812
0.3293746 0.7079703
0.2987839 0.7151594
0.2681327 0.7217817
0.2369207 0.7231488
0.2057085 0.724516
0.1744964 0.7258832
