0.5670336 0.06804159
0.5447999 0.06383604
0.5225334 0.05992597
0.5 0.05841649
0.4865684 0.05744138
0.463991 0.05744138
0.4414138 0.05744138
0.4188611 0.05791795
0.3964385 0.06073031
0.3739945 0.06274152
0.3538388 0.07052812
0.3486906 0.08931866
0.3454709 0.1131521
0.3421679 0.1369988
0.3353692 0.1600751
0.3286894 0.1831842
0.3242616 0.2069139
0.3198338 0.2306436
0.315406 0.2543733
0.3109783 0.2781029
0.3071305 0.3019425
0.3036975 0.3258607
0.3002644 0.349779
0.2992427 0.3738948
0.2992427 0.3980944
0.2992427 0.422294
0.2992427 0.4464936
0.2992427 0.4706932
0.3017111 0.4946739
0.3193231 0.5
0.3419003 0.5
0.3644572 0.4994751
0.3869566 0.4974654
0.4094753 0.4957249
0.4319345 0.4933739
0.4543048 0.4901042
0.4766751 0.4868345
0.4991643 0.4847077
0.5125395 0.4826113
0.5350698 0.4814496
0.557647 0.4814496
0.5802243 0.4814496
0.6028016 0.4814496
0.6253788 0.4814496
0.6479561 0.4814496
0.6699498 0.4787996
0.6807638 0.4646387
0.6876496 0.4418963
0.6944638 0.4188459
0.6990978 0.3951922
0.7031094 0.3713864
0.7047179 0.3472483
0.7076573 0.3232943
0.711818 0.2995091
0.7160259 0.2757336
0.7202504 0.2519614
0.7236459 0.2280625
0.7257864 0.2039719
0.7277393 0.1798717
0.7277393 0.1556721
0.7295443 0.1315603
0.7302117 0.1073931
0.7302117 0.08319351
0.732684 0.06009161
