0.3155192 0.5499496
0.3046656 0.5215628
0.2930164 0.5
0.2794712 0.4731008
0.2679636 0.4456718
0.2637775 0.4152596
0.2606666 0.3847179
0.258656 0.3540435
0.2566455 0.3233693
0.2535923 0.2927986
0.2514014 0.2621784
0.2514014 0.231426
0.2514014 0.2006735
0.2514014 0.1699211
0.2514014 0.1391686
0.2514014 0.1084162
0.2542604 0.07814065
0.2790097 0.0793162
0.3053427 0.09026814
0.3329181 0.09680086
0.3604935 0.1033336
0.3883 0.1085677
0.416117 0.1137432
0.4439339 0.1189188
0.4718157 0.1234514
0.5 0.1249871
0.5194093 0.1265228
0.5475935 0.1280585
0.5757089 0.130544
0.6037649 0.1338493
0.6318209 0.1371546
0.6599021 0.1399496
0.6881216 0.1399496
0.716341 0.1399496
0.744517 0.1414678
0.7663089 0.1516534
0.7683928 0.1814652
0.7660685 0.2120495
0.7612898 0.2422893
0.7533273 0.2717922
0.7454985 0.3013374
0.7377461 0.3309066
0.7320247 0.3609748
0.7273855 0.3913088
0.7219936 0.42148
0.7156482 0.4514449
0.7093793 0.4814217
0.707814 0.5056832
0.7068396 0.5364062
0.7068396 0.5671586
0.6988422 0.5902627
0.6707692 0.5918735
0.6425497 0.5918735
0.6143302 0.5918735
0.5861108 0.5918735
0.5578913 0.5918735
0.5296718 0.5918735
0.5014524 0.5918735
0.4820853 0.5935658
0.4540059 0.5966257
0.4258248 0.5974634
0.3976053 0.5974634
0.3693858 0.5974634
0.3411664 0.5974634
