0.2038917 0.7345204
0.1908495 0.6989129
0.1875218 0.6608136
0.1858697 0.6222847
0.1842175 0.5837556
0.1829467 0.545216
0.1829467 0.5066411
0.1829467 0.4927065
0.1829467 0.4541317
0.1829467 0.4155569
0.1829467 0.376982
0.1829467 0.3384072
0.1829467 0.2998324
0.1812019 0.2613675
0.1799546 0.2228712
0.2064659 0.2120462
0.240031 0.2067208
0.2735083 0.2005785
0.3069856 0.1944361
0.3404629 0.1882937
0.3739402 0.1821513
0.407404 0.1759174
0.4408064 0.1692679
0.4742087 0.1626183
0.5 0.1559688
0.5334023 0.1493192
0.5668047 0.1426697
0.6002071 0.1360202
0.6336149 0.1294188
0.6674027 0.1261476
0.7011906 0.1228765
0.7349784 0.1196053
0.7687663 0.1163342
0.8026581 0.1158504
0.8156538 0.1396417
0.8140495 0.178103
0.8098435 0.2163799
0.8077607 0.2548786
0.8057694 0.2933869
0.8037782 0.3318952
0.8024887 0.3704417
0.8012336 0.4089901
0.7999786 0.4475385
0.7987235 0.4860869
0.797701 0.5
0.797701 0.5385748
0.797701 0.5771497
0.7947088 0.615536
0.7708599 0.6385733
0.7395041 0.6532606
0.7069379 0.6630418
0.6734429 0.669058
0.6399479 0.6750743
0.6064095 0.6807048
0.5726613 0.6844686
0.5389132 0.6882324
0.505165 0.6919962
0.4790279 0.69576
0.4451747 0.6970791
0.4112647 0.6970791
0.3773547 0.6970791
0.3434448 0.6970791
0.3095666 0.6957029
0.2757035 0.6936754
