0.1916787 0.8038439
0.1916787 0.7604377
0.1916787 0.7170314
0.1916787 0.6736251
0.1916787 0.6302188
0.1916787 0.5868126
0.1916787 0.5434062
0.1916787 0.5
0.1916787 0.4688351
0.1916787 0.4254289
0.1915299 0.382025
0.1902249 0.3386399
0.1889198 0.2952548
0.1836822 0.2522387
0.1785151 0.2091913
0.1766036 0.1658613
0.1770285 0.1491863
0.2108735 0.1743072
0.2503543 0.1883389
0.291225 0.1951861
0.332897 0.1983297
0.3746545 0.199037
0.4164364 0.199037
0.4582182 0.199037
0.5 0.199037
0.528536 0.1936279
0.5694442 0.1855735
0.6111146 0.1824371
0.6527248 0.1785073
0.6928236 0.1675465
0.7338446 0.1602744
0.7750918 0.1536788
0.8157467 0.1443256
0.8490392 0.1535364
0.8514196 0.196767
0.8514196 0.2401732
0.8514196 0.2835795
0.8514196 0.3269857
0.8514196 0.370392
0.8442653 0.4130901
0.8363749 0.4557154
0.8342661 0.4990647
0.8307866 0.5300589
0.8267003 0.5732462
0.8242387 0.616577
0.8212696 0.6598733
0.8212696 0.7032796
0.8212696 0.7466858
0.8073717 0.7756539
0.7657568 0.7787861
0.723975 0.7787861
0.6821932 0.7787861
0.6405969 0.7820748
0.5991164 0.7872754
0.5575767 0.791315
0.5157948 0.791315
0.4866178 0.791315
0.444836 0.791315
0.403282 0.7937058
0.3618522 0.7987993
0.3211415 0.8069761
0.279849 0.8101084
0.2380672 0.8101084
0.2007239 0.819505
