0.2580611 0.764675
0.2580611 0.7267013
0.2554339 0.6888816
0.2508969 0.6511742
0.2463598 0.6134667
0.2418227 0.5757592
0.2387854 0.5379264
0.2368687 0.5
0.2349521 0.4660202
0.2330355 0.4280938
0.2299061 0.3902519
0.2264313 0.3524341
0.2229564 0.3146163
0.2201726 0.2767461
0.2180676 0.2388373
0.2355735 0.2176557
0.2732086 0.2102084
0.3108436 0.2027612
0.3486423 0.196207
0.3865241 0.1901055
0.4244058 0.184004
0.4622875 0.1779026
0.5 0.1709008
0.5358475 0.1631214
0.5734138 0.1553419
0.6109802 0.1475625
0.6488199 0.1417527
0.6871152 0.1392267
0.7254106 0.1367007
0.7636271 0.1377139
0.7783895 0.164415
0.7798932 0.2023269
0.7798932 0.2403007
0.7798932 0.2782744
0.7798932 0.3162482
0.7798932 0.354222
0.7798932 0.3921957
0.7802141 0.4301647
0.7813766 0.468121
0.7825391 0.5021308
0.7850286 0.539891
0.795127 0.5765268
0.8052256 0.6131625
0.8257084 0.6452532
0.8313922 0.6807545
0.7956522 0.6935281
0.7592413 0.7055364
0.7219583 0.7144654
0.6845429 0.7229269
0.6471274 0.7313883
0.6095562 0.7391017
0.5718073 0.7459617
0.5340584 0.7528217
0.4980284 0.7596818
0.4602794 0.7665418
0.422435 0.7728577
0.3845584 0.77899
0.3466818 0.7851223
0.3088052 0.7912546
0.2709285 0.797387
0.2328945 0.8023074
0.1946816 0.8058519
0.1564688 0.8093964
