0.349116 0.4418038
0.3683582 0.4560493
0.3905186 0.4635009
0.4130927 0.4692774
0.4358777 0.4738753
0.4587299 0.4780986
0.4816878 0.4814101
0.5 0.483736
0.5229428 0.4870839
0.545701 0.4918907
0.5686106 0.4953446
0.591738 0.4968531
0.6148689 0.4982935
0.6379755 0.5
0.6502377 0.4899881
0.6502377 0.4642986
0.6528512 0.4388489
0.6566598 0.413509
0.6614108 0.388366
0.6661835 0.3632275
0.6709563 0.338089
0.6757711 0.3129605
0.6806671 0.2878512
0.6855631 0.2627419
0.6904591 0.2376326
0.6940652 0.2122669
0.6973416 0.1868356
0.7004743 0.1613849
0.7027795 0.1358228
0.7050295 0.110255
0.7066414 0.08464658
0.7020701 0.06387496
0.6797557 0.06076699
0.6567471 0.05776536
0.6336246 0.05691621
0.6104573 0.05691621
0.5872899 0.05691621
0.5641226 0.05691621
0.5409552 0.05691621
0.5177879 0.05691621
0.4993806 0.05691621
0.4762132 0.05691621
0.4530548 0.05714384
0.4299745 0.0593693
0.4068942 0.06159475
0.383814 0.06382021
0.3607337 0.0660457
0.3376284 0.06791458
0.3145159 0.06968206
0.291405 0.07147026
0.2683176 0.07360366
0.2702621 0.09205019
0.2782629 0.1155968
0.2811369 0.1410749
0.2855981 0.1662488
0.2921351 0.1908944
0.2965479 0.2160303
0.2993671 0.241528
0.3014646 0.267112
0.3035613 0.2926961
0.3051023 0.3183287
0.3100781 0.3432124
0.3138626 0.3684236
0.3165753 0.3936927
