0.1690122 0.8449904
0.2063394 0.8270552
0.2469848 0.8161484
0.2891539 0.8091403
0.3313232 0.8021323
0.3734924 0.7951243
0.4156616 0.7881162
0.4578308 0.7811083
0.5 0.7741002
0.5413204 0.7686634
0.583987 0.7644891
0.6266536 0.7603147
0.6693202 0.7561404
0.7119868 0.751966
0.7546533 0.7477916
0.797156 0.7425678
0.8395684 0.7367647
0.8488861 0.7051734
0.8510574 0.6680132
0.8532287 0.630853
0.8554 0.5936928
0.8575712 0.5565326
0.8597425 0.5193724
0.8619138 0.4902353
0.8606272 0.4532917
0.852313 0.4167881
0.8439988 0.3802844
0.8356847 0.3437809
0.8273705 0.3072773
0.8190564 0.2707736
0.8107422 0.2342701
0.8024281 0.1977665
0.8023618 0.1605643
0.7615667 0.1587077
0.71904 0.1627591
0.6767612 0.1692517
0.6344821 0.1757443
0.5922032 0.1822369
0.5499242 0.1887296
0.5076452 0.1952221
0.466491 0.2017147
0.4241985 0.2081116
0.3813625 0.2106716
0.3385266 0.2132315
0.2956631 0.215098
0.2533832 0.2197286
0.2141074 0.2343277
0.1755324 0.2503419
0.1687327 0.2781546
0.1744828 0.3150272
0.1802329 0.3518997
0.1857351 0.3887963
0.1894547 0.4258642
0.1931744 0.4629321
0.1968941 0.5
0.2006138 0.5290449
0.2015493 0.5662175
0.2015493 0.6034253
0.2015493 0.640633
0.2015493 0.6778408
0.2002115 0.7149585
0.1935829 0.7517203
0.1869543 0.7884821
0.1771468 0.8238438
