0.3380198 0.4104158
0.3380198 0.3855616
0.3380198 0.3607073
0.3380198 0.3358531
0.3380198 0.3109989
0.3380198 0.2861446
0.3380198 0.2612904
0.3380198 0.2364362
0.3380198 0.2115819
0.3382804 0.186733
0.3391142 0.1618958
0.339948 0.1370586
0.3421306 0.1123314
0.3442659 0.08760768
0.3442659 0.06275347
0.3541767 0.07192615
0.3699691 0.08962485
0.3882621 0.10346
0.4089656 0.1131262
0.4306716 0.1197783
0.4525472 0.1256554
0.4746123 0.1306673
0.4966773 0.1356792
0.5006372 0.1404125
0.5228776 0.1443701
0.545118 0.1483277
0.5674309 0.1516429
0.5898715 0.1538275
0.6123122 0.156012
0.6347709 0.1577426
0.6572988 0.1577426
0.6798266 0.1577426
0.7023411 0.1582429
0.72483 0.1597023
0.742519 0.1706327
0.7383925 0.1944122
0.7277339 0.2162443
0.7142171 0.2361277
0.701528 0.2566032
0.6905875 0.2783297
0.679647 0.3000563
0.6686391 0.3217411
0.6575541 0.3433782
0.6464527 0.3650047
0.6347055 0.3862124
0.6230388 0.407471
0.6123583 0.4293544
0.6064051 0.4530645
0.5989066 0.4763381
0.5911897 0.4992736
0.5689346 0.5
0.5466411 0.4984069
0.5250351 0.4915203
0.5032203 0.4855014
0.5 0.4776418
0.4780651 0.4723522
0.4562344 0.4666756
0.4349705 0.4585537
0.4125545 0.4560806
0.390198 0.4531687
0.3681076 0.4482944
0.3459019 0.4443791
0.323424 0.4427258
0.3276097 0.424198
