0.360608 0.4088865
0.3571615 0.3817161
0.3542867 0.354447
0.3511021 0.3272271
0.3464142 0.3004166
0.3390849 0.2743455
0.3333638 0.2477379
0.3278336 0.2210543
0.3218616 0.1945008
0.316543 0.1677547
0.3140358 0.1406119
0.3140358 0.1131306
0.3168487 0.08688608
0.3336833 0.07005817
0.3534346 0.0582374
0.376612 0.0582374
0.3997895 0.0582374
0.4229669 0.0582374
0.4461195 0.05935955
0.4692649 0.06080395
0.4921414 0.06507316
0.5 0.06978184
0.5228728 0.07421499
0.5457807 0.07839373
0.5686886 0.08257246
0.5918048 0.08435324
0.6149502 0.08579767
0.6380922 0.08731925
0.6612394 0.08860859
0.6809516 0.09271729
0.6837003 0.1198409
0.6876425 0.1469025
0.6909202 0.1741076
0.6925946 0.2014479
0.6925946 0.2289292
0.6925946 0.2564106
0.6925946 0.2838919
0.6925946 0.3113732
0.691984 0.3388185
0.6896778 0.3661635
0.6876034 0.3935302
0.6862424 0.4209642
0.6833929 0.4481865
0.6809516 0.4754069
0.6672657 0.4893879
0.6441683 0.49167
0.6213014 0.4961421
0.5983933 0.5
0.5752158 0.5
0.5520384 0.5
0.5288609 0.5
0.5056835 0.5
0.4974822 0.5
0.4743069 0.4997914
0.451136 0.4991373
0.4279651 0.4984832
0.4047942 0.497829
0.3816233 0.4971749
0.3584524 0.4965208
0.3352816 0.4958666
0.3121107 0.4952125
0.2889398 0.4945584
0.2658082 0.4928746
