0.2515434 0.7611458
0.2555861 0.7236902
0.2628896 0.6873952
0.2681606 0.6502758
0.2734994 0.6131023
0.2764753 0.5754521
0.2792252 0.5377581
0.2806373 0.5
0.2818595 0.4707101
0.2841204 0.4329578
0.2903062 0.3961081
0.2946545 0.3587055
0.2990749 0.3215474
0.3086032 0.2865768
0.3345332 0.281665
0.3629198 0.281665
0.3913065 0.281665
0.4196931 0.281665
0.4480797 0.281665
0.4764664 0.281665
0.5 0.281665
0.5283327 0.2824488
0.5562447 0.2893454
0.5841821 0.2960271
0.6123382 0.3008435
0.6404944 0.3056598
0.6684868 0.3115879
0.695915 0.321347
0.7233431 0.3311061
0.750513 0.3420729
0.7775884 0.3534291
0.8042823 0.3663054
0.8065975 0.3958331
0.7942405 0.4298744
0.7825409 0.4643142
0.7719983 0.4994806
0.7614558 0.5261158
0.7495275 0.5604755
0.7373233 0.5946716
0.7250087 0.6287974
0.7127669 0.6629686
0.7010204 0.6974491
0.6880901 0.7310818
0.6730452 0.7632001
0.6577017 0.7950659
0.6466404 0.8297615
0.633402 0.8630266
0.6248916 0.893307
0.6005446 0.8741318
0.5750234 0.8579739
0.5480796 0.8461472
0.5205686 0.8371924
0.4972953 0.8320749
0.4690074 0.8293848
0.4406454 0.827808
0.4122854 0.8261678
0.3839231 0.8246047
0.3555533 0.8232995
0.3272185 0.821488
0.2991459 0.8158696
0.2713538 0.8083048
0.2438098 0.7991674
0.2166624 0.7881485
0.1912774 0.7777827
