0.2804471 0.7314408
0.2766634 0.6854452
0.2766634 0.6390048
0.2766634 0.5925645
0.2766634 0.5461241
0.2790208 0.5
0.2837312 0.4687113
0.2856514 0.4224019
0.2882329 0.3761622
0.2921723 0.3301954
0.2976452 0.2846117
0.3029217 0.2389672
0.3079791 0.1935766
0.3181191 0.1513482
0.3402736 0.1357493
0.3686075 0.1395967
0.3958476 0.1538681
0.4233727 0.1665426
0.4519161 0.1704901
0.4803711 0.1756124
0.5053986 0.1756124
0.5340503 0.1756124
0.5627022 0.1756124
0.591354 0.1756124
0.6200058 0.1756124
0.6486443 0.1742731
0.6772811 0.1727758
0.7059307 0.172546
0.7345825 0.172546
0.7632343 0.172546
0.79184 0.1733012
0.8008614 0.2072015
0.7973013 0.2531643
0.7869641 0.2963777
0.780002 0.3414251
0.7705368 0.3852583
0.7619084 0.4295278
0.7550467 0.4745571
0.7488307 0.5053242
0.7404839 0.5497393
0.7320949 0.5941332
0.7249686 0.6391028
0.7179011 0.684081
0.70742 0.7272452
0.6949185 0.767958
0.6664392 0.7682375
0.6378977 0.7642957
0.6095495 0.7579433
0.5813873 0.7494164
0.5529983 0.7431417
0.5246676 0.7362281
0.5 0.728891
0.4716178 0.7225415
0.4431194 0.7182403
0.4144947 0.716223
0.3858444 0.7161089
0.3571926 0.7161089
0.3285408 0.7161089
0.299889 0.7161089
0.2713794 0.7184351
0.2431681 0.726182
0.2146063 0.7298572
0.1861296 0.7345072
0.1574778 0.7345072
