0.3476634 0.4613454
0.3686655 0.4675229
0.3900732 0.4706925
0.4114709 0.4739785
0.4328569 0.4773982
0.4542457 0.4807831
0.4756968 0.4833818
0.4971478 0.4859804
0.5166489 0.489103
0.538074 0.491996
0.5595803 0.4935882
0.580972 0.4965597
0.6022978 0.5
0.6238372 0.5
0.6452057 0.4985963
0.6548923 0.4745961
0.6610054 0.4470741
0.6672986 0.4196239
0.6738274 0.3922733
0.6806387 0.3650435
0.6889334 0.3385651
0.69497 0.3112991
0.6976417 0.2828179
0.7007688 0.2544202
0.703964 0.226035
0.7067807 0.1975791
0.7095667 0.1691174
0.7104207 0.1404885
0.7104207 0.1117858
0.7083696 0.0832772
0.7004831 0.05659738
0.6884366 0.05695406
0.6680025 0.06603068
0.6477098 0.07565361
0.6268451 0.08195853
0.6054374 0.08512822
0.5843548 0.09084108
0.5633669 0.09729519
0.5423411 0.1035076
0.5211706 0.1087972
0.5 0.1140867
0.4807396 0.1193764
0.4595691 0.124666
0.4382484 0.1284743
0.4167572 0.1300203
0.3952436 0.1306449
0.3737929 0.1327813
0.3528745 0.130048
0.3321901 0.1235975
0.3110589 0.1182398
0.2898161 0.114017
0.2689283 0.1079855
0.2743689 0.1354354
0.2783998 0.1635427
0.2807785 0.1920699
0.2813602 0.2207298
0.2813602 0.2494325
0.2813602 0.2781353
0.2813651 0.3068379
0.2826299 0.3354912
0.2852365 0.3638835
0.2901699 0.3918232
0.2956067 0.4195927
0.3041517 0.4420181
