0.2527541 0.5531438
0.2527541 0.5265719
0.2527541 0.5
0.2527541 0.4900535
0.2527541 0.4634816
0.2527541 0.4369097
0.2527541 0.4103378
0.2527541 0.3837659
0.2527541 0.357194
0.2527541 0.3306221
0.2527541 0.3040502
0.2527541 0.2774783
0.2527541 0.2509064
0.2535624 0.2243506
0.2554059 0.1978154
0.2559012 0.1712534
0.2653427 0.1461496
0.2857991 0.1356117
0.3208433 0.1358501
0.3558609 0.1350903
0.3907051 0.1320446
0.4255492 0.1289988
0.4598157 0.1233909
0.4940188 0.117502
0.5072462 0.1099929
0.5408018 0.1022561
0.5744799 0.09483388
0.6082057 0.08753398
0.6414374 0.0790607
0.6747174 0.07080004
0.7089946 0.06540886
0.7349839 0.06857163
0.7408893 0.0944984
0.7432522 0.1210089
0.7453119 0.1475349
0.7453302 0.1741064
0.7453302 0.2006783
0.7453302 0.2272502
0.7453302 0.2538221
0.7453302 0.280394
0.7446332 0.3069504
0.7425735 0.3334764
0.7384261 0.3598508
0.7348984 0.3862717
0.7326796 0.4127896
0.7283291 0.4391563
0.7264473 0.4656395
0.7246444 0.4921589
0.7233002 0.5020663
0.7063565 0.5191778
0.6732599 0.5278718
0.639291 0.534484
0.6045899 0.5376816
0.5697063 0.5402341
0.5349862 0.5439199
0.5 0.545813
0.4854347 0.5478374
0.4504758 0.5499995
0.4156733 0.5532231
0.3811371 0.5577567
0.3464298 0.5602964
0.3118129 0.5617675
0.2791319 0.5588218
