0.2608596 0.5885987
0.2477742 0.5594341
0.239207 0.528874
0.2340083 0.5
0.2288096 0.4683997
0.224119 0.4367197
0.2196469 0.4050055
0.2151749 0.3732913
0.2107027 0.3415771
0.2068828 0.3097819
0.2036564 0.2779129
0.20043 0.2460439
0.1972035 0.2141749
0.1939771 0.1823059
0.1905135 0.1504626
0.2155485 0.1414035
0.2463304 0.134066
0.2773927 0.1284412
0.3088642 0.1253153
0.3403358 0.1221895
0.3718074 0.1190637
0.4032789 0.1159379
0.4347505 0.1128121
0.4662732 0.1105622
0.497889 0.1099085
0.5110394 0.1092548
0.5426553 0.1086012
0.5742711 0.1079475
0.605887 0.1072939
0.6373086 0.1096991
0.6685812 0.1144513
0.6996282 0.120157
0.7055149 0.1478947
0.7055149 0.1799309
0.7055149 0.2119671
0.7055149 0.2440033
0.7055149 0.2760395
0.7055149 0.3080757
0.7063017 0.3400796
0.7088573 0.3720109
0.7114129 0.4039424
0.7139685 0.4358737
0.7165241 0.4678051
0.7221484 0.4993176
0.7280267 0.5280692
0.7339051 0.5595469
0.7397835 0.5910248
0.7467422 0.6222534
0.7548902 0.6532079
0.7658067 0.6831931
0.7529796 0.6983263
0.7213572 0.6983263
0.6897347 0.6983263
0.6581122 0.6983263
0.6264898 0.6983263
0.5948673 0.6983263
0.5632449 0.6983263
0.5316225 0.6983263
0.5 0.6983263
0.486843 0.6983263
0.4552206 0.6983263
0.4241058 0.6926225
0.3929935 0.6868917
