0.253767 0.666068
0.2530901 0.6327307
0.2500434 0.5995103
0.2469966 0.5662899
0.2435923 0.5331072
0.2401382 0.5
0.2366843 0.4668226
0.2332303 0.4336452
0.2304755 0.4004001
0.2279627 0.3671316
0.22545 0.333863
0.2229373 0.3005945
0.2204246 0.267326
0.217977 0.2340533
0.2165812 0.2007141
0.2151853 0.1673749
0.2118448 0.1342471
0.2373512 0.1272443
0.2693374 0.1240299
0.3013236 0.1208155
0.3333098 0.1176011
0.3653027 0.1144604
0.3972963 0.1113261
0.4292898 0.1081918
0.4612834 0.1050576
0.4932769 0.1019233
0.5184977 0.09879595
0.5506095 0.09751341
0.5827214 0.09623083
0.6148333 0.09494832
0.6469451 0.09366578
0.679057 0.09238324
0.7111741 0.09138456
0.7433097 0.09138456
0.7647664 0.1024739
0.7624241 0.1356433
0.757141 0.16856
0.7532918 0.2016428
0.7514585 0.2349591
0.7496251 0.2682755
0.7477918 0.3015919
0.7469122 0.3349365
0.7469122 0.3683072
0.7469122 0.4016779
0.7469122 0.4350486
0.7533427 0.467502
0.7620075 0.4996368
0.7706722 0.5317014
0.7798251 0.5636892
0.7726074 0.5933186
0.7435653 0.6076042
0.7145231 0.6218898
0.6837627 0.6310628
0.6524677 0.6386456
0.6211727 0.6462284
0.5895964 0.6515504
0.5574732 0.652477
0.52535 0.6534035
0.5 0.6543301
0.4678726 0.6549437
0.435737 0.6549437
0.4036014 0.6549437
0.3715083 0.653795
0.3394673 0.6512356
