0.2294576 0.7273669
0.2273009 0.6877356
0.2266176 0.6479798
0.2251442 0.6082495
0.2251442 0.5684717
0.2209739 0.5291416
0.218674 0.5
0.2181811 0.4602338
0.2169343 0.4204854
0.2153196 0.3807581
0.2124813 0.3411564
0.2091947 0.3015992
0.2059389 0.2620577
0.203577 0.2225013
0.2015342 0.1876985
0.2339749 0.1876985
0.2664155 0.1876985
0.2988464 0.1882685
0.331259 0.1899245
0.3636925 0.190343
0.3961331 0.190343
0.4284771 0.1882042
0.4607193 0.1838115
0.4929515 0.1793216
0.5140829 0.1736962
0.5461975 0.1680707
0.5783024 0.1623648
0.6103797 0.1564279
0.642457 0.1504909
0.6745343 0.144554
0.7062347 0.1362573
0.7377697 0.1269238
0.7698221 0.1212679
0.8011392 0.1124222
0.8158852 0.1262047
0.8145574 0.1659485
0.8131028 0.205686
0.8113126 0.2453937
0.8065927 0.2847483
0.8018728 0.3241028
0.7968096 0.3633925
0.791644 0.4026628
0.7848366 0.4415298
0.7772658 0.4802092
0.7729801 0.5092432
0.7666458 0.5481339
0.7591282 0.5866699
0.7514596 0.6238927
0.7230875 0.6422426
0.6928579 0.6566697
0.6618893 0.6671254
0.6294891 0.6691118
0.5970932 0.6711985
0.5647783 0.6745905
0.5324406 0.6771213
0.5 0.6771213
0.4785425 0.6771213
0.4461184 0.6778926
0.4137245 0.6800238
0.3813446 0.6824103
0.3491029 0.6842309
0.3173765 0.6917178
0.2850165 0.6937285
0.2531817 0.6982772
