0.2446069 0.7732864
0.24513 0.7315016
0.2495827 0.6900878
0.2545964 0.648797
0.2599785 0.6076098
0.2619426 0.5658571
0.2655048 0.5243031
0.2685299 0.4882306
0.2710182 0.4465292
0.2766802 0.4055405
0.2820675 0.3644462
0.282914 0.3226935
0.2881044 0.2814515
0.2941728 0.2407348
0.3052281 0.2015642
0.3211728 0.1671773
0.3442569 0.152127
0.3753054 0.1458564
0.4066317 0.1416994
0.4372987 0.1325057
0.4685712 0.1283107
0.5 0.125823
0.5157415 0.1243503
0.5472271 0.1243503
0.5787128 0.1243503
0.6101495 0.1264327
0.6411768 0.1326109
0.6717393 0.1425962
0.7016092 0.1558254
0.7298126 0.1742608
0.7577035 0.1936721
0.7855945 0.2130835
0.8132706 0.2328832
0.8299807 0.2603934
0.8262783 0.3018517
0.8175892 0.3420491
0.8076326 0.3817365
0.7971674 0.4211921
0.7866883 0.4606414
0.7760364 0.5
0.7634163 0.5327733
0.7518597 0.5716735
0.7396094 0.610123
0.72522 0.6472747
0.7146302 0.6866717
0.6948969 0.7162283
0.6648418 0.7273135
0.6338015 0.7341577
0.6025749 0.7391343
0.5713147 0.7441055
0.5400721 0.7492943
0.508738 0.7533779
0.4931762 0.7580218
0.4621562 0.7651898
0.4309894 0.7705734
0.3995363 0.772473
0.3680801 0.7742822
0.3366218 0.7760238
0.3051459 0.7766427
0.2736602 0.7766427
0.2429475 0.7703139
0.2150286 0.7513632
0.1878482 0.7305449
