0.2117598 0.7792392
0.2064762 0.7376089
0.2038344 0.6947403
0.2038344 0.65174
0.2038344 0.6087398
0.2038344 0.5657396
0.2065989 0.5229551
0.2119366 0.4869257
0.2145408 0.4440207
0.2171161 0.4011139
0.2189783 0.3581623
0.2196853 0.3151805
0.2230996 0.2725289
0.2288292 0.2300448
0.232363 0.1878822
0.2498062 0.153252
0.2867332 0.1445472
0.325767 0.1466903
0.3646385 0.1518136
0.4032564 0.1587844
0.4419029 0.1651812
0.4810283 0.166716
0.5035436 0.16776
0.542694 0.16776
0.5818443 0.16776
0.6209947 0.16776
0.6601252 0.1665769
0.6992488 0.1649854
0.738397 0.1648584
0.7769084 0.15777
0.8157253 0.153252
0.842387 0.1686686
0.8309135 0.209462
0.8223419 0.2513827
0.8160712 0.2938253
0.8096733 0.3362384
0.8048173 0.3789066
0.7987238 0.4213664
0.7919732 0.4637098
0.788722 0.5
0.785096 0.5428129
0.7799783 0.5853597
0.7692229 0.6267054
0.761217 0.6687432
0.7543533 0.7110744
0.7457982 0.7530235
0.735593 0.7945119
0.727792 0.8365592
0.7045702 0.8486347
0.6714401 0.8258129
0.6359411 0.8081145
0.5987998 0.7945167
0.5604361 0.7860385
0.521999 0.7778676
0.5 0.7708161
0.461293 0.7645587
0.4221716 0.7629061
0.38304 0.7618295
0.3438896 0.7618295
0.3047392 0.7618295
0.2655888 0.7618295
0.2264384 0.7618295
0.187288 0.7618295
0.1483563 0.7647312
