0.2999306 0.3855986
0.2993219 0.3579134
0.2977844 0.3302654
0.2933311 0.3031057
0.2899852 0.2757643
0.2885434 0.2481088
0.2857692 0.2206095
0.2836371 0.1930698
0.2836371 0.1653603
0.2836371 0.1376509
0.2836371 0.1099415
0.2836371 0.082232
0.2884526 0.05624983
0.3104877 0.05076528
0.3336028 0.05076528
0.3567179 0.05076528
0.379833 0.05076528
0.4029399 0.05144277
0.426045 0.05225736
0.4491502 0.05307201
0.4722593 0.05355561
0.4953745 0.05355561
0.505136 0.05355561
0.5282511 0.05355561
0.5513662 0.05355561
0.5744813 0.05355561
0.5975965 0.05355561
0.6207116 0.05355561
0.6438267 0.05355561
0.6669419 0.05355561
0.690057 0.05355561
0.7010412 0.07212469
0.709626 0.09785229
0.7155322 0.1245344
0.7178272 0.1520304
0.7188313 0.1797137
0.7195181 0.2074052
0.7195181 0.2351147
0.7155056 0.2621181
0.7088635 0.288659
0.7014822 0.3149011
0.6933659 0.3408462
0.6852496 0.3667914
0.6750891 0.3916679
0.6647516 0.416452
0.6540899 0.4410329
0.6434728 0.4656137
0.6347176 0.4912495
0.6143357 0.5
0.591242 0.4993325
0.5681949 0.4972073
0.5451478 0.4950821
0.5224866 0.4900024
0.5 0.4835843
0.4910013 0.4765519
0.4687755 0.4689395
0.4464357 0.4618711
0.4238482 0.4559848
0.4012606 0.4500985
0.378358 0.4463881
0.355437 0.4428042
0.3325213 0.4391725
0.3097175 0.4349914
