0.2696387 0.7431839
0.2670898 0.708198
0.2579125 0.6741044
0.2522501 0.6393846
0.2472019 0.6045056
0.2420822 0.5696342
0.2372313 0.5347283
0.2311065 0.5
0.2250812 0.4751113
0.2206126 0.4401605
0.2167799 0.405148
0.2132903 0.3701066
0.2073647 0.3353472
0.2028308 0.3004267
0.1995817 0.2653575
0.1963326 0.2302883
0.1952175 0.1951321
0.1938076 0.1599719
0.1928919 0.1247972
0.2117228 0.1282514
0.2437383 0.1462258
0.2787046 0.1588375
0.3149206 0.167989
0.351381 0.1761865
0.3880703 0.1834909
0.4250856 0.1884525
0.4625428 0.1902401
0.5 0.1920277
0.5293524 0.1938153
0.5668391 0.1948508
0.604335 0.1956506
0.6418312 0.1964245
0.6793368 0.1964245
0.7168424 0.1964245
0.754348 0.1964245
0.7913555 0.191703
0.8134335 0.2052723
0.8240417 0.2389448
0.8266059 0.2740451
0.8304888 0.3090567
0.8303366 0.3442018
0.829087 0.3793838
0.8246844 0.414332
0.8187527 0.4490619
0.8111032 0.4835235
0.8037205 0.5081834
0.7954907 0.5425056
0.7860664 0.5765523
0.779694 0.6112421
0.7718121 0.6455984
0.7685283 0.6803476
0.7712654 0.7132236
0.73418 0.717676
0.697147 0.7227714
0.6599744 0.7257215
0.6225542 0.7279924
0.5851005 0.7298425
0.5476579 0.731881
0.5105469 0.736785
0.4815828 0.7421266
0.4443063 0.7453667
0.4068864 0.7468183
0.3695893 0.7497323
0.3347576 0.760646
