0.2739911 0.853506
0.2739911 0.8092696
0.2739911 0.7650332
0.2753993 0.7208593
0.2768042 0.6766743
0.2774514 0.6324601
0.2774514 0.5882238
0.2796069 0.5441172
0.2800766 0.5
0.2781882 0.4640212
0.2774514 0.4198207
0.2774514 0.3755843
0.2774514 0.3313479
0.277658 0.2871271
0.2853935 0.2484946
0.3132695 0.2609463
0.3410547 0.2750133
0.3697096 0.284456
0.3983449 0.2939238
0.4273821 0.3001798
0.4566045 0.3039255
0.4858842 0.3058984
0.5047539 0.3058984
0.5340858 0.3058984
0.5634177 0.3058984
0.5927497 0.3058984
0.6220816 0.3058984
0.6514136 0.3058984
0.6807289 0.3073503
0.7099766 0.3100145
0.7390137 0.3162704
0.7679471 0.3229973
0.7957927 0.3367128
0.8206317 0.3544682
0.8223618 0.3984886
0.8211983 0.4426624
0.8145394 0.4855314
0.8061807 0.5197678
0.7966762 0.5615689
0.7857826 0.6026413
0.7737421 0.6429719
0.760641 0.6824863
0.7455498 0.7204186
0.7294329 0.7573729
0.7147465 0.7955838
0.6990242 0.8305234
0.6726594 0.8496218
0.6449438 0.8639772
0.6170056 0.8773422
0.587945 0.8795986
0.5586352 0.8807392
0.5293319 0.8822079
0.5 0.8822079
0.481187 0.880408
0.4519684 0.876618
0.4226667 0.8746094
0.3941937 0.8644072
0.3651583 0.8595499
0.335891 0.8566329
0.3065713 0.8561152
0.2772437 0.8559204
0.2479651 0.853506
0.219076 0.8476409
0.1909449 0.8378504
