0.2658089 0.4542624
0.2866601 0.4665245
0.3101723 0.4701632
0.3338248 0.4734229
0.3574379 0.4769937
0.3810708 0.480374
0.4048533 0.4823105
0.428636 0.4842471
0.4524215 0.486142
0.4762107 0.4879846
0.5 0.4898272
0.5059599 0.4916697
0.5297366 0.4936654
0.553471 0.4961778
0.5772185 0.4985173
0.6010301 0.5
0.6248592 0.5002043
0.6376535 0.4826162
0.6415797 0.4577942
0.6457974 0.4329441
0.6502583 0.4081404
0.6547629 0.3833454
0.6592632 0.3585495
0.6637263 0.3337461
0.6681895 0.3089426
0.6715569 0.2839489
0.6748161 0.2589363
0.6780753 0.2339238
0.6818243 0.2089888
0.6856225 0.1840616
0.6894206 0.1591344
0.6905994 0.133985
0.6905994 0.1087357
0.6905994 0.08348632
0.6905994 0.05823699
0.6670465 0.06055892
0.643635 0.06518257
0.6199914 0.06851959
0.5969164 0.07490501
0.573849 0.08133078
0.5501705 0.08432135
0.5264748 0.08721554
0.5027784 0.09010187
0.4969092 0.09296879
0.4732106 0.09583575
0.449512 0.09870279
0.4257817 0.101249
0.4020362 0.1036429
0.3783107 0.10624
0.3569635 0.1151577
0.3331107 0.1151577
0.3342805 0.1387382
0.3343722 0.1639854
0.3354083 0.189211
0.3364444 0.2144365
0.336726 0.2396794
0.336726 0.2649287
0.336726 0.2901781
0.336726 0.3154274
0.3358107 0.3406513
0.3345571 0.3658658
0.3322275 0.390987
0.3295933 0.416082
0.3293897 0.4413194
