0.1901685 0.7936498
0.1815957 0.7524723
0.1726941 0.7113606
0.1684356 0.6693565
0.1684356 0.6270018
0.1684356 0.5846471
0.1684356 0.5422924
0.1696686 0.5
0.1720577 0.4599607
0.1730124 0.4176439
0.1757499 0.3754001
0.181139 0.3334946
0.1874909 0.2917843
0.1910072 0.2496116
0.1957581 0.2076287
0.2010349 0.1659535
0.2355244 0.1611525
0.2734025 0.1580411
0.3113639 0.1568774
0.349246 0.1534882
0.3871666 0.1506709
0.4247164 0.1444442
0.4621838 0.1374143
0.5 0.1331999
0.5294442 0.1297841
0.567449 0.1297841
0.6054538 0.1297841
0.6433682 0.1271632
0.6813242 0.1257474
0.719329 0.1257474
0.7573338 0.1257474
0.7952957 0.1261352
0.830125 0.1328737
0.830125 0.1752285
0.830125 0.2175831
0.8291665 0.2599045
0.8267958 0.3021768
0.8228246 0.3442943
0.8189732 0.3864209
0.8170754 0.4287228
0.8156365 0.4710374
0.8156298 0.5111973
0.8132591 0.5534695
0.8099055 0.5956431
0.8054649 0.6377077
0.80477 0.680017
0.7939036 0.7158906
0.7858323 0.7565082
0.7683917 0.7855763
0.731158 0.7806988
0.6949533 0.7688055
0.6570327 0.7659882
0.6190457 0.7653927
0.5810708 0.7642627
0.5431316 0.7617755
0.5051379 0.7613559
0.4755408 0.7613559
0.437536 0.7613559
0.3995312 0.7613559
0.3615265 0.7613559
0.3235217 0.7613559
0.2855169 0.7613559
0.247671 0.7581602
0.2119014 0.7492458
