0.2119893 0.7132671
0.2072157 0.6709672
0.2027816 0.6284633
0.1999753 0.5856751
0.1974056 0.5428764
0.1974056 0.5
0.1974056 0.4570855
0.1966213 0.4141909
0.1950321 0.371317
0.1929071 0.3284935
0.1886321 0.2858729
0.1864679 0.2431072
0.2073882 0.2184492
0.2426508 0.2070328
0.2780865 0.1963453
0.3135222 0.1856579
0.3489579 0.1749704
0.3852926 0.1700877
0.4216691 0.1654752
0.4580456 0.1608626
0.4944222 0.1562501
0.5 0.1516375
0.5363765 0.147025
0.5727531 0.1424125
0.6091296 0.1378
0.6455061 0.1331874
0.6818827 0.1285749
0.7182592 0.1239624
0.7548117 0.1231799
0.7914002 0.1231799
0.8119323 0.1420124
0.8022021 0.1830749
0.7939665 0.2247478
0.7881404 0.2671148
0.7823143 0.3094817
0.7786334 0.3520876
0.7775577 0.3949835
0.7764821 0.4378795
0.7754732 0.4807766
0.7754732 0.523653
0.7754732 0.5665675
0.7754732 0.609482
0.7785032 0.6522276
0.7819721 0.6949489
0.782765 0.7378192
0.7583921 0.7657201
0.7222513 0.7724131
0.6860571 0.7786453
0.6497052 0.7835181
0.6133534 0.7883909
0.5770015 0.7932637
0.5404739 0.7945163
0.5038854 0.7945163
0.4980956 0.7945163
0.4615071 0.7945163
0.4249186 0.7945163
0.3885164 0.7912796
0.3522597 0.7855135
0.316003 0.7797473
0.2797463 0.7739812
0.2434896 0.768215
0.2072329 0.7624488
0.1713564 0.7542423
