0.3009608 0.7526455
0.2927911 0.7283997
0.2827192 0.7043667
0.2726473 0.6803336
0.2625754 0.6563006
0.2574144 0.6318142
0.2524228 0.6073121
0.2474312 0.58281
0.2427231 0.5582964
0.2409519 0.5336624
0.2391806 0.5090286
0.2374094 0.4953737
0.2356382 0.4707398
0.2322055 0.4461648
0.2281132 0.4216131
0.2240209 0.3970615
0.2282935 0.3753141
0.2732462 0.3778948
0.3183154 0.3792636
0.3635164 0.3792636
0.4087175 0.3792636
0.4539184 0.3792636
0.4991194 0.3792636
0.537134 0.3792636
0.5823178 0.3785879
0.6275014 0.3779034
0.6726849 0.3772189
0.7178842 0.3771518
0.753675 0.3901577
0.7600082 0.413519
0.7483616 0.4373394
0.7438068 0.4618186
0.74034 0.4863988
0.7368733 0.5
0.7335907 0.5245876
0.7304808 0.549182
0.7273708 0.5737764
0.7242609 0.5983709
0.721151 0.6229653
0.7176092 0.6475413
0.7136935 0.6721015
0.7097778 0.6966617
0.705862 0.7212219
0.7019463 0.745782
0.6980305 0.7703422
0.6943854 0.7949144
0.6909186 0.8194947
0.6874518 0.8440749
0.6839851 0.8686551
0.6804339 0.8932315
0.6685805 0.9131479
0.6365464 0.8964679
0.6055552 0.8785394
0.5703701 0.8630635
0.535185 0.8475876
0.5 0.8321118
0.4698508 0.8182991
0.4313124 0.8054163
0.3927739 0.7925338
0.3524293 0.7816137
0.308783 0.7758822
0.2635827 0.7758762
0.2183818 0.7758762
