0.2785269 0.5819722
0.2724574 0.5520555
0.2724574 0.5209978
0.2724574 0.4908664
0.2708634 0.4598548
0.2704342 0.4288094
0.2704342 0.3977517
0.2704342 0.3666939
0.2704342 0.3356362
0.2704342 0.3045784
0.2704342 0.2735206
0.2704342 0.2424629
0.2704342 0.2114051
0.270306 0.1803533
0.2669723 0.1494497
0.2636387 0.1185461
0.2562721 0.08856854
0.2779503 0.1097981
0.3054449 0.1274386
0.3357673 0.1405432
0.3674272 0.1507025
0.3999699 0.1573004
0.433238 0.1609719
0.4665061 0.1646433
0.5 0.1653341
0.533298 0.1660091
0.5667948 0.1665381
0.6002978 0.1665381
0.6338008 0.1665381
0.6672181 0.1646285
0.700622 0.1622654
0.7337779 0.1588057
0.7659727 0.1502649
0.7830681 0.1597869
0.78412 0.1907481
0.783986 0.221797
0.7792479 0.2525426
0.7759714 0.2834413
0.7723907 0.3142994
0.7668828 0.3449346
0.7641902 0.375868
0.7621003 0.4068653
0.7618651 0.4379162
0.7618651 0.468974
0.760699 0.5
0.759842 0.530108
0.759842 0.5611658
0.7568763 0.5894743
0.723774 0.5857233
0.6902709 0.5857233
0.6567679 0.5857233
0.6232649 0.5857233
0.589816 0.5872287
0.5563871 0.5892946
0.5229046 0.5903332
0.4896141 0.5912738
0.4564531 0.5955852
0.4233482 0.6003575
0.3902158 0.6049591
0.3579931 0.6130566
0.3254018 0.620169
0.2944285 0.631002
0.2613254 0.6349558
0.2299711 0.6419882
