0.1955813 0.8025144
0.1983774 0.7653018
0.1971321 0.7208697
0.1955813 0.6764535
0.1955813 0.6319565
0.1955813 0.5874596
0.1955813 0.5429627
0.1955813 0.5
0.1955813 0.4555031
0.1955813 0.4110062
0.1955813 0.3665092
0.1955813 0.3220123
0.1955813 0.2775154
0.1955813 0.2330185
0.1940636 0.1886077
0.1927853 0.1441833
0.2188417 0.1620397
0.2522835 0.1765096
0.286795 0.1873017
0.3222106 0.1904803
0.3577471 0.1924858
0.3932996 0.1940193
0.4288528 0.195501
0.4644264 0.195501
0.5 0.195501
0.5341984 0.195501
0.5697721 0.195501
0.6053457 0.195501
0.6409192 0.195501
0.6764766 0.1944021
0.7120258 0.1927552
0.7473744 0.1884153
0.7825544 0.1818146
0.8181099 0.1815114
0.8512755 0.1845234
0.8512755 0.2290204
0.8512755 0.2735173
0.8473737 0.3175868
0.8410891 0.3613834
0.8345333 0.4051181
0.8324212 0.4495347
0.8289214 0.4937972
0.824683 0.536443
0.8214673 0.5807488
0.8205191 0.6252002
0.8205191 0.6696971
0.8070428 0.7058632
0.7749746 0.7225759
0.7419592 0.7379819
0.7070459 0.7456381
0.6718076 0.7516804
0.6370932 0.760802
0.6022815 0.7697994
0.5668018 0.7712108
0.531307 0.7741706
0.4978067 0.78153
0.4622331 0.78153
0.4277364 0.7885249
0.3923615 0.7920222
0.3567879 0.7920222
0.3218743 0.7955196
0.2863007 0.7955196
0.2507271 0.7955196
