0.2081614 0.5214812
0.2081614 0.5
0.2081614 0.4618846
0.2119282 0.4242161
0.2149401 0.3863969
0.2162741 0.3483244
0.2173554 0.3102372
0.2185516 0.2721582
0.2203034 0.2341219
0.2203034 0.1960065
0.2375673 0.1858726
0.2645426 0.1959994
0.2926213 0.1981806
0.3207573 0.1981806
0.3486595 0.1948242
0.3762987 0.1876923
0.4039378 0.1805605
0.4313556 0.1721572
0.4584351 0.1618104
0.4855147 0.1514636
0.5 0.1419408
0.5274047 0.1333072
0.5548095 0.1246735
0.5822392 0.1161893
0.6097252 0.1080441
0.6372113 0.09989902
0.6652297 0.09660307
0.6932892 0.09400705
0.7214252 0.09400705
0.7458459 0.1038578
0.7458459 0.1419732
0.7458459 0.1800886
0.7458459 0.2182039
0.7458459 0.2563193
0.7458459 0.2944346
0.745848 0.3325499
0.7478526 0.3705684
0.7498572 0.4085869
0.7518619 0.4466054
0.7519169 0.484718
0.7519169 0.5061992
0.7519169 0.5443145
0.7519169 0.5824299
0.7519169 0.6205452
0.7336235 0.6338789
0.7054874 0.6338789
0.6773514 0.6338789
0.6492153 0.6338789
0.6210793 0.6338789
0.5929432 0.6338789
0.5648071 0.6338789
0.536671 0.6338789
0.508535 0.6338789
0.4931496 0.6338789
0.4650135 0.6338789
0.4368775 0.6338789
0.4088424 0.6311375
0.3807063 0.6311375
0.3525954 0.6307936
0.3248349 0.6256547
0.3015844 0.6174304
0.2754389 0.6050857
0.2488981 0.5954992
0.2243508 0.5845336
