0.1701711 0.8073314
0.1701711 0.7689501
0.1701711 0.7305688
0.1701711 0.6921875
0.1701711 0.6538062
0.1718176 0.6154667
0.1739815 0.5771403
0.1761453 0.5388139
0.1783091 0.5004876
0.180473 0.4623254
0.1826369 0.423999
0.1869029 0.3858338
0.1912506 0.3476748
0.1955982 0.3095158
0.1997362 0.2713399
0.2022594 0.2330333
0.2090683 0.1963743
0.2489128 0.1900049
0.2887101 0.183139
0.3288299 0.1786163
0.3691508 0.1755556
0.4094473 0.172776
0.4486893 0.1820848
0.4886515 0.1827616
0.5 0.1805011
0.5404498 0.1805011
0.5799545 0.1737296
0.6199164 0.1685961
0.6602749 0.1702754
0.70051 0.1742248
0.7407451 0.1781741
0.7804828 0.1846499
0.8188191 0.1933727
0.8181427 0.2317362
0.815899 0.2700585
0.8136553 0.3083807
0.8114115 0.3467029
0.811007 0.3850528
0.8119698 0.4234232
0.8129326 0.4617937
0.8138955 0.5
0.816521 0.5381899
0.8247163 0.5757753
0.8329117 0.6133605
0.83973 0.6510797
0.83973 0.6894609
0.83973 0.7278423
0.8223032 0.7603741
0.7870468 0.7787538
0.7482544 0.7884803
0.7087715 0.7967296
0.6693592 0.80528
0.6295249 0.8119502
0.5893892 0.8158038
0.548955 0.8168694
0.5085209 0.8179352
0.4969521 0.819001
0.4565057 0.8192364
0.4162501 0.8205518
0.3773567 0.8310959
0.3379858 0.8397716
0.2983215 0.8472987
0.259316 0.8571796
0.2203574 0.8668563
