0.1774723 0.8418641
0.1774723 0.8003137
0.1784387 0.7588012
0.182585 0.7174956
0.1890318 0.6764671
0.1940195 0.6352764
0.1963837 0.5937961
0.1981562 0.552285
0.2006979 0.5108343
0.205204 0.4929383
0.2105491 0.451784
0.219401 0.4112231
0.2229679 0.369935
0.2266151 0.3286579
0.235467 0.288097
0.2389247 0.2467783
0.2402084 0.2052642
0.2422147 0.1657568
0.2730843 0.1893234
0.3088643 0.2092974
0.3457567 0.2265801
0.3849918 0.2379948
0.4243072 0.2489194
0.4650559 0.2511032
0.5 0.2519975
0.5407786 0.2516537
0.5810843 0.2451735
0.6214175 0.238875
0.6617435 0.2325887
0.7006911 0.2201953
0.7400306 0.2091947
0.7795143 0.1987064
0.8195046 0.1904907
0.8548377 0.1935563
0.8617315 0.2342142
0.863171 0.2757123
0.8648684 0.317201
0.8648684 0.3587514
0.8648684 0.4003018
0.8648684 0.4418521
0.8559253 0.4823456
0.8504692 0.5
0.8474549 0.5414369
0.8431726 0.5827399
0.8381075 0.6239666
0.8299176 0.664584
0.8209531 0.7050389
0.8017294 0.728542
0.7612056 0.7332773
0.7205448 0.736766
0.6799235 0.7407054
0.6392183 0.7428471
0.5984198 0.7430478
0.5577052 0.7458117
0.5169076 0.7460412
0.4830387 0.7543924
0.4429659 0.7621167
0.4023718 0.7662566
0.3622242 0.7710853
0.3239034 0.7834995
0.283871 0.7900243
0.2438952 0.7939526
0.208867 0.8067291
0.1711987 0.8099232
