0.2801229 0.7861147
0.2675972 0.7488411
0.2655749 0.707469
0.2626654 0.6661718
0.2626654 0.6246289
0.2626654 0.583086
0.2626654 0.5415429
0.2626654 0.5
0.2626654 0.4604625
0.2630609 0.4189439
0.2658324 0.3775715
0.2686848 0.3362126
0.2733396 0.2951527
0.2801902 0.2546932
0.2965856 0.2270471
0.3268469 0.2207988
0.3571398 0.2155725
0.3877513 0.2155725
0.4183629 0.2155725
0.4489744 0.2155725
0.479586 0.2155725
0.5087557 0.2155725
0.5393498 0.2159051
0.5696537 0.2217802
0.5996927 0.2296709
0.6292158 0.2403062
0.6579372 0.2546743
0.6865083 0.2695874
0.7139892 0.2878549
0.7425529 0.3026984
0.7702938 0.3201375
0.7975358 0.3390085
0.8198645 0.3628514
0.8227741 0.4039083
0.8237153 0.4454022
0.8249841 0.4867751
0.8206549 0.5258951
0.8113133 0.5653173
0.8029927 0.6052479
0.7909114 0.6428652
0.7796301 0.6810766
0.762153 0.714388
0.7417741 0.7407725
0.7206093 0.7697485
0.699379 0.7987804
0.6729601 0.8190964
0.6478357 0.8405312
0.6196991 0.8559144
0.5902107 0.86269
0.5597094 0.8661118
0.5291507 0.8685513
0.5 0.8699113
0.469399 0.8710042
0.4387981 0.8720971
0.4081951 0.8729839
0.3775835 0.8729839
0.3470125 0.8723189
0.3168175 0.8654892
0.2866224 0.8586596
0.2564376 0.8517494
0.2262918 0.8445299
0.1965489 0.8349379
0.1670091 0.824119
