0.3226178 0.4091297
0.3453673 0.4159813
0.3667808 0.4270999
0.3889014 0.4360042
0.411709 0.4427565
0.4344433 0.4498021
0.4570328 0.4574261
0.4796395 0.4649714
0.5 0.4699359
0.5231677 0.4749004
0.5463806 0.4795854
0.5696161 0.4841315
0.59282 0.4888449
0.6157 0.4952799
0.6388304 0.5
0.6441963 0.4781321
0.6480448 0.4519947
0.6531609 0.4260944
0.6574612 0.4000266
0.6607965 0.3737611
0.664263 0.3475204
0.6687446 0.3214716
0.6732261 0.2954227
0.6777076 0.269374
0.6827035 0.2434479
0.6880066 0.2175952
0.6933097 0.1917424
0.6996731 0.1662084
0.70654 0.1408257
0.7133076 0.1154207
0.7156544 0.08902016
0.7158618 0.06249958
0.6994395 0.05444244
0.6759088 0.0555281
0.6524688 0.05845806
0.6292936 0.06293005
0.6065699 0.0700312
0.5836227 0.07581061
0.560168 0.07858813
0.5367848 0.08187923
0.5136963 0.08729056
0.493415 0.09270191
0.4701146 0.09640023
0.4465903 0.09829062
0.423066 0.100181
0.3995313 0.1018803
0.3759797 0.1032748
0.3524188 0.1042745
0.3288347 0.1042745
0.310511 0.1118542
0.304791 0.1375943
0.2997933 0.1635228
0.2949612 0.1894916
0.2903359 0.2155086
0.2862014 0.2416268
0.2823242 0.2677979
0.278447 0.2939692
0.2768041 0.320433
0.2752011 0.3469037
0.2735208 0.3733685
0.2731113 0.3998843
0.2731113 0.4264165
0.2731113 0.4529487
