0.2695316 0.7719638
0.252426 0.7354333
0.2371102 0.6981112
0.2250148 0.6593648
0.2129194 0.6206183
0.2053821 0.5806851
0.1994166 0.5403426
0.1934512 0.5
0.1874858 0.4702664
0.1815203 0.4299238
0.1772446 0.3893883
0.175083 0.3486112
0.1729214 0.3078341
0.1707598 0.2670571
0.1685982 0.22628
0.1687542 0.1854948
0.1706643 0.1447034
0.1948608 0.1358216
0.2324156 0.1421266
0.2706253 0.1439812
0.308835 0.1458357
0.3470447 0.1476903
0.3852697 0.1490218
0.4235131 0.1497259
0.4617566 0.15043
0.5 0.151134
0.5317367 0.1518381
0.5699768 0.1526648
0.6081941 0.1543304
0.6464114 0.1559961
0.6846287 0.1576617
0.722846 0.1593274
0.7609372 0.1627676
0.7989523 0.1672778
0.8004482 0.2066906
0.8004482 0.247533
0.8004482 0.2883753
0.8004482 0.3292176
0.8004482 0.37006
0.801288 0.4108804
0.8031515 0.4516743
0.8050151 0.4924681
0.8068787 0.522653
0.8125812 0.5629398
0.8200825 0.602989
0.8275838 0.6430382
0.8352919 0.6830416
0.842599 0.7230574
0.8147947 0.7455506
0.7794546 0.7604936
0.7422352 0.7699063
0.7050157 0.7793192
0.6677962 0.7887319
0.6298685 0.7933937
0.5917515 0.7967855
0.5536345 0.8001773
0.5155175 0.8035691
0.483859 0.8057203
0.4456098 0.8057203
0.4073607 0.8057203
0.3691116 0.8057203
0.3310849 0.8020627
0.2931571 0.7967802
