0.2375683 0.8340082
0.2368327 0.790911
0.228818 0.7485753
0.2208033 0.7062396
0.2144023 0.6636419
0.2100098 0.6207179
0.2056174 0.5777939
0.2012249 0.5348699
0.1968324 0.5
0.19431 0.4569365
0.1929485 0.4137864
0.191587 0.3706362
0.1902255 0.3274861
0.1898477 0.2843186
0.1898477 0.2411445
0.1924673 0.1981427
0.2037844 0.1642669
0.2446515 0.1642669
0.2855039 0.1634286
0.326343 0.1618307
0.3671821 0.1602327
0.4080211 0.1586323
0.4488555 0.1569068
0.48969 0.1551812
0.5006424 0.1534556
0.5414768 0.15173
0.5823112 0.1500044
0.6231456 0.1482788
0.6639973 0.147462
0.7048644 0.147462
0.7457315 0.147462
0.7864115 0.1490673
0.801543 0.1797602
0.8059189 0.2226782
0.8086469 0.2657453
0.8109137 0.3088529
0.8142623 0.3518636
0.8189026 0.3947585
0.8235428 0.4376534
0.8281832 0.4805483
0.8328235 0.515389
0.8367862 0.5583589
0.8406607 0.6013385
0.8445094 0.6443207
0.8482093 0.6873175
0.8545659 0.7281208
0.8208505 0.7467482
0.7826607 0.762118
0.7444709 0.7774878
0.7038209 0.7813667
0.6630875 0.7848558
0.6223541 0.788345
0.5816207 0.7918341
0.5408671 0.7947969
0.5 0.7947969
0.489015 0.7947969
0.4481479 0.7947969
0.4072808 0.7947969
0.3664137 0.7947969
0.3256571 0.792689
0.28504 0.7879212
0.2444229 0.7831535
0.2038057 0.7783857
