0.2038369 0.6791247
0.2083266 0.6448551
0.2176248 0.6118061
0.2207965 0.5772231
0.2257996 0.5428522
0.2317294 0.5086752
0.2348612 0.4981486
0.2402728 0.4641545
0.2454779 0.4298451
0.2480902 0.3954113
0.2522221 0.3610276
0.2549007 0.326375
0.2576461 0.2917261
0.2636207 0.2575955
0.268719 0.2232823
0.2750795 0.1891769
0.3053842 0.184154
0.3391684 0.1849985
0.3728099 0.1886377
0.4065575 0.1908959
0.4403521 0.192178
0.4741794 0.192178
0.5 0.1905854
0.5337002 0.1875738
0.5668631 0.1810304
0.5998318 0.1732633
0.6317817 0.1618425
0.6635598 0.1499827
0.6943111 0.135498
0.725136 0.1211897
0.7559663 0.1070491
0.7751455 0.1076877
0.7783391 0.1422747
0.7788712 0.1770181
0.7788712 0.2117825
0.7788712 0.2465468
0.7788712 0.2813111
0.7788712 0.3160754
0.7788712 0.3508398
0.7788712 0.3856041
0.7788712 0.4203685
0.7774009 0.4550951
0.7743572 0.4896608
0.7685611 0.5
0.7658584 0.5345246
0.7635447 0.5691704
0.751009 0.5949833
0.7183 0.603587
0.6864215 0.6150884
0.6529174 0.6197456
0.6196895 0.6262541
0.5863816 0.6323012
0.552703 0.635127
0.5189328 0.6371457
0.4931138 0.6393582
0.4593959 0.6420383
0.4260537 0.6478934
0.3927159 0.6535619
0.3590175 0.65657
0.3253505 0.6598999
0.2916306 0.6611549
0.2582941 0.6657514
0.2244667 0.6657514
0.1908243 0.668426
