0.2295927 0.7042982
0.2295927 0.6578171
0.2295927 0.611336
0.2295927 0.5648549
0.2318363 0.5186469
0.2366327 0.4760976
0.241145 0.4301344
0.2450638 0.3840458
0.2493183 0.3380711
0.255959 0.2927191
0.2659805 0.2494724
0.2749864 0.2055313
0.2959415 0.1801629
0.3263008 0.1801629
0.3566601 0.1801629
0.3870194 0.1801629
0.4173787 0.1801629
0.447738 0.1801629
0.4780973 0.1801629
0.5 0.1801629
0.5303593 0.1801629
0.5607186 0.1801629
0.5910779 0.1801629
0.6214373 0.1801629
0.6517965 0.1801629
0.6821558 0.1801629
0.7124548 0.1810961
0.7423807 0.1885632
0.7710572 0.2011574
0.7960801 0.2266792
0.8029547 0.2702494
0.8029547 0.3167305
0.7991179 0.3626819
0.793687 0.4084132
0.7882562 0.4541445
0.783345 0.5
0.7794183 0.5427427
0.7718163 0.5874968
0.7618269 0.631385
0.755873 0.6769635
0.7495029 0.7224047
0.7435467 0.7679601
0.7372274 0.8133857
0.7277851 0.8476175
0.7000088 0.8292322
0.6714098 0.8137721
0.6421657 0.8017442
0.6123329 0.7935351
0.5821242 0.78891
0.5518121 0.7865251
0.52148 0.7845636
0.4996364 0.7816642
0.4693362 0.7787647
0.4389995 0.7776568
0.4086402 0.7776568
0.3782809 0.7776568
0.3479216 0.7776568
0.3175623 0.7776568
0.287203 0.7776568
0.2568436 0.7776568
0.2264843 0.7776568
0.196125 0.7776568
0.1657657 0.7776568
0.1406087 0.7706702
