0.2019126 0.7933474
0.1961337 0.7528642
0.1925202 0.7120039
0.1889068 0.6711435
0.1852933 0.6302832
0.1816798 0.5894229
0.1840379 0.5485395
0.1873524 0.5076524
0.1906669 0.4825176
0.1948756 0.4417213
0.1994075 0.4009579
0.2039393 0.3601944
0.2040031 0.3192843
0.20201 0.2783066
0.1984574 0.237477
0.1984574 0.1964482
0.2365158 0.1923089
0.276359 0.1898996
0.3162023 0.1874903
0.3560455 0.185081
0.3956363 0.1803634
0.4350054 0.1736183
0.4743744 0.1668733
0.5 0.1626426
0.5399121 0.1626426
0.5798243 0.1626426
0.6197364 0.1626426
0.6593299 0.1577087
0.6991019 0.1555387
0.739014 0.1555387
0.7787838 0.1587643
0.8041244 0.1751622
0.8068562 0.216094
0.80907 0.2570597
0.8112839 0.2980253
0.8138051 0.3389515
0.8214847 0.3792136
0.8291644 0.4194757
0.836844 0.4597378
0.8445237 0.5
0.84988 0.5248484
0.8533881 0.5657184
0.8568961 0.6065885
0.853864 0.647131
0.8439685 0.6864656
0.8239908 0.7219203
0.8138437 0.7608963
0.7800804 0.7786671
0.7406324 0.7849058
0.7011744 0.7910758
0.66168 0.7969965
0.6221857 0.8029172
0.5826913 0.808838
0.5431923 0.8147165
0.503418 0.8181237
0.4775897 0.8215309
0.438605 0.8301977
0.3994867 0.8378731
0.3597273 0.8410996
0.319924 0.8440874
0.2800808 0.8464967
0.2402375 0.848906
0.2003618 0.8501788
0.1604497 0.8501788
