0.193338 0.7056479
0.1997073 0.6633663
0.2030712 0.6202627
0.2063095 0.5770913
0.2096214 0.5339594
0.2108155 0.5
0.2108155 0.4566007
0.2108155 0.4132015
0.2108155 0.3698022
0.2108155 0.3264029
0.2108155 0.2830037
0.2108155 0.2396044
0.2108155 0.1962052
0.2333333 0.1833857
0.2652908 0.1833857
0.297248 0.1833335
0.3292019 0.182676
0.3611557 0.1820185
0.3931096 0.181361
0.4249493 0.1784844
0.4566601 0.1731014
0.4883708 0.1677184
0.5112444 0.1620044
0.5428692 0.1557575
0.5744939 0.1495107
0.6061747 0.1438757
0.6379626 0.13941
0.6697505 0.1349442
0.701457 0.1297765
0.732719 0.120771
0.7636884 0.110304
0.7915868 0.1050843
0.7931386 0.148339
0.7944968 0.1916898
0.7944968 0.235089
0.7944968 0.2784883
0.7944968 0.3218876
0.7944968 0.3652868
0.7932929 0.4086547
0.7918598 0.4520096
0.7874197 0.4947809
0.7799974 0.5275741
0.7752529 0.5704923
0.7692733 0.6131251
0.7630537 0.6556942
0.7532703 0.6937805
0.722343 0.6837792
0.6909426 0.6770113
0.659201 0.6721539
0.6275294 0.6664783
0.5957031 0.6625491
0.5638394 0.6592987
0.5319371 0.6567502
0.5 0.6558047
0.4768467 0.6558047
0.4448891 0.6558047
0.4129316 0.6558047
0.3809741 0.6558047
0.3490708 0.6549869
0.3173742 0.6510577
0.2858335 0.6566162
0.2541201 0.661929
0.2231837 0.6723737
