0.2838852 0.669728
0.2752032 0.6367503
0.268816 0.6027483
0.2612317 0.5690376
0.2576494 0.5346767
0.255745 0.5
0.253036 0.4788319
0.250327 0.4442144
0.2467922 0.4096941
0.244106 0.3751318
0.244106 0.3403837
0.244106 0.3056356
0.244106 0.2708875
0.244106 0.2361393
0.2450879 0.2014214
0.2470034 0.1667391
0.2495849 0.132112
0.2608984 0.108187
0.2894088 0.1223697
0.3171266 0.138364
0.3463731 0.1497355
0.3768023 0.1577438
0.4073513 0.1651192
0.4381047 0.1714142
0.4689045 0.1773551
0.5 0.181031
0.5226155 0.1847068
0.5537445 0.1879761
0.5849233 0.1906412
0.6161123 0.193106
0.6473633 0.1943462
0.6786247 0.1949409
0.7098957 0.1949409
0.7411666 0.1949409
0.7724375 0.1949409
0.8020246 0.1904236
0.8088083 0.2185412
0.8106164 0.2532177
0.8100432 0.287952
0.8083866 0.3226354
0.8037479 0.356999
0.7998096 0.3914697
0.7957979 0.4259305
0.7903692 0.460134
0.7848103 0.4942999
0.7831211 0.5154979
0.7726454 0.5472537
0.7637107 0.5762411
0.7359802 0.5918155
0.7068754 0.603765
0.6756806 0.6061871
0.6444928 0.6087085
0.6133209 0.6114703
0.582075 0.6128591
0.550815 0.6134703
0.5195893 0.6142442
0.4970611 0.6187385
0.4658345 0.6194979
0.4347093 0.6225828
0.4035339 0.6252345
0.3730878 0.6328924
0.3419738 0.6350375
0.3110243 0.6395899
0.2802694 0.6436083
