0.2432288 0.6014864
0.2441072 0.574481
0.2494943 0.547703
0.2542582 0.5208811
0.2563712 0.5
0.2598263 0.4730777
0.2645105 0.4462342
0.2664128 0.4192181
0.2689297 0.3922473
0.2748708 0.3655284
0.279906 0.3387296
0.2833548 0.3117909
0.2863563 0.2848293
0.2883585 0.2578169
0.2918302 0.2308969
0.296555 0.204056
0.3008262 0.1771815
0.3040967 0.150232
0.3087562 0.1234088
0.3247038 0.09953043
0.3361777 0.07744959
0.3708121 0.08692154
0.4075151 0.0941613
0.44453 0.100236
0.4824134 0.1030677
0.5030693 0.1058994
0.5409527 0.1087312
0.5789849 0.1095495
0.6170775 0.1095495
0.6551703 0.1095495
0.6932629 0.1095495
0.7306819 0.1070654
0.7491331 0.1214806
0.753262 0.148367
0.7570524 0.1752826
0.761372 0.2021578
0.7657382 0.2290294
0.7673035 0.2559784
0.7658936 0.2830097
0.7644837 0.310041
0.7604988 0.3369407
0.7564406 0.3638366
0.7520602 0.3907052
0.7470909 0.4175239
0.7421215 0.4443426
0.7371521 0.4711613
0.7295824 0.497654
0.7216036 0.5179669
0.7171528 0.5448315
0.7080197 0.5708513
0.7006817 0.5947573
0.6711167 0.6066418
0.6332633 0.6090329
0.5955743 0.6116441
0.5579476 0.6126247
0.5204321 0.6082594
0.5 0.6044171
0.4622179 0.6009916
0.4250591 0.5968703
0.3903982 0.5866679
0.3531884 0.5821109
0.3164673 0.5759228
0.2807474 0.5687853
0.2467712 0.5687848
