0.2408897 0.7692182
0.2318109 0.7343197
0.2298102 0.6945141
0.2298102 0.6545687
0.2283896 0.6146764
0.2270404 0.5747814
0.2270404 0.534836
0.2250543 0.5
0.2242705 0.4600804
0.2242705 0.420135
0.2242705 0.3801896
0.2242705 0.3402442
0.2242705 0.3002988
0.2242705 0.2603534
0.2242705 0.220408
0.2242705 0.1804625
0.2242705 0.1405171
0.2493455 0.1399624
0.2790364 0.1612574
0.3129214 0.1734318
0.3468038 0.1856152
0.3806748 0.1978389
0.4145457 0.2100625
0.4495826 0.2167127
0.4847588 0.2226967
0.5084262 0.2272736
0.5439875 0.2284835
0.5795489 0.2296934
0.6150566 0.2279653
0.6505438 0.2251193
0.6857705 0.2199562
0.7207743 0.2128105
0.7558039 0.2058274
0.7896382 0.194532
0.8224971 0.1793566
0.846948 0.1780777
0.846948 0.2180232
0.846948 0.2579685
0.8413603 0.2970918
0.8351188 0.3362071
0.8332489 0.3760973
0.8292757 0.4157867
0.8242594 0.4553246
0.8186386 0.4947683
0.8118882 0.528931
0.8081698 0.5684341
0.8054 0.6081585
0.7821862 0.6272578
0.7476593 0.6361727
0.7121835 0.6391913
0.6766962 0.6420373
0.6412097 0.6448935
0.6057445 0.6479315
0.5701669 0.6479315
0.5353744 0.6562528
0.5 0.6601789
0.4761679 0.6635011
0.4407956 0.6677816
0.4053032 0.6697009
0.3710909 0.679374
0.3361605 0.6860821
0.3035207 0.6914703
0.2730441 0.70391
0.2381203 0.7070199
