0.3035633 0.5556769
0.2920371 0.5303684
0.2853003 0.5037525
0.2827472 0.49374
0.281709 0.4660371
0.281709 0.4382879
0.2816921 0.4105392
0.2800362 0.3828378
0.2792808 0.3551105
0.2792808 0.3273612
0.2792808 0.299612
0.2792808 0.2718628
0.2792808 0.2441136
0.2798274 0.2163823
0.2817032 0.1886945
0.2845173 0.16111
0.2928107 0.1345879
0.2995735 0.1077149
0.309517 0.08262596
0.334513 0.0803653
0.361517 0.08817461
0.3884692 0.09614518
0.4163513 0.1002837
0.4444688 0.102412
0.4720009 0.1083064
0.5 0.1109398
0.5275278 0.1139441
0.5544194 0.1223003
0.5813419 0.1305588
0.6085786 0.1375388
0.6351743 0.1451393
0.6594668 0.1590408
0.685303 0.1701632
0.7097405 0.1839524
0.7361075 0.1935199
0.7622979 0.2030954
0.7671939 0.2275014
0.7718579 0.2546078
0.7718579 0.282357
0.7718579 0.3101063
0.7718579 0.3378555
0.7718579 0.3656047
0.7718579 0.3933539
0.7698351 0.420971
0.7648638 0.4481938
0.7559459 0.4745191
0.7451626 0.5
0.7298591 0.5056463
0.7071204 0.5198362
0.6797178 0.5245494
0.6550174 0.5378966
0.6278352 0.543978
0.6010817 0.5527531
0.5729769 0.5534674
0.5448698 0.5556769
0.5166692 0.5556769
0.488826 0.5556769
0.4606254 0.5556769
0.4324249 0.5556769
0.4042243 0.5556769
0.3760238 0.5556769
0.3478232 0.5556769
0.3196226 0.5556769
0.2914221 0.5556769
