0.2692803 0.7787927
0.2697645 0.7336792
0.2745076 0.6891942
0.2819043 0.645393
0.2871451 0.6009422
0.2920901 0.5563921
0.29747 0.5119566
0.3056325 0.5
0.3113135 0.4557465
0.3156137 0.4110506
0.3208415 0.3665809
0.3268225 0.3223084
0.3331155 0.2781334
0.3408399 0.2344652
0.3491106 0.1919601
0.3751524 0.179058
0.4056498 0.179058
0.4361471 0.179058
0.4666419 0.178924
0.4970923 0.1764196
0.5124015 0.174004
0.5428661 0.1721588
0.5733634 0.1721588
0.6038607 0.1721588
0.634193 0.1760848
0.6632486 0.1879329
0.6904335 0.2082895
0.7163503 0.2320245
0.7426042 0.2544396
0.769895 0.2743511
0.7735907 0.3180243
0.7760875 0.3629465
0.7760875 0.4080958
0.7760875 0.453245
0.7760875 0.4983943
0.7760875 0.5119981
0.7760875 0.5571473
0.7760875 0.6022966
0.7760875 0.6474459
0.7728429 0.6921746
0.7666402 0.7363288
0.758262 0.7797409
0.7421805 0.8093636
0.7128674 0.7969396
0.6826181 0.7916148
0.6521965 0.7891415
0.6217938 0.7868922
0.591492 0.7822423
0.5609947 0.7822423
0.5304973 0.7822423
0.5 0.7822423
0.484647 0.7822423
0.4541497 0.7822423
0.4236842 0.7812984
0.3933382 0.7768059
0.3629922 0.7723134
0.3325266 0.7704326
0.3020487 0.7688212
0.2719197 0.7623656
0.2418972 0.7544287
0.2119126 0.746189
0.1819539 0.737741
0.1515646 0.7340754
0.1224816 0.7270486
