0.2436567 0.7402206
0.2396458 0.7003114
0.2345355 0.6604956
0.2320794 0.6203138
0.2298456 0.5801178
0.2265363 0.5400144
0.2221789 0.5
0.2185223 0.4855613
0.2170619 0.4453283
0.2142578 0.4051891
0.2103316 0.3651283
0.2070643 0.325009
0.2041495 0.2848584
0.1956906 0.2455553
0.1877327 0.2061294
0.1800226 0.1666475
0.1742692 0.1269981
0.1933104 0.1521463
0.2300405 0.1668117
0.2686915 0.1741625
0.3081488 0.1741625
0.3476061 0.1741625
0.3870634 0.1741625
0.4265207 0.1741625
0.4659779 0.1741625
0.5 0.1741625
0.5394424 0.1738162
0.5787469 0.1702776
0.6180515 0.1667389
0.6572282 0.1619541
0.6963987 0.1571096
0.7357308 0.1539772
0.7748525 0.1499825
0.8128091 0.1412911
0.82745 0.1695547
0.8282962 0.2097644
0.8324268 0.2498038
0.8329708 0.2900352
0.8311065 0.3302033
0.8272752 0.3702736
0.8234439 0.410344
0.8204369 0.4504865
0.8177611 0.4906515
0.8160471 0.5052455
0.8114216 0.545192
0.8071539 0.5851853
0.8034016 0.6252325
0.7976009 0.665055
0.7879166 0.7013705
0.7533152 0.7204342
0.7160584 0.7336276
0.6784798 0.7457019
0.6393272 0.7506956
0.6000366 0.7541273
0.560874 0.7584262
0.521848 0.7640569
0.4878805 0.7655064
0.4484232 0.7655064
0.4089659 0.7655064
0.3695086 0.7655064
0.3306615 0.7604492
0.2913585 0.7579206
0.2530712 0.7528635
