0.2777082 0.833306
0.2777082 0.7867972
0.2777082 0.7402885
0.2777082 0.6937798
0.2777082 0.6472711
0.2777082 0.6007624
0.2777082 0.5542536
0.2777082 0.507745
0.2777082 0.4848974
0.2777082 0.4383887
0.2777082 0.39188
0.282254 0.3461342
0.2907562 0.3017175
0.2949752 0.2556912
0.3179885 0.2406541
0.3483051 0.2367917
0.3787222 0.2366199
0.4088641 0.2306021
0.4391566 0.2278206
0.4695783 0.2278206
0.5 0.2278206
0.519147 0.2278206
0.5495687 0.2278206
0.5799904 0.2278206
0.6104121 0.2278206
0.6408339 0.2278206
0.6712556 0.2278206
0.7016773 0.2278206
0.7320989 0.2278206
0.7625207 0.2278206
0.7924754 0.223421
0.7911184 0.2687761
0.7863739 0.3147157
0.7830592 0.3609115
0.780726 0.4072832
0.7783684 0.4536519
0.775842 0.5
0.7733155 0.5226868
0.770596 0.5690092
0.7697772 0.6154385
0.7671759 0.6615534
0.7671759 0.7080621
0.7527627 0.7454238
0.7412754 0.7868657
0.7126878 0.7936607
0.6822687 0.7937093
0.6518471 0.7937093
0.6214496 0.7946377
0.5911248 0.7983465
0.5607999 0.8020554
0.5305226 0.8065708
0.5002518 0.8111986
0.4812524 0.8157459
0.4508465 0.8172455
0.4204406 0.818745
0.3900673 0.8207718
0.3600179 0.8280255
0.3299685 0.8352791
0.299919 0.8425326
0.2697183 0.8475555
0.2393346 0.849878
0.2089883 0.8530599
0.1786276 0.855304
0.1482059 0.855304
