0.2484708 0.6007396
0.2424594 0.5685622
0.2424594 0.5351245
0.2424594 0.5016869
0.2424594 0.4747064
0.2440338 0.4413276
0.2464023 0.4079964
0.2496725 0.3747609
0.2516004 0.3414047
0.2524785 0.3079916
0.2538004 0.274636
0.2573202 0.2414368
0.2616746 0.2083593
0.2655455 0.1752051
0.2710069 0.142449
0.2940125 0.1264343
0.3226045 0.1184218
0.3520337 0.1131336
0.381434 0.1076364
0.4108343 0.1021394
0.4405321 0.09953681
0.4702761 0.09738398
0.5 0.09491122
0.5253221 0.0922648
0.5546471 0.08628327
0.5842066 0.08262563
0.6139829 0.08116823
0.6437888 0.08116823
0.6735947 0.08116823
0.7034005 0.08116823
0.7315097 0.09053159
0.7510513 0.1143264
0.7617739 0.1443519
0.765847 0.177466
0.768239 0.2107914
0.7706318 0.2441188
0.7730933 0.2774312
0.7730933 0.3108689
0.7727593 0.3442767
0.7680502 0.3772945
0.7623402 0.4100785
0.7549173 0.4424626
0.7474945 0.4748468
0.7377952 0.5
0.7268678 0.5310837
0.7153459 0.5619136
0.705801 0.5935472
0.68643 0.6097316
0.6566756 0.6081101
0.6274736 0.6018393
0.5981167 0.5964131
0.5685007 0.5926465
0.5389234 0.5885347
0.5094473 0.5835746
0.4841457 0.5807667
0.4544156 0.5783843
0.4247539 0.5751066
0.3950959 0.5717794
0.3654068 0.5689644
0.3356213 0.5677269
0.3058271 0.5670198
0.2760212 0.5670198
0.2462154 0.5670198
