0.251291 0.6290686
0.2371306 0.5993887
0.2308808 0.5676341
0.2271018 0.5352314
0.226748 0.502648
0.226748 0.4915223
0.2273754 0.4589595
0.2318562 0.4266381
0.2363369 0.3943167
0.2408176 0.3619953
0.2452984 0.3296739
0.249779 0.2973526
0.2546543 0.2650841
0.2597306 0.2328428
0.2648068 0.2006014
0.269883 0.16836
0.2746723 0.1360799
0.279195 0.1037638
0.3045369 0.1022446
0.3364041 0.1141248
0.3682713 0.126005
0.4015782 0.1326344
0.4354729 0.1371194
0.4693677 0.1416044
0.5011207 0.1460894
0.5353272 0.1468991
0.5695381 0.1476571
0.6037489 0.1484151
0.6379598 0.1491731
0.6721759 0.149492
0.7063961 0.149492
0.7406162 0.149492
0.7582129 0.1659049
0.7652626 0.1978076
0.771993 0.2297604
0.7760383 0.2621339
0.7800835 0.2945074
0.7841288 0.3268808
0.788174 0.3592543
0.7919356 0.3916585
0.7956136 0.4240717
0.7992917 0.4564849
0.8029697 0.4888981
0.8020597 0.5
0.8009564 0.5325851
0.7998531 0.5651703
0.7911528 0.5964608
0.7691016 0.6135851
0.7356411 0.6204162
0.7018172 0.6251786
0.6678457 0.6291016
0.6338742 0.6330247
0.5998907 0.6368492
0.5658799 0.6404494
0.5318691 0.6440498
0.5 0.64765
0.4659892 0.6512504
0.4319784 0.6548506
0.3978182 0.6562828
0.3636052 0.656948
0.3293923 0.6576132
0.2951793 0.6582784
0.2609663 0.6589436
0.2267482 0.6591317
