0.2711502 0.4275185
0.2915187 0.4380576
0.3125742 0.4472872
0.3340887 0.455227
0.3557283 0.4628155
0.3778646 0.4682609
0.4003956 0.4720035
0.4228498 0.47621
0.4452571 0.4807001
0.4677456 0.4846768
0.4903265 0.4880705
0.5 0.4909721
0.5227374 0.4928857
0.5454749 0.4947994
0.5681881 0.4970049
0.5908955 0.49928
0.613673 0.5
0.6282115 0.4938283
0.629961 0.469902
0.6320592 0.4460073
0.6342218 0.4221185
0.63814 0.3985069
0.6427397 0.3750029
0.6473395 0.3514989
0.652218 0.328064
0.6580549 0.304866
0.6638919 0.281668
0.6697289 0.2584701
0.6743155 0.2349811
0.6783253 0.2113578
0.6823351 0.1877345
0.6884331 0.1646352
0.6949875 0.1416503
0.6991509 0.1181116
0.7027442 0.09442207
0.6908942 0.08106497
0.6683396 0.07781741
0.6455824 0.07626063
0.6228039 0.07499933
0.6000156 0.07395369
0.5772253 0.07295471
0.5544448 0.07175472
0.5316792 0.07025787
0.5089135 0.06876099
0.4991073 0.06726408
0.4763416 0.06576717
0.4536797 0.0632053
0.4310988 0.05981165
0.4085179 0.056418
0.3857734 0.05544657
0.3630058 0.05625269
0.3446401 0.06244916
0.34126 0.08598989
0.3355023 0.1092097
0.3300923 0.1325095
0.3261282 0.1561413
0.3211146 0.1795186
0.3148482 0.2025923
0.3093629 0.2258411
0.3061371 0.2495969
0.303302 0.2733819
0.303302 0.2973788
0.303302 0.3213757
0.303302 0.3453727
