0.2515108 0.8514258
0.2462349 0.8086138
0.2408879 0.7658158
0.2354061 0.7230442
0.2299243 0.6802726
0.2236806 0.6377234
0.2133965 0.5963542
0.2031123 0.5549849
0.1928281 0.5136157
0.1829704 0.5
0.17395 0.4581737
0.1649297 0.4163475
0.1559094 0.3745212
0.1500359 0.3318409
0.1443318 0.2891146
0.1562557 0.2633172
0.1909135 0.2612569
0.2255713 0.2591966
0.2600327 0.2549887
0.2941701 0.2472402
0.3283075 0.2394916
0.3624449 0.2317431
0.3966531 0.224674
0.4312426 0.221265
0.4658321 0.2178559
0.5 0.2144469
0.5345895 0.2110378
0.5691321 0.2070347
0.6035916 0.2019737
0.638051 0.1969126
0.6725105 0.1918516
0.7069821 0.1870505
0.7416792 0.1870505
0.7734338 0.1959188
0.7864369 0.2358172
0.7918564 0.2784551
0.7961601 0.3214363
0.79796 0.3646702
0.7992443 0.4079561
0.8005285 0.4512421
0.8038487 0.494258
0.8098786 0.5090068
0.8159085 0.5516633
0.8219383 0.5943199
0.8278228 0.6370038
0.8321264 0.6799849
0.8361932 0.7229845
0.8257853 0.753307
0.791424 0.7571858
0.7575285 0.7664423
0.7236329 0.7756987
0.6897373 0.7849551
0.6557742 0.7937933
0.6216513 0.8016405
0.5875283 0.8094876
0.5534053 0.8173348
0.5192824 0.825182
0.4853867 0.8312279
0.4508164 0.8349271
0.4162461 0.8386263
0.3816757 0.8423256
0.3471037 0.8459748
0.3124066 0.8459748
