0.2766719 0.4416496
0.2962503 0.4554854
0.3167061 0.4671624
0.3385149 0.4755106
0.3605435 0.4829735
0.382907 0.4890881
0.4053363 0.4947398
0.4282305 0.4971299
0.4511246 0.49952
0.4740942 0.5
0.4970827 0.5
0.5013442 0.5
0.5243328 0.5
0.5473213 0.5
0.5703099 0.5
0.5932984 0.5
0.616287 0.5
0.6307967 0.4855718
0.6410775 0.4619596
0.6467362 0.4364855
0.651946 0.4107813
0.6579224 0.3852897
0.6638988 0.3597982
0.6696728 0.3342463
0.6752483 0.3086353
0.6808239 0.2830242
0.6851281 0.2570965
0.6892927 0.2311341
0.6934574 0.2051717
0.6976221 0.1792093
0.6994386 0.1529204
0.7007321 0.1265649
0.7007321 0.1001656
0.7052976 0.07477114
0.6831284 0.06830752
0.6602805 0.0653922
0.6374724 0.06211638
0.6147149 0.05838296
0.5919126 0.0552226
0.5689398 0.0542455
0.545967 0.05326849
0.5229886 0.0526472
0.5 0.0526472
0.4957385 0.0526472
0.4727499 0.0526472
0.4497614 0.0526472
0.4267729 0.0526472
0.4037843 0.0526472
0.3808149 0.05356789
0.3578523 0.05482358
0.3354902 0.05977049
0.3135881 0.06775081
0.3149198 0.08326399
0.3193195 0.1089384
0.3209953 0.1352612
0.3222705 0.1616198
0.3226443 0.1880071
0.3226443 0.2144064
0.3175046 0.2398478
0.310235 0.2648924
0.3054435 0.2906438
0.3016642 0.3166838
0.3008679 0.3430074
