0.2900156 0.4604439
0.3149499 0.4660599
0.3399232 0.4714948
0.3651246 0.4755402
0.3904829 0.4786307
0.415844 0.4816853
0.4413638 0.482722
0.4668835 0.4837587
0.4923411 0.4856335
0.5093433 0.4884979
0.5347272 0.4913624
0.5602174 0.4922788
0.5857576 0.4922788
0.611289 0.4926032
0.6367898 0.494042
0.6622077 0.4963317
0.6874912 0.5
0.6917409 0.4872167
0.6917409 0.4612779
0.6917409 0.4353392
0.6923355 0.4094135
0.6934449 0.3834992
0.6947083 0.3575944
0.6966673 0.331732
0.698626 0.3058697
0.7005849 0.2800073
0.7021894 0.2541311
0.7021894 0.2281924
0.7021894 0.2022536
0.7016434 0.1763425
0.699102 0.1505325
0.6961135 0.1247936
0.6907621 0.09943068
0.6848249 0.07420573
0.6689658 0.05985439
0.6436843 0.0572015
0.6181442 0.0572015
0.5926039 0.0572015
0.5671963 0.05882818
0.5420036 0.06309244
0.5168109 0.06735677
0.5 0.07162109
0.4748073 0.07588539
0.4496146 0.08014971
0.4244074 0.08431852
0.3991238 0.08798677
0.3738404 0.09165505
0.3484573 0.09452704
0.3230873 0.09750271
0.2978038 0.101171
0.2724453 0.1029433
0.2677727 0.1243014
0.2747969 0.1490149
0.2764958 0.1748962
0.2769548 0.2008194
0.2769548 0.2267581
0.2778622 0.2526785
0.278883 0.2785965
0.2800618 0.3045066
0.2815616 0.3304006
0.2833314 0.356276
0.2853802 0.3821307
0.2874034 0.4079762
