0.2584209 0.3752732
0.2635873 0.352335
0.2681361 0.3292945
0.2700093 0.3058112
0.2718826 0.282328
0.2732826 0.2588111
0.2744682 0.235279
0.2748079 0.2117237
0.2748079 0.188159
0.2748079 0.1645943
0.2700153 0.1417001
0.267785 0.1184475
0.267785 0.09488294
0.283957 0.08051071
0.3041356 0.07133657
0.3263286 0.06712469
0.3488851 0.06712469
0.3714053 0.06613448
0.3938954 0.06432721
0.4163855 0.06251985
0.4389316 0.06223342
0.4614882 0.06223342
0.4840447 0.06223342
0.5040696 0.06223342
0.5266262 0.06223342
0.5491828 0.06223342
0.5717202 0.06311309
0.5942535 0.06418309
0.6167783 0.06542146
0.639296 0.06680521
0.6506667 0.08402199
0.6615272 0.1046154
0.6701722 0.1261039
0.6753384 0.1490422
0.6795915 0.172172
0.6832998 0.195416
0.6870081 0.21866
0.6896788 0.2420302
0.6911793 0.2655427
0.6926798 0.2890552
0.6936558 0.3125859
0.6936558 0.3361506
0.6936558 0.3597152
0.6933686 0.3832654
0.6911958 0.4067205
0.689023 0.4301756
0.6868504 0.4536307
0.684613 0.4770792
0.6775656 0.4986222
0.6553204 0.5
0.6331772 0.4967754
0.6113497 0.4908456
0.5893928 0.4854484
0.5672208 0.4812828
0.5448537 0.4782349
0.5224742 0.4753083
0.5 0.4732958
0.4800575 0.4712834
0.4575833 0.4692709
0.435114 0.4672015
0.4126501 0.465068
0.3902728 0.4623692
0.3682939 0.4570704
