0.2448032 0.7455285
0.2307875 0.7070049
0.2167719 0.6684814
0.2075238 0.6284024
0.2012694 0.5873466
0.195015 0.5462908
0.1887607 0.505235
0.1866453 0.4836262
0.185594 0.4419817
0.1845427 0.4003371
0.1834914 0.3586926
0.1815552 0.3171247
0.1769894 0.2757849
0.1724236 0.2344451
0.1683744 0.1930688
0.1948983 0.1830904
0.2311151 0.190543
0.2673319 0.1979957
0.3037287 0.2031893
0.3405392 0.2031893
0.3773498 0.2031893
0.4141603 0.2031893
0.4509709 0.2031893
0.4877666 0.2024693
0.5067102 0.2005337
0.543481 0.1985981
0.5802518 0.1966624
0.6170226 0.1947267
0.6537934 0.1927911
0.6905424 0.1903959
0.7272855 0.1878756
0.7640287 0.1853553
0.8007718 0.1828349
0.8375484 0.1815642
0.847959 0.2114431
0.847959 0.2531046
0.8467932 0.2947113
0.8437362 0.3362289
0.8406793 0.3777466
0.8361928 0.4190031
0.8275555 0.4595016
0.8189183 0.5
0.810281 0.5205831
0.8020494 0.5611852
0.794466 0.6019531
0.7868828 0.6427211
0.7771109 0.6828752
0.7669983 0.7229338
0.7511495 0.7544359
0.7157553 0.7658812
0.6801477 0.7763816
0.6442412 0.785558
0.6083347 0.7947344
0.5724282 0.8039109
0.5363825 0.8122563
0.5 0.8185912
0.4814447 0.8249262
0.4450622 0.8312612
0.4086797 0.8375961
0.372255 0.8435545
0.3356272 0.8477
0.2989993 0.8518455
0.2623715 0.8559909
0.2256962 0.8590606
