0.3610388 0.7413443
0.351993 0.6956611
0.3495721 0.6466277
0.3487062 0.5972615
0.3487062 0.5478525
0.3487062 0.5
0.3487062 0.450591
0.3512735 0.4015192
0.3532712 0.3522963
0.3563328 0.3033598
0.3608861 0.2547793
0.3665549 0.2067067
0.3779801 0.166637
0.4002437 0.1467945
0.4252146 0.1467945
0.4501856 0.1467945
0.4750787 0.1501946
0.5 0.1533034
0.5066727 0.1603145
0.5313651 0.1676666
0.5560851 0.174654
0.5809529 0.1791376
0.6058252 0.1835264
0.6307023 0.1878067
0.6556553 0.1886265
0.6806263 0.1886265
0.7055972 0.1886265
0.7305682 0.1886265
0.7553768 0.19166
0.7799503 0.1990845
0.7773377 0.2407354
0.7668123 0.2855268
0.7545699 0.3285904
0.743566 0.3729177
0.7319506 0.4165863
0.7195377 0.4594163
0.7087638 0.5024334
0.6989101 0.5477712
0.6907492 0.5944623
0.683352 0.6416487
0.6748787 0.6880234
0.6667473 0.7334508
0.6471902 0.7492546
0.6229922 0.7613446
0.5990853 0.7743393
0.574225 0.7789807
0.5500787 0.7911108
0.5252863 0.7936343
0.5003153 0.7936343
0.4933839 0.7944543
0.4684328 0.7964292
0.4434688 0.7971203
0.4184979 0.7971203
0.3935269 0.7971203
0.3685559 0.7971203
0.3436842 0.7934412
0.3188553 0.7881775
0.2940425 0.7826291
0.2692361 0.7769656
0.2444297 0.7713022
0.2196307 0.7655497
0.195214 0.755197
0.1707973 0.7448444
0.1460991 0.7378584
