0.226242 0.633908
0.2189825 0.5984172
0.2117229 0.5629263
0.2069321 0.5269699
0.2043488 0.5
0.2017654 0.4636274
0.1993228 0.4272479
0.1993228 0.3907492
0.1993228 0.3542505
0.1993228 0.3177518
0.1993228 0.2812531
0.1993228 0.2447545
0.2006766 0.2082919
0.2020891 0.1718308
0.2105248 0.1449721
0.2416319 0.1449721
0.2727391 0.1449721
0.3038463 0.1449721
0.3349534 0.1449721
0.366004 0.1434865
0.3969872 0.140231
0.4279704 0.1369754
0.4589536 0.1337199
0.4899368 0.1304644
0.5021924 0.1272089
0.5331756 0.1239534
0.5641872 0.1210949
0.5951992 0.118241
0.6262111 0.1153871
0.657223 0.1125332
0.6882249 0.109563
0.7190919 0.1050358
0.7499589 0.1005087
0.7608533 0.1229934
0.7608533 0.1594921
0.7608533 0.1959908
0.7608533 0.2324894
0.7608533 0.2689881
0.7608533 0.3054868
0.7608533 0.3419855
0.7608533 0.3784842
0.7604618 0.4149786
0.759875 0.4514708
0.7592882 0.487963
0.7587013 0.5150524
0.7581145 0.5515447
0.7556623 0.5878798
0.7518039 0.6240967
0.7441362 0.6584262
0.7174416 0.6710805
0.6864169 0.671364
0.6553577 0.6693394
0.6242984 0.6673148
0.5932372 0.6653376
0.5621581 0.6637859
0.5310791 0.6622341
0.5 0.6606824
0.4876485 0.6591307
0.4565532 0.658474
0.425446 0.658474
0.3943388 0.658474
0.3632317 0.658474
0.3321245 0.658474
