0.2181318 0.6830738
0.219709 0.6465075
0.2208713 0.6099139
0.2208713 0.5732438
0.2218745 0.536609
0.2236108 0.5
0.2236108 0.4684752
0.2236108 0.431805
0.2236108 0.3951348
0.2228993 0.3584855
0.2209782 0.3218718
0.2208713 0.2852048
0.2207132 0.248543
0.2181318 0.2120091
0.2153922 0.175579
0.2379086 0.1777636
0.2724079 0.1806007
0.3070306 0.1804321
0.3413788 0.1757393
0.375727 0.1710466
0.4099095 0.1652357
0.4439634 0.1585585
0.4781251 0.1525978
0.5005738 0.1477513
0.5349029 0.1429048
0.5688643 0.1357194
0.6028247 0.1285278
0.6368391 0.1216332
0.6708931 0.1149559
0.7048806 0.1079232
0.7387707 0.1003688
0.7731699 0.09648103
0.7926864 0.1126629
0.7952498 0.1491827
0.7952498 0.1858529
0.7952498 0.2225231
0.7952498 0.2591933
0.7952498 0.2958634
0.7925151 0.3323605
0.7883887 0.3687695
0.782874 0.4049568
0.7766787 0.4410355
0.7707192 0.4771586
0.7649134 0.5081601
0.7612879 0.5446287
0.7540126 0.5802985
0.7453995 0.6156436
0.7426692 0.6521908
0.7296715 0.6772724
0.6950386 0.6772724
0.6606219 0.6735948
0.6262563 0.6690464
0.5918483 0.6649452
0.5573116 0.6622171
0.5227525 0.6598684
0.5 0.6598684
0.465367 0.6598684
0.4307341 0.6598684
0.3961011 0.6598684
0.3614682 0.6598684
0.3268352 0.6598684
0.29269 0.6640629
0.2582439 0.6656697
0.2236109 0.6656697
