0.1658712 0.7680054
0.1643708 0.7311636
0.1633435 0.6943038
0.1598385 0.6576209
0.1582879 0.6208176
0.1589235 0.5839362
0.1608157 0.5470892
0.1608157 0.5101903
0.1608157 0.4751338
0.1608157 0.4382349
0.1608157 0.401336
0.1608157 0.364437
0.1608157 0.3275381
0.1608157 0.2906392
0.1608157 0.2537403
0.1608157 0.2168413
0.1649492 0.1840362
0.2014963 0.1903798
0.2384404 0.1951523
0.2756056 0.1965536
0.3128627 0.1965536
0.3501198 0.1965536
0.3873768 0.1965536
0.4245712 0.1944413
0.461764 0.1922745
0.4986438 0.1874065
0.5296527 0.181172
0.5664272 0.1752833
0.6033575 0.1704066
0.6402368 0.1652058
0.6769137 0.1587193
0.7135383 0.1519641
0.7500226 0.1444881
0.7865199 0.137075
0.8224339 0.1349892
0.8274876 0.1715017
0.8274895 0.2084005
0.8258384 0.2452484
0.8226529 0.2820061
0.8183193 0.3186393
0.8121943 0.3550362
0.8089862 0.3917242
0.8076564 0.4285996
0.8038586 0.4652724
0.7989072 0.5
0.7930965 0.5364474
0.7866737 0.5727928
0.7801242 0.6091172
0.7772342 0.6458845
0.7763214 0.6827357
0.7744063 0.7195166
0.7520322 0.7427847
0.7166436 0.7539533
0.6820036 0.7667734
0.6456519 0.7740921
0.6098515 0.783855
0.5730183 0.7889795
0.5363377 0.7942427
0.5 0.80142
0.4685389 0.8038749
0.431347 0.8055575
0.394123 0.8066062
0.3569117 0.8080609
