0.2171398 0.7219208
0.2043012 0.68167
0.1960169 0.638798
0.1902728 0.5949766
0.1858314 0.5510125
0.1851034 0.506483
0.1812439 0.4661362
0.1810147 0.4215622
0.182308 0.3770294
0.1852035 0.332647
0.190063 0.2886895
0.1982282 0.2456964
0.2023407 0.2014932
0.2140894 0.1603492
0.239151 0.1413929
0.268859 0.128164
0.2995449 0.1220533
0.3305532 0.118356
0.3616695 0.118356
0.3927857 0.118356
0.423902 0.118356
0.4550183 0.118356
0.4861346 0.118356
0.5138304 0.118356
0.5449466 0.118356
0.5760629 0.118356
0.6071792 0.118356
0.6382955 0.118356
0.6694118 0.118356
0.7005085 0.119754
0.7316 0.1215364
0.7622606 0.1287758
0.7929734 0.13587
0.8182125 0.1520739
0.8230292 0.1938091
0.8212433 0.2381501
0.8144139 0.2816443
0.8065174 0.3247763
0.8000692 0.3683648
0.7918092 0.4113129
0.7889315 0.4557074
0.7854701 0.5
0.779314 0.5397576
0.771419 0.5828902
0.7654419 0.6265938
0.748705 0.6563419
0.7194075 0.6702383
0.7074289 0.7063149
0.7074289 0.7509094
0.6825772 0.7598876
0.6514609 0.7598876
0.6203446 0.7598876
0.5892283 0.7598876
0.558112 0.7598876
0.5270647 0.7569212
0.5 0.7483444
0.4693538 0.7413296
0.4385911 0.7356853
0.4084641 0.7246025
0.3794395 0.7085642
0.3497288 0.6953481
0.3194556 0.6856737
0.2890041 0.6769588
0.2604899 0.6701483
