0.2589126 0.6658009
0.2576208 0.6325022
0.2547959 0.5992489
0.2522052 0.5659783
0.2474834 0.5329254
0.2415314 0.5
0.2361962 0.4702861
0.23156 0.4371927
0.2292961 0.4039192
0.2266119 0.3706825
0.2215616 0.3376374
0.2203947 0.3043571
0.2200236 0.2710149
0.218059 0.23771
0.2157707 0.2044218
0.215259 0.1710851
0.215259 0.1377342
0.215259 0.1043833
0.2418835 0.1020258
0.2771828 0.1124499
0.3118883 0.1248361
0.3485745 0.1308265
0.3854517 0.1362596
0.4221581 0.1425579
0.4589769 0.1482459
0.4960131 0.1527521
0.5144579 0.1572582
0.551587 0.1607915
0.5889438 0.1619409
0.6263072 0.1627496
0.6636863 0.1627496
0.7010653 0.1627496
0.738409 0.1616755
0.7756777 0.1592021
0.8001144 0.1714136
0.8026822 0.2046017
0.8026822 0.2379526
0.8026822 0.2713036
0.8016579 0.3045594
0.7939574 0.3371949
0.7897063 0.3702927
0.7867219 0.4035323
0.7847573 0.4368371
0.7847072 0.4701869
0.7829366 0.5002011
0.7821394 0.5335311
0.7821394 0.5668821
0.7821394 0.600233
0.7821394 0.633584
0.7573205 0.6531219
0.7210304 0.6608504
0.684896 0.6692984
0.647815 0.6732623
0.6112497 0.6796827
0.5743213 0.6842239
0.5371473 0.6876833
0.5 0.6910034
0.4817055 0.6945764
0.4444657 0.6955857
0.4079201 0.700168
0.3705411 0.700168
0.3333657 0.7020035
0.2962916 0.7047502
