0.2769727 0.4170193
0.2960115 0.4333699
0.3175536 0.4432666
0.3388275 0.4541581
0.3612447 0.459123
0.3838289 0.4632224
0.4063014 0.4682563
0.428727 0.4736837
0.4513313 0.4770071
0.474101 0.4783847
0.4967865 0.480913
0.5016384 0.4854136
0.5242714 0.4886222
0.5470463 0.4898348
0.5698214 0.4910474
0.5924654 0.4944736
0.6151457 0.4970364
0.637915 0.4974866
0.660574 0.5
0.6775838 0.4909466
0.6846483 0.4622384
0.6895928 0.4326207
0.6931931 0.4026881
0.6961411 0.3726028
0.6986282 0.3424529
0.7004459 0.3122094
0.7022636 0.2819659
0.7032127 0.251653
0.7041237 0.2213371
0.7045664 0.1910087
0.7045664 0.1606685
0.7055219 0.1303636
0.7067863 0.1000701
0.7041543 0.07324234
0.6814888 0.07051384
0.6591809 0.06431875
0.6366421 0.0604277
0.6138883 0.05864608
0.5911118 0.05750889
0.5683322 0.05646327
0.5455527 0.05541274
0.5227764 0.05424669
0.5 0.05308059
0.4949043 0.05249718
0.4721111 0.05249718
0.4493335 0.05316094
0.4265847 0.05505353
0.403801 0.05546081
0.3810078 0.05546081
0.3582146 0.05546081
0.3354214 0.05546081
0.3192745 0.06430766
0.3168991 0.09439668
0.3155606 0.1246845
0.314285 0.154977
0.313087 0.1852753
0.3119243 0.2155759
0.310786 0.2458782
0.3087744 0.276087
0.3062573 0.3062416
0.3008393 0.3356711
0.2964019 0.3653122
0.2947839 0.3955697
0.2947839 0.4259098
