0.2245333 0.6827199
0.2291652 0.6434522
0.2291652 0.6003295
0.2272656 0.5573342
0.2268493 0.5142394
0.2268493 0.4847956
0.2253497 0.4417289
0.2245333 0.3986366
0.2245333 0.3555138
0.2245333 0.312391
0.2245333 0.2692683
0.2245333 0.2261455
0.2234301 0.1831214
0.2199015 0.140314
0.2163382 0.1021379
0.2452165 0.1177985
0.2767907 0.124822
0.3085735 0.1297108
0.3405427 0.132171
0.3725119 0.1346311
0.404385 0.1387164
0.436241 0.1430939
0.4680969 0.1474715
0.5 0.1506004
0.5151215 0.1506004
0.5471428 0.1506004
0.5791641 0.1506004
0.6111855 0.1506004
0.64316 0.1493354
0.6750224 0.1450445
0.7068319 0.1402776
0.7382314 0.1318205
0.7699681 0.1266547
0.8014523 0.1194119
0.8028296 0.1606799
0.8023083 0.2037832
0.8005321 0.2468396
0.7924488 0.2885565
0.7871219 0.3309453
0.783409 0.3737306
0.7756427 0.4155658
0.7674297 0.4572456
0.7640718 0.5
0.7593795 0.528921
0.7567655 0.5718777
0.755108 0.614854
0.7541949 0.6578894
0.7359799 0.6764822
0.7039585 0.6764822
0.6722744 0.6705456
0.6403378 0.6675077
0.608942 0.6592937
0.5771605 0.6543705
0.5452393 0.6515314
0.5132179 0.6515314
0.4980965 0.6515314
0.4660752 0.6515314
0.4340538 0.6515314
0.4022377 0.6563146
0.3709487 0.6648169
0.3399938 0.6739587
0.3087327 0.6827199
0.2788077 0.6918502
