0.2252466 0.7341307
0.2252466 0.6920847
0.2229464 0.6502127
0.2224353 0.6081917
0.2206462 0.5662329
0.2206462 0.5241869
0.2206462 0.4932256
0.2210803 0.4512008
0.2238506 0.409368
0.2296856 0.3680849
0.234261 0.3265216
0.2392326 0.2850435
0.2470368 0.2452487
0.2694938 0.220317
0.295579 0.1992273
0.3227105 0.1794724
0.3498339 0.1595784
0.3783235 0.1437056
0.4076121 0.1315264
0.4378272 0.1233653
0.4683598 0.1178084
0.4991361 0.1172609
0.5030692 0.1172609
0.5338721 0.1172609
0.5643944 0.1216971
0.5947418 0.1289014
0.6253095 0.1340249
0.6559093 0.1388444
0.6854083 0.1507529
0.7144365 0.1647746
0.7425757 0.1816337
0.7689755 0.2032171
0.7909936 0.2321032
0.8125247 0.261683
0.8217309 0.2973844
0.8200876 0.3392906
0.8127195 0.3800539
0.8050237 0.4207464
0.7935838 0.4597851
0.7846646 0.5
0.7744156 0.5285392
0.7663792 0.5689252
0.7599319 0.6100063
0.7524261 0.6507841
0.746125 0.6916716
0.7185616 0.6964534
0.6877587 0.6964534
0.6569558 0.6964534
0.6261529 0.6964534
0.5955247 0.7007591
0.564824 0.70394
0.534083 0.7063627
0.5036127 0.7125245
0.5 0.7185186
0.4692356 0.7206182
0.438476 0.7228448
0.4077111 0.7247114
0.3769082 0.7247114
0.3461053 0.7247114
0.3153025 0.7247114
0.2844996 0.7247114
0.2536967 0.7247114
0.2228939 0.7247114
