0.2296066 0.7532572
0.2229194 0.7061117
0.2157359 0.65874
0.2117543 0.6104746
0.2090784 0.5620064
0.2060136 0.513652
0.2060136 0.4888526
0.2060136 0.440207
0.2058687 0.3915659
0.2043927 0.3429663
0.2024109 0.2944064
0.2002486 0.2458595
0.1995792 0.1972438
0.1974344 0.1487893
0.2299016 0.1571631
0.2632745 0.1662387
0.2967358 0.1746926
0.330425 0.1806286
0.3642859 0.1846684
0.3981666 0.1882979
0.4320953 0.1909236
0.4660241 0.1935492
0.5 0.1936775
0.5085166 0.1936775
0.5424904 0.1934153
0.5764284 0.1910451
0.6103663 0.188675
0.6442675 0.1854939
0.6781347 0.1815625
0.711917 0.1767302
0.7453031 0.1676873
0.7786891 0.1586445
0.8120834 0.149664
0.8433002 0.1364825
0.8415107 0.1850119
0.8391562 0.2335392
0.8372473 0.2821078
0.8355124 0.3306898
0.8338977 0.3792803
0.8322899 0.4278709
0.8299266 0.476359
0.8225557 0.5
0.8203172 0.5484802
0.8169301 0.5968484
0.8071483 0.6335014
0.77317 0.6335014
0.7391918 0.6335014
0.7052134 0.6335014
0.6712351 0.6335014
0.6372568 0.6335014
0.603569 0.6379763
0.5699295 0.6441444
0.5360329 0.647499
0.5031681 0.6579569
0.4957823 0.6699386
0.4642706 0.6858872
0.432246 0.7005805
0.4007781 0.7167054
0.3694857 0.7346997
0.3371873 0.7486196
0.3043917 0.7611946
0.2718152 0.7747372
0.2387558 0.7839638
0.2060139 0.7778229
