0.3030459 0.462636
0.3240935 0.4709845
0.3453439 0.4782685
0.3673586 0.4815431
0.3893733 0.4848176
0.4113401 0.488518
0.4333032 0.4922515
0.455324 0.4950181
0.4775101 0.4950181
0.4996961 0.4950181
0.5127136 0.4950181
0.5348996 0.4950181
0.5570857 0.4950181
0.5792452 0.4960912
0.6013963 0.4975091
0.6235619 0.4977551
0.645561 0.5
0.654004 0.4773106
0.6610198 0.4522653
0.6662875 0.4267032
0.6699349 0.4006622
0.6738058 0.3746719
0.6784544 0.3488578
0.6831031 0.3230436
0.6878672 0.2972597
0.6927372 0.2715034
0.6976074 0.2457472
0.7024775 0.2199909
0.7056091 0.1938998
0.7078167 0.1676306
0.7098738 0.1413444
0.7104477 0.1149752
0.7069994 0.09051973
0.688463 0.07618406
0.6671306 0.0689314
0.6457982 0.06167868
0.6236865 0.05959421
0.6016315 0.05676571
0.5795756 0.05412316
0.5573896 0.05412316
0.5352035 0.05412316
0.5130174 0.05412316
0.5 0.05412316
0.4778139 0.05412316
0.4557478 0.05620271
0.4337699 0.05980995
0.4117919 0.0634172
0.3897187 0.06603333
0.3676238 0.06842345
0.3459459 0.0737431
0.3243071 0.07903245
0.3184775 0.09994933
0.3151498 0.1260398
0.3097689 0.1516517
0.305223 0.177474
0.3014216 0.2034837
0.2970339 0.2293421
0.2914336 0.2548873
0.2860289 0.28048
0.2827775 0.3065951
0.2795262 0.3327102
0.2760737 0.3587877
0.2737395 0.384958
0.2758327 0.4103264
