0.1765277 0.8546256
0.1844773 0.8126065
0.1872617 0.7699881
0.1897959 0.7269894
0.1899452 0.6839014
0.1899452 0.6408077
0.1899452 0.5977141
0.1899452 0.5546204
0.1899452 0.5115268
0.1904856 0.4749214
0.1934047 0.4319373
0.1959876 0.3889321
0.1979364 0.3458872
0.2006381 0.3028876
0.208261 0.2606044
0.2198199 0.219263
0.2550074 0.2175645
0.2959789 0.2175645
0.3368968 0.2160966
0.377282 0.2094132
0.4176416 0.2021041
0.4579744 0.1946763
0.497927 0.1851259
0.530425 0.1805209
0.571285 0.1775104
0.6122284 0.1759155
0.6531002 0.1731052
0.6939263 0.1695821
0.7348977 0.1695821
0.7758693 0.1695821
0.8168406 0.1695821
0.8302039 0.2050661
0.8338455 0.2479076
0.8338455 0.2910013
0.8338455 0.334095
0.8338455 0.3771887
0.8338455 0.4202823
0.8338455 0.463376
0.8338988 0.5
0.8361715 0.5430273
0.836529 0.5861105
0.836529 0.6292042
0.836529 0.6722978
0.836529 0.7153915
0.836529 0.7584852
0.8186672 0.7878116
0.7795885 0.8004469
0.7422737 0.8181081
0.7024212 0.8270886
0.6626731 0.8375404
0.6223067 0.8445886
0.5815974 0.8494262
0.5408174 0.8535693
0.5 0.8573025
0.4672244 0.8574481
0.4262529 0.8574481
0.3852926 0.8571649
0.3444627 0.8535861
0.3035851 0.8507746
0.2626936 0.8483136
0.2222044 0.8422732
0.1840549 0.8265679
0.1503847 0.8045485
