0.2444729 0.5615491
0.2462251 0.5289527
0.2467054 0.5
0.2484284 0.4672611
0.2484284 0.4344518
0.2533326 0.4022018
0.2565758 0.3696525
0.2597455 0.3370799
0.2635263 0.3046004
0.2666514 0.2720411
0.2681343 0.2392823
0.2740334 0.2073055
0.2787988 0.1750447
0.2818992 0.1424667
0.2855522 0.1099725
0.299159 0.08964312
0.3258933 0.08964312
0.3526276 0.08964312
0.3793619 0.08964312
0.4059713 0.08657092
0.4324485 0.08219951
0.4588341 0.07706174
0.4854897 0.07454541
0.5 0.07231429
0.5267111 0.07094842
0.5534332 0.07022578
0.5801675 0.07022578
0.6069018 0.07022578
0.6336361 0.07022578
0.6603705 0.07022578
0.6871048 0.07022578
0.7138391 0.07022578
0.7287293 0.08476123
0.7289578 0.1175598
0.730707 0.1502867
0.730707 0.183096
0.7312119 0.2158992
0.731736 0.2487022
0.7322601 0.2815052
0.7323104 0.3142924
0.7303354 0.3470121
0.7284179 0.3797366
0.7267485 0.4124818
0.7227826 0.4449281
0.7208183 0.4775576
0.716376 0.5056868
0.7089518 0.5370052
0.6966177 0.5609753
0.6710143 0.553511
0.6443767 0.5518404
0.6176424 0.5518404
0.5909376 0.5531445
0.5642393 0.554838
0.5375325 0.5563278
0.5108258 0.5578176
0.4963114 0.5597278
0.4698729 0.5645947
0.4432485 0.5664034
0.4167835 0.5630658
0.3907655 0.5556332
0.3649884 0.5469471
0.3391407 0.5386463
0.3141133 0.5271862
