0.2401024 0.7672172
0.2256614 0.7304364
0.2179212 0.6863747
0.2101848 0.6420738
0.2069168 0.5967895
0.1992993 0.5524269
0.1935868 0.5075799
0.1899158 0.4704178
0.1845687 0.4254915
0.1805924 0.3803175
0.1790951 0.3348713
0.1771936 0.2894751
0.1771936 0.2439859
0.1771936 0.1984968
0.1789411 0.1533819
0.207595 0.145707
0.2419985 0.1483544
0.2761519 0.1545006
0.3104885 0.1584443
0.3448493 0.1619779
0.3793047 0.163277
0.4137648 0.164156
0.4482343 0.164156
0.4827033 0.1640545
0.5 0.1635316
0.5344672 0.1630088
0.5689344 0.162486
0.6034017 0.1619631
0.6376116 0.1569255
0.6717504 0.1506391
0.7059519 0.1450056
0.7401985 0.1398405
0.7741287 0.1319474
0.8074564 0.1207255
0.825808 0.1380104
0.825808 0.1834996
0.8246037 0.228947
0.8216588 0.2742592
0.8163649 0.3191765
0.8101988 0.3639319
0.8081689 0.4093353
0.8055686 0.4546941
0.8025161 0.5
0.799596 0.5372365
0.7926061 0.5787947
0.7908586 0.6237395
0.7908586 0.6692287
0.7807696 0.709749
0.7536353 0.7374362
0.7211027 0.752281
0.6875035 0.7622467
0.6531149 0.7642455
0.6187181 0.7671506
0.5843381 0.7693139
0.5502234 0.7741356
0.5157539 0.7741356
0.4986719 0.7784501
0.4642833 0.7775253
0.4300911 0.7730395
0.396132 0.7654065
0.3625186 0.7602988
0.3280491 0.7602988
0.2937947 0.762605
0.2593252 0.762605
