0.2261343 0.7093444
0.2200578 0.6699234
0.214063 0.630492
0.214063 0.5902904
0.214063 0.5500887
0.214063 0.509887
0.214063 0.470246
0.2116568 0.430186
0.2088517 0.3901495
0.2060465 0.3501129
0.2032413 0.3100764
0.2011745 0.2699735
0.1997007 0.2298174
0.198227 0.1896613
0.194356 0.1498007
0.2220179 0.1460621
0.253002 0.1460621
0.2838914 0.1432023
0.3147611 0.1397495
0.3456308 0.1362966
0.3765005 0.1328438
0.4073702 0.1293909
0.4382399 0.125938
0.4691096 0.1224852
0.5 0.1194287
0.5149516 0.117454
0.5458984 0.1154793
0.5768452 0.1135045
0.607792 0.1115298
0.6387388 0.109555
0.6696855 0.1075803
0.7006323 0.1056055
0.7315917 0.1042959
0.7625759 0.1042959
0.7935601 0.1042959
0.7890418 0.1440275
0.7826588 0.1833669
0.7762757 0.2227062
0.7700641 0.2620912
0.7639877 0.3015121
0.7579111 0.3409331
0.7518346 0.380354
0.7457581 0.419775
0.7437091 0.4598603
0.7419904 0.5
0.7402717 0.5395791
0.738553 0.5797189
0.7372501 0.6198736
0.7372501 0.6600752
0.7372501 0.7002769
0.7213292 0.7189347
0.690452 0.7155961
0.6595107 0.7137235
0.6285408 0.7125058
0.5975708 0.7112882
0.5666008 0.7100705
0.5356282 0.709705
0.5046517 0.7105982
0.4896703 0.7114913
0.4586938 0.7123845
0.4277172 0.7132776
0.3967407 0.7141707
0.3657599 0.7145652
0.3347757 0.7145652
