0.2533657 0.8697445
0.2383405 0.8336223
0.2304249 0.7955019
0.2228549 0.7572842
0.2173343 0.7187507
0.2121017 0.6801727
0.206869 0.6415948
0.2016364 0.6030169
0.1976439 0.5643336
0.1957643 0.5254709
0.1938846 0.4935302
0.1920049 0.4546675
0.1904783 0.4157969
0.1904783 0.3768921
0.1904783 0.3379874
0.1904783 0.2990827
0.1904783 0.260178
0.2234879 0.2530167
0.2639396 0.2533248
0.3043776 0.2545032
0.3448157 0.2556816
0.3852499 0.2566567
0.4256169 0.2540688
0.4659838 0.2514808
0.5 0.248893
0.540367 0.246305
0.5807098 0.2433984
0.6210409 0.2403365
0.6613721 0.2372746
0.7017032 0.2342127
0.7418265 0.2292416
0.7819433 0.2242097
0.8092302 0.2354952
0.8134851 0.2741812
0.816588 0.3129714
0.8196909 0.3517615
0.8227938 0.3905517
0.8258967 0.4293419
0.8289995 0.468132
0.8321024 0.5
0.8352053 0.5387902
0.8365843 0.577644
0.8365843 0.6165487
0.8365843 0.6554534
0.8365843 0.6943582
0.8279002 0.7320699
0.8165724 0.7694185
0.8008713 0.8046643
0.762809 0.8092694
0.7223524 0.8092694
0.6818959 0.8092694
0.6414393 0.8092694
0.6010091 0.8098791
0.5606922 0.8131099
0.5203754 0.8163408
0.4864093 0.8195716
0.4460925 0.8228025
0.4057045 0.8243881
0.3652479 0.8243881
0.3247913 0.8243881
0.2843347 0.8243881
0.2438782 0.8243881
0.2034216 0.8243881
