0.3930499 0.4893263
0.3674901 0.4875074
0.3473507 0.4773198
0.3319616 0.4597979
0.3214515 0.4400533
0.3129785 0.4193807
0.3053835 0.3985596
0.3039991 0.3766892
0.3026147 0.3548188
0.3012304 0.3329484
0.299846 0.3110781
0.2998633 0.2891967
0.3007787 0.2673084
0.3016941 0.24542
0.3032565 0.2235873
0.3074731 0.201983
0.3116896 0.1803787
0.3173109 0.1591307
0.3275913 0.1390648
0.3382447 0.1191694
0.3521143 0.1007457
0.3664533 0.08268344
0.3864814 0.06900114
0.4092557 0.06066054
0.434606 0.05733016
0.4602286 0.05704227
0.4858771 0.05704227
0.5 0.06151712
0.5248827 0.06682923
0.549315 0.07327282
0.5728365 0.08200586
0.5963578 0.09073886
0.6192096 0.1004995
0.6402975 0.1129664
0.6597569 0.126954
0.6761767 0.1437799
0.6919224 0.1610501
0.7068302 0.1788727
0.7180619 0.1980087
0.7224566 0.219587
0.7268512 0.2411654
0.7294425 0.2629018
0.7302694 0.2847928
0.7310964 0.3066837
0.7319233 0.3285746
0.7260264 0.3495904
0.7176003 0.3702771
0.7091743 0.3909638
0.6968216 0.4100445
0.683228 0.4286176
0.6686915 0.4466315
0.6530535 0.4639918
0.6336306 0.4770812
0.6096812 0.4848731
0.5849685 0.4907351
0.5602558 0.4965971
0.5347816 0.4986965
0.5091876 0.5
0.4944196 0.5
0.4702325 0.4929164
0.4456795 0.4867159
0.4207129 0.4816994
0.3973544 0.4736541
0.3774258 0.4599737
