0.5505983 0.5
0.5278806 0.5
0.5051629 0.5
0.4879459 0.5
0.4653147 0.4978285
0.4427263 0.4945824
0.4201378 0.4913363
0.3985517 0.4824836
0.3773223 0.4716361
0.3579798 0.4567622
0.3414878 0.4358061
0.3249959 0.41485
0.3135869 0.3891424
0.304638 0.3611353
0.2976187 0.3324513
0.2951985 0.3021539
0.2927783 0.2718566
0.2912396 0.2414961
0.2912396 0.2110253
0.2912396 0.1805546
0.2958717 0.1509306
0.3019519 0.1215715
0.3155511 0.09777924
0.3323099 0.07797548
0.3533824 0.06681871
0.3754219 0.05942845
0.3978192 0.05593762
0.4205368 0.05593762
0.4432545 0.05593762
0.4659722 0.05593762
0.4886899 0.05593762
0.5059068 0.05593762
0.5283688 0.05974379
0.55072 0.06519461
0.5729978 0.07112801
0.5951506 0.07788092
0.6172628 0.08478612
0.6375822 0.09841302
0.6575034 0.1128807
0.6753341 0.1317618
0.6931648 0.1506428
0.7078593 0.1734745
0.7207904 0.1985274
0.7250275 0.228448
0.7283841 0.2585355
0.7298012 0.2889469
0.7262802 0.3186147
0.71987 0.3478472
0.7077823 0.3732615
0.6941516 0.3976381
0.680521 0.4220147
0.6645437 0.4434586
0.6473762 0.4634149
0.6283265 0.4795912
0.6075718 0.4913489
0.5850824 0.4956581
0.5624266 0.4968281
0.5397089 0.4968281
0.5170248 0.4952987
0.5 0.4926539
0.479187 0.4804406
0.4591857 0.4664255
0.4414462 0.4473906
0.4307638 0.4207034
