0.315697 0.3864329
0.3056276 0.3650628
0.2955582 0.3436928
0.2908407 0.3200112
0.2875041 0.2957331
0.2841675 0.271455
0.2823908 0.2470204
0.2823908 0.2224074
0.2848288 0.1984625
0.2935545 0.1762404
0.3024598 0.1541305
0.3123162 0.1326149
0.323438 0.1122568
0.3377891 0.09485283
0.3533763 0.07947192
0.3712841 0.06788936
0.3901533 0.05894235
0.4097894 0.05432552
0.430085 0.05432552
0.4503805 0.05432552
0.4706761 0.05432552
0.4909716 0.05432552
0.5097223 0.05687991
0.5298431 0.0601027
0.5499639 0.06332546
0.5700847 0.06654826
0.5902056 0.06977102
0.6090258 0.07880729
0.6277309 0.08835855
0.646436 0.09790981
0.6646627 0.1084241
0.6803706 0.1240099
0.6960785 0.1395958
0.7078525 0.1589327
0.716635 0.1811218
0.7250988 0.2034068
0.7258788 0.2280015
0.7266589 0.2525963
0.7222002 0.276175
0.7151335 0.2992478
0.7080669 0.3223206
0.6996527 0.3445016
0.6874753 0.3641919
0.675298 0.3838823
0.6612677 0.4014227
0.6455848 0.4170455
0.6299019 0.4326684
0.6136354 0.4471837
0.5953581 0.4578841
0.577081 0.4685846
0.5584587 0.4781994
0.5389879 0.4851443
0.5195171 0.4920893
0.5 0.4987064
0.4811389 0.5
0.4611391 0.4985882
0.4427446 0.4888993
0.4267065 0.4739338
0.4123554 0.4565299
0.4006037 0.4365415
0.3893458 0.4160622
0.377929 0.3957139
0.3661877 0.3756573
0.352704 0.3572614
