0.4158486 0.5355129
0.3906308 0.5322611
0.3692859 0.5198368
0.3479747 0.5071479
0.3301498 0.4942393
0.3157457 0.4753839
0.3008067 0.4568652
0.287873 0.4371844
0.2781011 0.4161329
0.2705526 0.3944083
0.264327 0.3723041
0.2606153 0.3498467
0.2588493 0.3271161
0.2573853 0.3043763
0.2573853 0.2815917
0.2583284 0.258842
0.2604601 0.2361361
0.2653457 0.2139319
0.2734629 0.1923166
0.2846005 0.1718118
0.2960799 0.1514327
0.3117868 0.1334922
0.3282597 0.1160342
0.3471212 0.1005799
0.3685802 0.08852658
0.3917368 0.07869607
0.4159554 0.07177854
0.4412101 0.06770274
0.4667404 0.06634
0.4924091 0.06634
0.5081468 0.07137036
0.5330929 0.07673839
0.5578986 0.08250594
0.5818564 0.09068513
0.6058142 0.09886429
0.6285267 0.1094221
0.651018 0.1204024
0.6698559 0.1358493
0.6881628 0.1517794
0.7043493 0.1694628
0.7185163 0.1883247
0.7303898 0.2085252
0.7392548 0.2295394
0.7420894 0.2521846
0.7452181 0.274799
0.747587 0.2974754
0.7488755 0.3202243
0.7488755 0.3430088
0.7456166 0.3656015
0.7394711 0.3876671
0.7309335 0.4090498
0.718642 0.4290522
0.7056595 0.4486505
0.6898008 0.4665665
0.6727715 0.4835944
0.6549904 0.5
0.6355013 0.5113885
0.6148203 0.52482
0.593357 0.5373155
0.5715606 0.5492701
0.5474713 0.5571358
0.5232148 0.5636446
0.5 0.5568982
0.4897982 0.5430148
