0.4119755 0.4586442
0.3921443 0.4478403
0.372313 0.4370364
0.3524817 0.4262325
0.3354148 0.4125686
0.3186899 0.3985508
0.3019651 0.384533
0.2915129 0.3675385
0.2857764 0.3483064
0.2800398 0.3290741
0.2762844 0.3096374
0.2762844 0.2898133
0.2762844 0.2699891
0.2762844 0.250165
0.2808631 0.2307975
0.2864129 0.2115268
0.2919627 0.1922561
0.2975126 0.1729854
0.3082821 0.1553784
0.3194127 0.1378866
0.3305433 0.1203947
0.3416739 0.1029027
0.3570986 0.08867338
0.3767787 0.07767686
0.3964587 0.06668043
0.4169486 0.05754715
0.4404565 0.05535796
0.4639643 0.05316874
0.4875951 0.05284083
0.50892 0.05284083
0.5323266 0.05533099
0.5556573 0.05859011
0.577887 0.06441718
0.5983565 0.07434976
0.6188261 0.08428243
0.6356886 0.09750974
0.6492525 0.1137503
0.6628163 0.1299908
0.6753671 0.1467372
0.6859448 0.1644684
0.6965225 0.1821997
0.706261 0.2001655
0.710492 0.2196698
0.7147231 0.2391741
0.718338 0.2587405
0.7197269 0.2785304
0.7211159 0.2983203
0.7190791 0.3180701
0.7170301 0.3378196
0.7149811 0.3575693
0.7039747 0.3750921
0.6928441 0.3925839
0.6778289 0.4077438
0.6616519 0.4222062
0.645475 0.4366687
0.6261092 0.4479761
0.6064292 0.4589726
0.58627 0.4693192
0.5657339 0.4791547
0.5451977 0.4889902
0.5234699 0.4958293
0.5 0.4982882
0.4788023 0.5
