0.4606034 0.6629071
0.433642 0.6649991
0.4070405 0.6625376
0.382014 0.6507188
0.356356 0.6409498
0.332722 0.6256958
0.3109344 0.6072705
0.2903585 0.5869216
0.2706344 0.5654391
0.2554045 0.5396283
0.2416852 0.5126966
0.2334876 0.4827703
0.228792 0.452033
0.2265467 0.4207316
0.2265114 0.3893234
0.2275007 0.3579796
0.2305998 0.3267767
0.2388785 0.2973648
0.2509696 0.269271
0.2638064 0.2417053
0.2797583 0.2163452
0.2960402 0.191393
0.3188122 0.1744614
0.3415841 0.1575298
0.364356 0.1405982
0.3874215 0.1244066
0.413296 0.1152975
0.4391704 0.1061884
0.4658325 0.1015023
0.492694 0.09793583
0.5186637 0.09598035
0.5457001 0.09598035
0.5727364 0.09598035
0.5995044 0.1003664
0.626269 0.1048084
0.6520522 0.1136134
0.6772655 0.1249522
0.7021894 0.1370814
0.7267116 0.1503085
0.7492745 0.1667922
0.7683921 0.1890023
0.7826587 0.215028
0.7907563 0.2448673
0.7942675 0.2759389
0.7945642 0.3073344
0.7918148 0.3385097
0.783255 0.3682142
0.7720927 0.3968072
0.7581826 0.423741
0.7440397 0.4505103
0.7285101 0.4762122
0.7109194 0.5
0.6920986 0.5225403
0.6693939 0.5389684
0.6477132 0.5575572
0.6243514 0.5725789
0.6013668 0.5890669
0.5776583 0.6041637
0.5527177 0.6158202
0.5265113 0.6235188
0.5 0.6296788
0.4741477 0.6332133
0.4477464 0.6396799
0.4299914 0.6315274
