0.5242393 0.8274097
0.4913549 0.8274097
0.457357 0.8250315
0.4270652 0.8107082
0.3988777 0.7913561
0.370624 0.7720995
0.3442468 0.7503706
0.320388 0.7259817
0.29629 0.7017955
0.2713291 0.6784714
0.2492158 0.6524388
0.2288068 0.625085
0.2115296 0.5958112
0.1974865 0.5647218
0.1847723 0.5330593
0.1736387 0.5009481
0.1676893 0.4892093
0.1673524 0.4551371
0.1673524 0.4210356
0.1727185 0.3875109
0.1913788 0.358979
0.2169774 0.3363362
0.2426475 0.3137738
0.2706958 0.294829
0.3017183 0.2804079
0.3327408 0.2659869
0.3662334 0.2590657
0.3998088 0.2524086
0.4334706 0.246199
0.467139 0.2400478
0.5 0.2387857
0.5342107 0.2375235
0.5684448 0.2375138
0.6025968 0.2383409
0.6361662 0.2450287
0.6697357 0.2517166
0.6995065 0.2679334
0.727836 0.2870256
0.7526582 0.3099037
0.7710574 0.3386335
0.7866046 0.3689803
0.7994681 0.4005448
0.8088023 0.4333531
0.8171053 0.4664365
0.8224378 0.5
0.8236228 0.5122125
0.8236228 0.546314
0.8195386 0.5799522
0.8072032 0.6114253
0.7888771 0.6401691
0.7708756 0.6691458
0.7486016 0.6946044
0.7236666 0.7179675
0.6994594 0.7420809
0.6711902 0.7612588
0.6429998 0.7806062
0.6134319 0.7976972
0.583052 0.8134109
0.5521415 0.8280171
0.5198533 0.8392178
0.4889093 0.8502742
0.4565653 0.8605349
0.4252887 0.8732902
