0.4207885 0.6903004
0.3938883 0.6840563
0.3682945 0.6732513
0.3440627 0.6594498
0.3211723 0.6429195
0.3007522 0.6233295
0.2825778 0.600958
0.2644033 0.5785866
0.2511433 0.5525177
0.2381357 0.5262588
0.2251281 0.5
0.2148348 0.4806245
0.2094395 0.4514029
0.2040442 0.4221813
0.205711 0.3924426
0.2074271 0.3627004
0.2143839 0.3344335
0.2262536 0.3075496
0.2417144 0.2832723
0.2601546 0.2611574
0.2785947 0.2390426
0.2980812 0.2181476
0.3197969 0.199852
0.3415127 0.1815564
0.3650948 0.1664308
0.3895676 0.1528179
0.4140403 0.139205
0.4393214 0.1277147
0.4655372 0.1186792
0.491753 0.1096436
0.5166548 0.1006081
0.5440223 0.1004162
0.5715226 0.1012437
0.5987926 0.1032602
0.6242805 0.1144764
0.6497684 0.1256925
0.6742715 0.1389885
0.697552 0.1548664
0.7208326 0.1707444
0.740796 0.1912328
0.7606962 0.2118092
0.7769666 0.2355297
0.7889194 0.2620516
0.7952205 0.2910597
0.7994543 0.3204984
0.8005542 0.3499736
0.7965515 0.3794568
0.7925488 0.40894
0.7831329 0.4366712
0.7715478 0.4637003
0.7585423 0.4898373
0.7426405 0.5062153
0.7264266 0.530216
0.7050439 0.5489663
0.6836613 0.5677165
0.6585356 0.5797746
0.6332928 0.5916234
0.6072525 0.6006508
0.5805193 0.6072544
0.5547835 0.6173473
0.5275109 0.6212351
0.5 0.6212351
0.4738031 0.6212351
0.4462922 0.6212351
