0.4206364 0.8099647
0.3908285 0.814971
0.3617244 0.8061709
0.3335035 0.7934343
0.3069095 0.7745953
0.2805684 0.7551605
0.2548698 0.734437
0.2312419 0.709742
0.2092393 0.6826397
0.1910999 0.650951
0.1772678 0.6158791
0.1689271 0.5779648
0.1654381 0.5387574
0.1646254 0.5
0.1646254 0.4603891
0.1678965 0.4210451
0.1766047 0.3832137
0.193953 0.3511289
0.2150637 0.3228973
0.2376295 0.2966072
0.2618153 0.2728407
0.2871351 0.2515433
0.3144898 0.2346771
0.3418444 0.217811
0.3699984 0.2033823
0.398166 0.1889952
0.4263336 0.1746083
0.4545013 0.1602213
0.4843824 0.1543245
0.5 0.1485889
0.5299079 0.1428024
0.5598056 0.1369265
0.5897034 0.1310506
0.619871 0.1299147
0.6501032 0.1299147
0.6796982 0.1373559
0.7085351 0.1487938
0.7361687 0.1647733
0.7626166 0.1837705
0.7832447 0.2127282
0.8005844 0.2450216
0.8128225 0.2812021
0.8251606 0.3173234
0.8322189 0.355835
0.8362096 0.3948919
0.8362096 0.4345028
0.8331699 0.4737377
0.8260475 0.5111761
0.8118386 0.5461099
0.7951483 0.5789649
0.7741482 0.6073794
0.7506571 0.6322902
0.725612 0.6543939
0.6988831 0.6728138
0.672459 0.6918288
0.6460454 0.7108722
0.6172702 0.7227253
0.5884156 0.7343668
0.5601552 0.7484347
0.5311732 0.7596577
0.5021468 0.7704015
0.4872003 0.7802929
0.4583026 0.7906522
