0.4506699 0.7238097
0.420405 0.7262275
0.3899139 0.7262275
0.3616105 0.7147635
0.3356058 0.6979587
0.3107942 0.6792017
0.2865806 0.659591
0.2655449 0.636442
0.2462133 0.6114929
0.2277818 0.5858371
0.2134331 0.557363
0.2037776 0.5268586
0.1975332 0.5
0.1937512 0.4679785
0.1925304 0.4357882
0.193051 0.403563
0.1980638 0.3717314
0.2053956 0.3404436
0.2147187 0.3097726
0.2263282 0.2799325
0.2450756 0.254546
0.2657659 0.2309509
0.2879695 0.2088337
0.3129161 0.1904583
0.3386756 0.1731918
0.3647722 0.1566646
0.393571 0.146063
0.4224682 0.1357798
0.451611 0.1262894
0.4810006 0.1179376
0.509492 0.1130306
0.5397269 0.1094856
0.570218 0.1094856
0.6006519 0.1106188
0.6309695 0.1140567
0.6607244 0.1196743
0.6884825 0.1330281
0.7147928 0.1489394
0.7390137 0.1685423
0.7575577 0.1938349
0.7747345 0.2204978
0.7896178 0.2486296
0.8006416 0.2785112
0.8082336 0.3097278
0.8122476 0.3417165
0.8122476 0.3739873
0.8122476 0.406258
0.8102791 0.4384544
0.7993804 0.4683363
0.7870582 0.4978544
0.7745724 0.5226525
0.758592 0.5501361
0.7365912 0.5723581
0.7162054 0.596275
0.693224 0.6168369
0.6667432 0.6327744
0.6395239 0.6473155
0.612491 0.6622428
0.5849337 0.6758626
0.5560073 0.6860675
0.5274031 0.6972356
0.5 0.7069333
0.4711258 0.7166115
0.4483855 0.7141389
