0.5595643 0.6962767
0.5296389 0.6901635
0.5 0.6831528
0.4894298 0.6727815
0.4608634 0.6624101
0.4322971 0.6520388
0.4045385 0.6399696
0.3772643 0.6268824
0.3499901 0.6137951
0.3227159 0.6007078
0.2988892 0.5831656
0.2772346 0.562817
0.2555799 0.5424683
0.2339252 0.5221196
0.2179037 0.5
0.2069102 0.4731408
0.2000138 0.4455001
0.1989936 0.4167387
0.1992407 0.3881319
0.2080406 0.3605682
0.2168404 0.3330045
0.2256403 0.3054408
0.2418878 0.2811055
0.2584901 0.256924
0.2754569 0.2329879
0.2944867 0.2104409
0.3135166 0.1878939
0.3343475 0.1670748
0.3587295 0.1496621
0.3831114 0.1322494
0.4114438 0.1214671
0.4399858 0.1110369
0.4685555 0.1007568
0.4991673 0.1015787
0.5117831 0.1024005
0.541544 0.1068861
0.5697362 0.118125
0.5979284 0.129364
0.6233695 0.1449073
0.6471721 0.163014
0.6687153 0.1832976
0.6885741 0.2052042
0.708433 0.2271107
0.7224653 0.252572
0.7356783 0.278533
0.7475448 0.3050598
0.7593234 0.3316235
0.7659424 0.3597026
0.7723591 0.3878413
0.7751078 0.4164448
0.7768549 0.4451753
0.7781865 0.473906
0.7764877 0.50097
0.7679967 0.5283617
0.7556839 0.5546511
0.7414739 0.580143
0.7230841 0.6028824
0.702435 0.624134
0.6805831 0.6441113
0.655663 0.6608378
0.6296189 0.6756325
0.6011849 0.6863202
0.5714394 0.6923096
0.5409408 0.6940892
