0.5664747 0.7443338
0.5367427 0.7635044
0.5018589 0.7694482
0.4868897 0.7708822
0.4521154 0.7646249
0.4176722 0.7561926
0.3837696 0.7461648
0.3512061 0.7319681
0.3227859 0.7104813
0.2949321 0.688256
0.2687175 0.664013
0.2435818 0.6386192
0.2225901 0.6101587
0.2067462 0.5779238
0.1925524 0.5449104
0.1814914 0.5107927
0.1735477 0.5
0.1717785 0.4640053
0.171505 0.4280288
0.1741221 0.3920875
0.1767392 0.3561463
0.1846856 0.3210384
0.1982858 0.2884869
0.2188779 0.2591602
0.2416078 0.2315257
0.2676093 0.2076585
0.2975633 0.1884136
0.3286292 0.1712736
0.3609367 0.1564842
0.3937603 0.1429796
0.4270039 0.1305205
0.4619287 0.1267501
0.4973341 0.1254637
0.5127633 0.1245934
0.5481913 0.1245934
0.5834782 0.1266135
0.6185501 0.1317103
0.6523196 0.1415905
0.6849712 0.155576
0.7141121 0.1756256
0.7418941 0.1979877
0.7693138 0.2208094
0.791474 0.2488511
0.807737 0.2808172
0.8204208 0.314327
0.8261145 0.3497295
0.829322 0.3856212
0.8302574 0.4216177
0.8302574 0.4576575
0.8286104 0.4936328
0.8194183 0.5033792
0.8027463 0.535179
0.7831253 0.5651797
0.7610499 0.5932392
0.7338674 0.6162964
0.7049466 0.6371083
0.6758815 0.6575983
0.6466423 0.6775667
0.619266 0.7001194
0.5884871 0.7178301
0.5580096 0.7361759
0.5273893 0.7542995
0.5 0.7765666
0.4933584 0.7790602
