0.5908258 0.8538575
0.5641991 0.8694696
0.5321602 0.8768415
0.5002596 0.8836884
0.468323 0.8827223
0.4354721 0.8790731
0.4041612 0.869537
0.3731305 0.8587278
0.3431074 0.8461632
0.3160093 0.8282529
0.2889113 0.8103426
0.2625272 0.7917356
0.2433316 0.7663369
0.2263134 0.7395557
0.2121318 0.7114052
0.2016448 0.6819528
0.1954322 0.6512941
0.1934898 0.6201161
0.1913064 0.5889529
0.1898051 0.5577716
0.1900881 0.5265586
0.1947659 0.4992577
0.2047144 0.4695607
0.2164853 0.4404016
0.2305092 0.4121392
0.2511725 0.3877512
0.2674366 0.3605997
0.2894965 0.3375763
0.3162354 0.3194677
0.3444085 0.3031227
0.3739938 0.2891554
0.4050429 0.2786376
0.4367603 0.2697795
0.4687136 0.2617614
0.5 0.2554317
0.5330774 0.2554317
0.5661548 0.2554317
0.5991635 0.2569917
0.6316412 0.2623543
0.6631655 0.2711364
0.690375 0.2888643
0.7159102 0.3086647
0.7374023 0.3323907
0.7554451 0.358376
0.769904 0.3864381
0.7845414 0.4143906
0.796826 0.4433887
0.8070104 0.4730785
0.8139411 0.5
0.8180256 0.5309747
0.8205981 0.5620721
0.8205981 0.593304
0.8104651 0.6228577
0.7949776 0.6502485
0.7727471 0.6732001
0.7476 0.6934859
0.7235888 0.7149424
0.6976359 0.7341692
0.6717385 0.7535815
0.6505992 0.7771463
0.6286284 0.7991807
0.6061713 0.8203849
0.5854371 0.842248
0.5621048 0.8619927
