0.6266809 0.8421166
0.5823671 0.8421166
0.5386949 0.8372825
0.5 0.8317016
0.456427 0.8261207
0.412854 0.8205398
0.3737209 0.8062372
0.3347038 0.7917063
0.3126191 0.7658138
0.2928014 0.7384002
0.2729836 0.7109866
0.2531659 0.6835729
0.2333482 0.6561593
0.2135304 0.6287457
0.1937127 0.6013321
0.186767 0.5712036
0.181096 0.5408063
0.1754252 0.5104089
0.1697542 0.5
0.1776473 0.4715368
0.2002386 0.4451694
0.2228298 0.418802
0.2454211 0.3924346
0.267924 0.3660339
0.2877418 0.3386203
0.3075595 0.3112067
0.3273773 0.2837931
0.347195 0.2563795
0.3731249 0.2337546
0.4149125 0.2235539
0.4566999 0.2133532
0.4984874 0.2031525
0.5353969 0.1929518
0.5771844 0.1827511
0.6189718 0.1725503
0.6607593 0.1623496
0.6981418 0.1701433
0.7327451 0.1892898
0.7673483 0.2084363
0.8019516 0.2275828
0.8365549 0.2467293
0.8646316 0.2677873
0.8604302 0.2982986
0.8562289 0.3288099
0.8501793 0.3590422
0.8356214 0.3879904
0.8210633 0.4169386
0.8065053 0.4458869
0.785645 0.4727659
0.7624203 0.4988687
0.7391955 0.5049831
0.7159708 0.5310858
0.692746 0.5571886
0.6695212 0.5832914
0.6454991 0.6090187
0.6189108 0.6335382
0.5923225 0.6580577
0.5657342 0.6825772
0.5391459 0.7070967
0.5060125 0.7214158
0.4686595 0.7252855
0.4246168 0.7286702
0.380574 0.7320548
0.3363776 0.7335207
