0.5194683 0.6108565
0.4954652 0.6142066
0.4673122 0.6142066
0.4391592 0.6142066
0.4132169 0.6016173
0.3861287 0.5920472
0.3599734 0.5790821
0.3335004 0.5670311
0.3070446 0.5549192
0.2814743 0.5402223
0.2573333 0.5219779
0.2355065 0.5
0.2189889 0.4930715
0.2063985 0.4613544
0.1985146 0.4278594
0.1958551 0.3929422
0.1958551 0.3574814
0.2008642 0.324634
0.214627 0.296067
0.2310844 0.2673113
0.2480041 0.2404296
0.2684208 0.2166351
0.2929033 0.1998451
0.3154921 0.1788881
0.3406202 0.1635093
0.3672295 0.1520084
0.3938828 0.1405994
0.4215934 0.134601
0.4480825 0.1234791
0.4760211 0.1210049
0.5 0.1134605
0.5277994 0.1098426
0.5557868 0.1064926
0.5838799 0.105431
0.6119038 0.1031426
0.6400568 0.1031426
0.6682098 0.1031426
0.6897071 0.1259449
0.7034815 0.154542
0.7185049 0.1829935
0.7275177 0.216087
0.740547 0.2469677
0.7483177 0.2810478
0.757082 0.3144137
0.7649248 0.3477154
0.7694741 0.3816544
0.7694741 0.4171153
0.771885 0.452387
0.7696625 0.4874451
0.7623062 0.5000811
0.7513044 0.5326782
0.738714 0.5643954
0.7205091 0.5911439
0.7005996 0.6147375
0.6741995 0.6267779
0.646997 0.6359149
0.619199 0.6411935
0.5912269 0.6452023
0.5631977 0.6477066
0.5350581 0.647833
0.5078971 0.6571634
0.4833985 0.6588098
0.4553964 0.6611067
