0.4633812 0.6919529
0.4342884 0.6919529
0.4064033 0.6850231
0.3793119 0.6740004
0.3525016 0.6622624
0.3262737 0.6491639
0.3004182 0.6353946
0.2764077 0.6183019
0.2547238 0.5984182
0.235394 0.5758035
0.217825 0.5519029
0.206164 0.5241714
0.1987971 0.5
0.1971207 0.4699453
0.1971207 0.4396758
0.2028267 0.4100481
0.2090438 0.3804778
0.2178644 0.3517283
0.2284658 0.3235401
0.2437266 0.2978787
0.2598643 0.272693
0.2802874 0.2513434
0.3018144 0.230982
0.3243545 0.2118764
0.3473589 0.1933462
0.3703633 0.1748161
0.3962162 0.1610546
0.4223703 0.1477975
0.4485244 0.1345404
0.4762714 0.1257005
0.5 0.1177876
0.5280812 0.1098748
0.5564573 0.1039622
0.5855268 0.1027524
0.6146086 0.1021757
0.6436318 0.102552
0.6706438 0.1137938
0.6948091 0.1297289
0.7162037 0.1502407
0.7369825 0.1712489
0.7514166 0.1975302
0.7635722 0.2250242
0.7743388 0.2530322
0.7810023 0.282497
0.7844093 0.3125577
0.7875315 0.342652
0.7876294 0.3727127
0.7838681 0.4027278
0.7792926 0.4325542
0.7710836 0.4615936
0.7604008 0.489742
0.7473305 0.5115227
0.7319617 0.5372146
0.7141262 0.5610718
0.6949595 0.5838388
0.6738912 0.6046161
0.6503907 0.6224377
0.6261642 0.638766
0.6032495 0.6566551
0.576622 0.6685416
0.5492766 0.6786154
0.5209447 0.6845908
0.4966021 0.6876579
0.4675093 0.6876579
