0.3773929 0.4645643
0.3609102 0.448434
0.3451431 0.4314483
0.3297109 0.4140792
0.3182322 0.3932176
0.3071271 0.37213
0.2978014 0.3499662
0.2884758 0.3278024
0.2837202 0.3039525
0.2797015 0.2799023
0.2797015 0.2554069
0.2797015 0.2309116
0.2797015 0.2064163
0.2890978 0.1849349
0.3007057 0.1641629
0.3143884 0.1452369
0.3298752 0.1279161
0.3473684 0.1137086
0.3669579 0.102754
0.3869425 0.0928663
0.4077203 0.0851202
0.4285071 0.07740611
0.4494852 0.07036743
0.4704632 0.06332874
0.4918784 0.05879921
0.5047348 0.05651274
0.5265409 0.05422637
0.5483469 0.05193993
0.5702155 0.05114749
0.5921172 0.05114749
0.6140189 0.05114749
0.6356272 0.05489647
0.6571956 0.05915338
0.6759165 0.0711554
0.693924 0.08509839
0.7031094 0.1069046
0.7112435 0.1296479
0.7172886 0.152902
0.7183824 0.1773668
0.719476 0.2018316
0.7196044 0.2263233
0.7196044 0.2508186
0.7169046 0.2747664
0.7092144 0.2977021
0.7006905 0.3202093
0.6901356 0.3416725
0.6795807 0.3631356
0.6660107 0.3819499
0.6498658 0.398502
0.6341006 0.4154976
0.6186137 0.4328184
0.6017577 0.4480811
0.5824739 0.4596944
0.5620497 0.4680139
0.5408835 0.4742374
0.5205483 0.4833348
0.5 0.4914077
0.4871126 0.4932864
0.46544 0.4965921
0.443813 0.5
0.4219113 0.5
0.4008393 0.4973545
0.387333 0.4790687
0.3826736 0.4557053
