0.4340853 0.3886692
0.4168201 0.3744929
0.399555 0.3603167
0.383495 0.3453021
0.3693032 0.3289882
0.3551113 0.3126742
0.3435813 0.2950636
0.3329464 0.277017
0.3223115 0.2589704
0.3135095 0.2405027
0.3111946 0.2205447
0.3090167 0.2005814
0.3090167 0.1805331
0.310189 0.1607001
0.3205855 0.14256
0.3316196 0.1247196
0.3454072 0.1081736
0.3591949 0.09162769
0.3793263 0.08084336
0.4007616 0.07124317
0.4229546 0.06370512
0.4472794 0.0619683
0.4716042 0.06023157
0.4960114 0.06005281
0.5090487 0.06005281
0.5325196 0.06446034
0.5554662 0.07131165
0.5777406 0.07924297
0.5979447 0.09050009
0.6181489 0.1017572
0.6383531 0.1130143
0.656269 0.1265443
0.6735342 0.1407205
0.6907993 0.1548968
0.703962 0.1715935
0.7156539 0.1891938
0.7263718 0.2071063
0.7322937 0.226556
0.7362111 0.2462681
0.7375846 0.2662316
0.7304754 0.2854112
0.7233662 0.3045909
0.711665 0.3218088
0.6966168 0.3375969
0.6815687 0.353385
0.6644018 0.3674963
0.6457403 0.3804249
0.6270789 0.3933534
0.6084175 0.406282
0.5887113 0.417861
0.5665335 0.4262471
0.5443556 0.4346333
0.5221778 0.4430195
0.5 0.4514057
0.4892015 0.4597919
0.4670236 0.4681781
0.4448458 0.4765643
0.4226679 0.4849505
0.399395 0.4907809
0.3757075 0.4956433
0.3519092 0.5
0.3304649 0.4972397
0.3221259 0.4784683
0.3215236 0.4585003
