0.3346446 0.3486297
0.3187943 0.3309914
0.3038628 0.3122066
0.2894534 0.2927703
0.2759402 0.2723742
0.2646189 0.2502202
0.2550824 0.2266372
0.2494469 0.201227
0.2477564 0.175602
0.2519385 0.1497474
0.2606404 0.1258103
0.2732854 0.1051728
0.2900581 0.0891802
0.3091313 0.07738867
0.3296726 0.07192722
0.350901 0.06942746
0.3721817 0.06829041
0.3935061 0.06829041
0.4148305 0.06829041
0.4361549 0.06829041
0.4574794 0.06829041
0.4787435 0.07015577
0.5 0.07225838
0.5156103 0.07791796
0.5344566 0.09025455
0.5533028 0.1025912
0.5721491 0.1149277
0.5902907 0.1286659
0.6075779 0.1441033
0.6240576 0.1605896
0.6373788 0.1811785
0.6507001 0.2017673
0.6640213 0.2223562
0.6770807 0.2431913
0.6895659 0.2645661
0.7018172 0.2861095
0.7107021 0.3100785
0.719587 0.3340474
0.7258667 0.3588985
0.728099 0.3851202
0.7297747 0.4113945
0.7307889 0.4377313
0.7277338 0.462741
0.7163467 0.4850336
0.7046343 0.5047103
0.687062 0.5196477
0.6692137 0.5338116
0.648447 0.5398028
0.6276804 0.5457941
0.6069139 0.5517853
0.585622 0.5529265
0.5643122 0.5539024
0.5432125 0.5528782
0.522812 0.5452012
0.5024115 0.5375243
0.4871651 0.5285879
0.4671984 0.5193299
0.4474115 0.5095624
0.4283384 0.5
0.4092652 0.4882085
0.3906052 0.4755594
0.3731871 0.4603632
0.3670713 0.4366909
