0.2772352 0.7753258
0.2507196 0.7508507
0.2251512 0.7250309
0.2038102 0.6932099
0.1832241 0.6607823
0.1705792 0.6219736
0.1579343 0.5831648
0.1527418 0.5417137
0.1482895 0.5
0.1438371 0.4830955
0.1471844 0.4414803
0.1522664 0.399887
0.1657992 0.3620569
0.181624 0.3252474
0.2015625 0.2923597
0.2241083 0.2619578
0.2466542 0.2315559
0.2700085 0.2027392
0.3005189 0.1879539
0.3310294 0.1731686
0.3623334 0.1631808
0.3948552 0.1605542
0.4273769 0.1579275
0.459899 0.1553342
0.4924693 0.1566096
0.5073296 0.157885
0.5398999 0.1591605
0.5709662 0.1688282
0.6006548 0.186184
0.6303434 0.2035398
0.660032 0.2208956
0.6897206 0.2382514
0.7173353 0.2602606
0.7438509 0.2847357
0.7703665 0.3092108
0.7887536 0.3437391
0.8065122 0.3790448
0.8216142 0.4160714
0.8328791 0.4555836
0.8417014 0.4957717
0.8439432 0.5129714
0.8461852 0.5549802
0.8465267 0.5967987
0.8393052 0.6378602
0.8320836 0.6789216
0.8179221 0.716575
0.8022187 0.7534712
0.7821075 0.7853037
0.7555918 0.8097787
0.7259353 0.8251113
0.6941029 0.8341098
0.6622704 0.8431082
0.630339 0.8509244
0.5977539 0.8509244
0.5651687 0.8509244
0.5325835 0.8509244
0.5 0.850778
0.4851387 0.84954
0.4525676 0.8483021
0.4199966 0.8470641
0.3876174 0.8431089
0.3554111 0.836706
0.3232048 0.8303031
