0.6535804 0.655999
0.6251875 0.6621788
0.5964813 0.6648757
0.567557 0.6628183
0.5386912 0.6596569
0.5098392 0.6563647
0.494078 0.6476191
0.4666376 0.6379061
0.4395098 0.6272934
0.4130429 0.6151354
0.3870781 0.6018034
0.3629972 0.5853031
0.3396532 0.567583
0.3164296 0.5496961
0.2937229 0.5312427
0.2748308 0.5086082
0.2565043 0.4924183
0.2397868 0.4681811
0.2264064 0.4417592
0.2182152 0.4131592
0.2123277 0.3840044
0.208022 0.3545351
0.2059801 0.3249525
0.2103942 0.2954878
0.2169163 0.2667706
0.2311484 0.2407877
0.246967 0.2158042
0.2645434 0.1923596
0.2868446 0.1732748
0.3100601 0.1554478
0.3342142 0.1389115
0.3596319 0.1246616
0.3858415 0.1118447
0.4136977 0.1036476
0.4421277 0.09816658
0.4710481 0.09558403
0.5 0.09620744
0.5163298 0.1021463
0.543958 0.11129
0.5698988 0.1239081
0.5925841 0.142437
0.6141123 0.162431
0.636273 0.1816874
0.6559625 0.2035605
0.6753822 0.2257191
0.6918212 0.2502554
0.7075249 0.2753168
0.7222435 0.3010122
0.7360948 0.3272068
0.7472709 0.3546075
0.7564509 0.3828891
0.7649587 0.4113796
0.7684274 0.4407305
0.7702731 0.470385
0.7695528 0.5
0.7581931 0.5202522
0.7473425 0.5477527
0.7307213 0.572167
0.713034 0.5957556
0.694019 0.6172179
0.6703401 0.6343495
0.6466876 0.6507667
0.6258489 0.6611724
0.6427752 0.6382459
