0.4227886 0.4074567
0.4009434 0.4074567
0.3794033 0.4060679
0.3603072 0.3935498
0.3412111 0.3810317
0.3253707 0.3637815
0.3113842 0.3440232
0.2998063 0.322165
0.2942989 0.297896
0.2923212 0.2722256
0.2921107 0.2464605
0.2943419 0.2212706
0.3036137 0.1979312
0.3128856 0.1745918
0.3237293 0.1523375
0.3364266 0.1313624
0.3509241 0.1123769
0.3678313 0.09605438
0.3853807 0.08101594
0.4056634 0.07144287
0.4263633 0.0633606
0.4474892 0.05680069
0.4692972 0.05646193
0.4911423 0.05646193
0.5081498 0.05649006
0.5299849 0.05727082
0.55182 0.05805156
0.5733742 0.06122541
0.5945671 0.06747705
0.61576 0.07372877
0.6365874 0.08137575
0.6570726 0.09032819
0.6762965 0.1016026
0.6917433 0.1198292
0.7071901 0.1380558
0.7180171 0.1597541
0.7254825 0.1839785
0.7289763 0.2092601
0.7308115 0.2349269
0.7297724 0.260674
0.72694 0.2861094
0.7216418 0.3111161
0.7110154 0.3333717
0.6990438 0.3549325
0.6868305 0.3762617
0.6713836 0.3944883
0.6559368 0.4127149
0.6382813 0.4275166
0.6192755 0.4402246
0.6002698 0.4529327
0.5795481 0.4609242
0.5586494 0.4684292
0.5377507 0.4759343
0.5167662 0.4829908
0.5 0.4868145
0.4783965 0.4906382
0.4567931 0.4944618
0.4351897 0.4982855
0.4135318 0.5
0.3917712 0.4977344
0.3700106 0.4954689
0.3532975 0.4817148
0.3416128 0.4604641
0.3350969 0.4358611
