0.3433567 0.6312779
0.3209049 0.6143216
0.2988534 0.5966187
0.279134 0.5755882
0.2609367 0.5523861
0.243498 0.5285451
0.2316457 0.5
0.2202658 0.4929104
0.2131726 0.4621604
0.2073849 0.4311578
0.2061243 0.3992796
0.2061216 0.3676559
0.2159645 0.3380241
0.2258073 0.3083924
0.2364745 0.2792065
0.2483268 0.2506614
0.2607024 0.222488
0.2757169 0.1961893
0.2919202 0.1712073
0.3124321 0.150998
0.3346918 0.1337803
0.3575096 0.1176157
0.3829925 0.1088482
0.4089311 0.102733
0.4352112 0.09860525
0.4615453 0.09548113
0.488048 0.09548113
0.5057307 0.09548113
0.5320626 0.09755826
0.5580506 0.1038172
0.5840386 0.1100761
0.6093723 0.1185625
0.6328492 0.133371
0.6563261 0.1481795
0.6777996 0.1668102
0.6990017 0.1859588
0.719047 0.2066588
0.7371302 0.22999
0.7529362 0.2551357
0.7637 0.2842994
0.7744638 0.3134631
0.7820513 0.3435567
0.7836076 0.375416
0.7834103 0.4072893
0.7822069 0.4391707
0.7772542 0.4700573
0.7672194 0.4995956
0.7570411 0.5073721
0.7432612 0.5346333
0.7294812 0.5618945
0.7134953 0.5868658
0.6931353 0.6072969
0.6714778 0.6256351
0.6483032 0.6403668
0.6227344 0.648764
0.5971382 0.6569471
0.5706567 0.6582226
0.5441752 0.6594982
0.5176828 0.6601126
0.5 0.6601126
0.4734974 0.6601126
0.4470247 0.6586652
0.4205552 0.6570714
