0.4912603 0.7416542
0.4617475 0.7416542
0.4323714 0.740586
0.4043958 0.7298808
0.3778045 0.7154545
0.3518353 0.6994147
0.326543 0.6823145
0.3036042 0.6610235
0.2810263 0.639241
0.2590331 0.616718
0.2404225 0.5904556
0.2238692 0.5625152
0.2083392 0.533741
0.1956506 0.5031897
0.1869478 0.4745561
0.1844507 0.4408855
0.1844507 0.4070472
0.1897884 0.3737708
0.1961171 0.3408426
0.2083296 0.3100373
0.2222852 0.2803047
0.2391532 0.2527283
0.2600219 0.228801
0.2826379 0.2071119
0.3058734 0.1862935
0.3314977 0.1695049
0.3577637 0.1541864
0.3848433 0.140732
0.4124174 0.1292636
0.4416116 0.1243046
0.4708058 0.1193457
0.5 0.1143867
0.5222651 0.1121487
0.551778 0.1121487
0.580793 0.1171596
0.6095501 0.1247685
0.6364635 0.1384076
0.66307 0.1530505
0.6864147 0.1737352
0.7086282 0.1959158
0.729497 0.2198431
0.7459711 0.2478525
0.7620013 0.276264
0.7779102 0.304765
0.7913796 0.3345157
0.7993038 0.3671112
0.8077843 0.3995225
0.8129548 0.4327072
0.8148732 0.4664237
0.8125651 0.5
0.8021033 0.5282
0.7899998 0.5588672
0.7736881 0.5869998
0.7554932 0.6132905
0.7329037 0.6350135
0.7081043 0.6533281
0.6823815 0.6699177
0.6564471 0.6860663
0.629665 0.7002465
0.6022823 0.7127982
0.5746067 0.7245216
0.5469264 0.7361023
0.5188486 0.7464397
