0.4972762 0.7892892
0.4617109 0.7951304
0.4275613 0.8062805
0.3923779 0.812953
0.3563221 0.812953
0.3208452 0.8105358
0.292916 0.7921863
0.2684107 0.7668303
0.2468843 0.738638
0.2212836 0.7140043
0.1990978 0.6860713
0.1804493 0.6560169
0.1686999 0.6224847
0.161087 0.5881714
0.161087 0.5526406
0.1653016 0.5175899
0.1712292 0.4895429
0.1836807 0.4563714
0.1978823 0.4238289
0.2083612 0.3898401
0.224142 0.3579472
0.2426767 0.3274913
0.2619877 0.2975138
0.2812678 0.2676677
0.3041745 0.2402416
0.3291397 0.2152844
0.3584562 0.1947398
0.3885767 0.1754293
0.4218071 0.1618736
0.453418 0.1459771
0.488955 0.1404641
0.515 0.1404641
0.5509258 0.1411705
0.5849358 0.1528841
0.6191066 0.1636521
0.649922 0.1820824
0.6788151 0.2033356
0.7051401 0.2267303
0.7240093 0.2569957
0.744436 0.2862746
0.765414 0.3151559
0.7873293 0.3433659
0.8085363 0.3721009
0.8219457 0.4050137
0.8359405 0.437747
0.846565 0.4715791
0.8474679 0.5
0.8474679 0.5355307
0.8454659 0.570972
0.8341897 0.6039243
0.8202396 0.6365271
0.8079212 0.6697314
0.7853247 0.6974056
0.7582089 0.7205948
0.729003 0.7413743
0.6981621 0.7584612
0.6639346 0.7668935
0.6285499 0.7736137
0.5930091 0.7778682
0.5591391 0.7898425
0.5239488 0.7951538
0.5 0.8061919
0.4673747 0.8163335
0.4355272 0.8298557
