0.2786067 0.5716007
0.2546402 0.5625684
0.2379309 0.5349027
0.224192 0.504352
0.2133434 0.4958104
0.2120704 0.4600175
0.2120704 0.4241291
0.2209001 0.3903714
0.232542 0.3582976
0.2461896 0.3275236
0.2651246 0.302523
0.2846655 0.2782577
0.3044914 0.2544148
0.3267679 0.2352615
0.3499936 0.2179247
0.373284 0.2007487
0.3966663 0.1838015
0.4204195 0.1680333
0.4456576 0.1569862
0.4708958 0.1459391
0.4963669 0.1359425
0.508257 0.1263752
0.5338232 0.1168078
0.5595957 0.1085491
0.5858225 0.1031729
0.6120493 0.09779662
0.6385506 0.09630981
0.6650607 0.09522456
0.6915869 0.09522456
0.7170468 0.1052422
0.7401791 0.1222664
0.7586372 0.1478021
0.7732918 0.17767
0.7829157 0.2108627
0.7903554 0.2452483
0.7935249 0.2808319
0.7930849 0.3167005
0.789983 0.3521535
0.7815946 0.3862002
0.7682168 0.4170674
0.753326 0.4467436
0.7377219 0.4757494
0.7181681 0.5
0.6986142 0.5005171
0.6777099 0.5225472
0.6561514 0.543404
0.6328642 0.5605892
0.6095637 0.5777413
0.5862395 0.5948343
0.5621064 0.6094325
0.5370141 0.6210719
0.5119218 0.6327114
0.5 0.6420814
0.474416 0.6515307
0.4491211 0.6623379
0.4228257 0.6656175
0.3963181 0.6666216
0.3697919 0.6666216
0.3432857 0.6656485
0.3168848 0.6626695
0.2908187 0.656183
0.2663735 0.6422859
0.2452049 0.6215032
