0.4027397 0.8528367
0.373834 0.8453826
0.3460622 0.8314995
0.3191586 0.8142198
0.2923994 0.7964678
0.2670103 0.7751182
0.242303 0.7518914
0.2195377 0.7253724
0.2000571 0.6933011
0.1821727 0.6592648
0.1674461 0.6232138
0.1598046 0.581795
0.1525715 0.5403343
0.1513228 0.5
0.1563085 0.4579492
0.1688243 0.4191326
0.1848159 0.3831797
0.2041256 0.3513151
0.2263197 0.3232231
0.2507769 0.2994265
0.2768444 0.2799005
0.3037049 0.2624772
0.3306132 0.2452179
0.3578346 0.2290319
0.3854002 0.2144038
0.4139734 0.2043378
0.4425467 0.1942717
0.4711199 0.1842057
0.5 0.1770229
0.5255016 0.1739664
0.5547972 0.1704791
0.5840773 0.1667085
0.6134034 0.1644636
0.6427974 0.1644636
0.6714732 0.1717397
0.6996727 0.1838446
0.7273618 0.1979107
0.7536685 0.2168981
0.7775874 0.2418332
0.7974499 0.2734563
0.8178023 0.3042308
0.8289939 0.3438994
0.8370209 0.3851123
0.8430763 0.427092
0.8438569 0.4698732
0.8400954 0.5099309
0.8313558 0.5508872
0.8163614 0.5876582
0.8002753 0.6235591
0.781562 0.6563721
0.7599564 0.6854128
0.7371328 0.7123971
0.7132154 0.7373319
0.6876198 0.7582204
0.6608933 0.7760621
0.6340452 0.7934983
0.6058793 0.8051378
0.5777584 0.8172098
0.5493388 0.8280007
0.522204 0.8427806
0.4968079 0.8473101
0.4676471 0.8500733
0.4412932 0.8583633
0.4122065 0.8556
