0.6229662 0.8575131
0.593334 0.8484412
0.5635184 0.8403413
0.5351443 0.8271719
0.5073281 0.8126446
0.4835449 0.7974305
0.4556355 0.7830818
0.4275649 0.7691363
0.3993117 0.7556483
0.3702361 0.7446567
0.3411053 0.733857
0.3131219 0.7196882
0.2841972 0.7081894
0.2572536 0.6921167
0.2369569 0.6673506
0.2109604 0.6517755
0.1897936 0.6272958
0.1729538 0.5993502
0.1671874 0.5659048
0.1671874 0.5316643
0.1712954 0.5
0.1830161 0.4683609
0.1967628 0.4377353
0.2108562 0.4073396
0.2284836 0.3792886
0.2469774 0.3519501
0.2692559 0.3295514
0.2961651 0.3130891
0.3220981 0.2947062
0.348701 0.2775598
0.3774122 0.2653705
0.4079828 0.2618892
0.4385689 0.2584822
0.4692613 0.257452
0.5 0.257452
0.5269857 0.257452
0.5577244 0.257452
0.5879483 0.2617332
0.61703 0.2722405
0.6435562 0.2895374
0.6702448 0.3065255
0.6935467 0.3284155
0.7134792 0.3543691
0.7305552 0.3820948
0.7449427 0.4122687
0.7607576 0.4416297
0.768889 0.4738798
0.7738231 0.5059497
0.7793218 0.5396379
0.7808206 0.5737278
0.7808206 0.6079683
0.7808206 0.6422088
0.7808206 0.6764494
0.775354 0.7099402
0.7629146 0.7411046
0.7445917 0.7683964
0.7252125 0.7949712
0.7048188 0.82052
0.6798313 0.8402961
0.6527833 0.8565361
0.625204 0.8692356
0.5959184 0.8731431
0.5695157 0.8653281
