0.4633833 0.8051943
0.4289699 0.795926
0.3959308 0.7834256
0.3640068 0.7694712
0.3426555 0.7476075
0.3165357 0.7278427
0.2938495 0.7062052
0.27733 0.6812046
0.253555 0.6607858
0.2391747 0.6357407
0.2182047 0.6150223
0.209053 0.5880297
0.201298 0.5607746
0.1911039 0.533989
0.1778398 0.5079033
0.1658824 0.4974653
0.1658824 0.4695137
0.1658824 0.4415621
0.1777388 0.4171085
0.1963309 0.3930169
0.2253515 0.3757455
0.2528263 0.357137
0.2771085 0.3361841
0.3049079 0.3177778
0.3351395 0.3017755
0.3663815 0.2868649
0.39815 0.272613
0.4307172 0.2594454
0.464148 0.2476051
0.5 0.2433342
0.5359591 0.2433342
0.5703503 0.2471898
0.595582 0.2669209
0.6194445 0.2863071
0.6483326 0.3026073
0.6700859 0.3250179
0.6900705 0.3484247
0.7117969 0.3710302
0.7324851 0.3941829
0.7598509 0.4127648
0.7732183 0.4380546
0.790578 0.4625796
0.8048279 0.488342
0.8094878 0.5
0.8094878 0.5279516
0.8094878 0.5559033
0.8094878 0.5838549
0.8094878 0.6118065
0.8045294 0.6388724
0.7969413 0.6657182
0.7806606 0.6904531
0.7588556 0.7129819
0.740497 0.7371751
0.7144943 0.7570125
0.6904516 0.7782125
0.6593673 0.7925807
0.6375632 0.8143835
0.6056952 0.828274
0.5773399 0.843739
0.546264 0.8577219
0.5113789 0.8614739
0.4815487 0.8689779
0.4455448 0.8719751
