0.6029917 0.832822
0.5702593 0.8433487
0.5352376 0.8457973
0.5 0.8457973
0.4866 0.8457973
0.4559059 0.8313991
0.4243885 0.8166081
0.3921819 0.8031889
0.3611905 0.7879721
0.3324866 0.7688361
0.3035081 0.7501776
0.2795409 0.7261497
0.2523604 0.705614
0.2349954 0.6772605
0.2134963 0.6511111
0.1928345 0.6252565
0.1789964 0.5977144
0.1720843 0.565806
0.1686282 0.5330537
0.1689254 0.5
0.1771662 0.476362
0.1893519 0.4453578
0.2040718 0.4164308
0.2189247 0.3868651
0.2384953 0.360283
0.2596138 0.3339738
0.2829704 0.3093469
0.3065191 0.2850421
0.3349351 0.2657624
0.3629388 0.2459024
0.3921024 0.2274564
0.424623 0.2149534
0.4588085 0.2069319
0.4938294 0.2052796
0.5072294 0.2052796
0.5404648 0.2132401
0.5727753 0.2263735
0.5984944 0.2472275
0.619912 0.273477
0.6427268 0.298641
0.661645 0.3265438
0.684449 0.351661
0.7069148 0.3770617
0.7275921 0.403811
0.749946 0.429237
0.7673159 0.4578299
0.7874842 0.4847955
0.8010731 0.5068945
0.8192027 0.5352548
0.82418 0.5676116
0.82418 0.6006851
0.8215551 0.6336358
0.8087008 0.6640064
0.7908561 0.6921771
0.7657307 0.7142801
0.7430938 0.7374045
0.7192786 0.7593586
0.6913514 0.7778128
0.6725398 0.8050493
0.6422683 0.8217825
0.6142226 0.8417436
0.5844866 0.8566782
0.5583656 0.8744232
0.5373264 0.8620166
