0.412766 0.344086
0.3914509 0.3345746
0.3735254 0.3212318
0.3599403 0.3029825
0.3473939 0.2840913
0.3352738 0.2649368
0.3244895 0.2451997
0.31704 0.2240082
0.3095905 0.2028167
0.3028671 0.1814838
0.3009107 0.1592232
0.2993805 0.136957
0.3006873 0.1146535
0.307829 0.09381947
0.3219718 0.07644492
0.3414589 0.06478092
0.3639227 0.05805433
0.3871992 0.05632651
0.4107564 0.05632651
0.4343137 0.05632651
0.457871 0.05632651
0.4813756 0.05676913
0.5 0.06174654
0.522965 0.066724
0.5458816 0.07187232
0.5683856 0.0784772
0.5908896 0.08508217
0.6133935 0.09168714
0.6338148 0.1018695
0.6517009 0.1164068
0.6691979 0.1313129
0.6845287 0.1482731
0.6998596 0.1652332
0.7100255 0.1852418
0.7193052 0.2057735
0.7262856 0.2268568
0.7284184 0.2491029
0.7305511 0.2713489
0.727716 0.2931365
0.7210988 0.3145749
0.7144816 0.3360133
0.7077435 0.3573964
0.694127 0.3756245
0.6805105 0.3938528
0.6646461 0.4101808
0.6471061 0.4250923
0.629566 0.4400038
0.6107978 0.4531803
0.5896006 0.4629257
0.5684034 0.4726711
0.5466955 0.4810364
0.523724 0.4859869
0.5007526 0.4909374
0.4821217 0.4958879
0.4588422 0.4985767
0.4352981 0.4993209
0.4117538 0.5
0.3882105 0.4992302
0.3646672 0.4984604
0.3421789 0.4929389
0.3203065 0.4846428
0.3033914 0.469519
0.2912183 0.4511563
