0.3403978 0.7076826
0.3159908 0.686519
0.2917574 0.6650751
0.267614 0.6434859
0.2449834 0.619756
0.2230427 0.59505
0.2040801 0.5680553
0.1942694 0.5340276
0.1844588 0.5
0.1746481 0.4713553
0.1737555 0.4355512
0.1737555 0.3995692
0.1768191 0.3639321
0.1824661 0.3285856
0.1929349 0.2955897
0.2096754 0.2656509
0.2264158 0.2357121
0.2500502 0.2134994
0.2740778 0.1917273
0.2981054 0.1699553
0.3258169 0.156236
0.3541791 0.1439394
0.3834068 0.1359578
0.4133667 0.1316281
0.4433267 0.1272983
0.473342 0.1238678
0.5 0.1229455
0.5301694 0.1220232
0.5603387 0.1211009
0.5903477 0.1229819
0.6201326 0.1287798
0.6499175 0.1345776
0.6797024 0.1403755
0.7094873 0.1461733
0.7383519 0.1559177
0.7663727 0.169281
0.7907475 0.1885038
0.8078549 0.2175707
0.8137736 0.2528539
0.8154275 0.2885652
0.8145403 0.3245316
0.813653 0.360498
0.8107133 0.3960796
0.802299 0.4306347
0.7938847 0.4651898
0.7848197 0.499404
0.7691573 0.5247779
0.7534949 0.5555348
0.7378325 0.5862918
0.7205545 0.6157784
0.7030132 0.6450582
0.6836178 0.6722605
0.6601952 0.6949505
0.6361968 0.7166878
0.6107357 0.7360056
0.5823824 0.7483241
0.5527703 0.7547559
0.5229249 0.7600935
0.4963075 0.7609013
0.4661282 0.7609013
0.435949 0.7609013
0.4057708 0.7608842
0.3759425 0.7554128
