0.3994008 0.4566745
0.3806756 0.4438714
0.3619502 0.4310682
0.3435422 0.4177862
0.3276111 0.4007664
0.31168 0.3837466
0.3001735 0.3626575
0.2889383 0.3413188
0.2796815 0.318862
0.271844 0.2956971
0.271844 0.2708122
0.271844 0.2459273
0.2739647 0.2215078
0.2828074 0.1988346
0.2946706 0.177942
0.3070476 0.1574966
0.3216086 0.1389513
0.3361696 0.1204061
0.3536211 0.1059104
0.3725196 0.09344217
0.3921669 0.0827691
0.4125847 0.07394353
0.4330025 0.06511801
0.4540015 0.05936229
0.4757962 0.05781004
0.497591 0.05625775
0.516661 0.0550901
0.5384983 0.0550901
0.5603356 0.0550901
0.5818678 0.05848649
0.6032522 0.06352836
0.6246365 0.06857014
0.6428726 0.08130956
0.6600122 0.09672934
0.6746074 0.1145088
0.6843733 0.1367666
0.6941392 0.1590243
0.7008778 0.182377
0.704163 0.2069787
0.7074482 0.2315803
0.7107334 0.256182
0.7140187 0.2807837
0.7110726 0.3052748
0.7071165 0.3297479
0.7031604 0.354221
0.6990152 0.3786246
0.6896669 0.401114
0.6803187 0.4236034
0.6715383 0.4463876
0.6614522 0.4682012
0.6467628 0.4866146
0.6275362 0.4970904
0.605953 0.5
0.5841936 0.4999715
0.5624647 0.4974954
0.5407244 0.4951583
0.5189692 0.4930025
0.5 0.4904426
0.4785868 0.4855623
0.4571736 0.480682
0.4357604 0.4758016
0.4152117 0.4677908
0.3952053 0.4578165
0.3756192 0.4468198
