0.2853589 0.7373462
0.2568042 0.7173399
0.2307831 0.6943183
0.2069902 0.6686447
0.1886747 0.6390678
0.1731778 0.6074822
0.1648816 0.5736983
0.1607853 0.5386322
0.156689 0.503566
0.1560303 0.5
0.1598569 0.4649022
0.1636836 0.4298044
0.1759015 0.3972917
0.1917944 0.3659112
0.2079618 0.3347049
0.2285876 0.3063282
0.2492134 0.2779516
0.2729122 0.2525246
0.2994736 0.2298454
0.3260351 0.2071662
0.3525966 0.184487
0.3845492 0.171533
0.4173192 0.1600531
0.4506679 0.1518019
0.485304 0.1507323
0.5 0.1496627
0.5330833 0.1589085
0.565812 0.1705099
0.5985407 0.1821112
0.6305419 0.1950662
0.6577608 0.2169209
0.6849796 0.2387756
0.7121985 0.2606303
0.7360002 0.2862715
0.7596438 0.3120879
0.7832875 0.3379042
0.7990755 0.3690848
0.8135134 0.4011872
0.8279514 0.4332898
0.8423892 0.4653923
0.8486115 0.4999553
0.8535121 0.5034002
0.8567405 0.5383821
0.8527685 0.5734631
0.8460783 0.6076486
0.8291473 0.63846
0.8118634 0.668993
0.7868224 0.6934027
0.7617815 0.7178124
0.7338707 0.7384266
0.7043263 0.7568802
0.674782 0.7753338
0.6430392 0.7893887
0.6110201 0.802891
0.578352 0.8145079
0.5450741 0.8243537
0.5116961 0.8335919
0.4970274 0.8353554
0.4624186 0.8371189
0.4278079 0.838799
0.3931559 0.838799
0.3585039 0.838799
0.3249531 0.8327545
0.2958382 0.8174405
