0.3805636 0.7020533
0.344872 0.7020533
0.3109283 0.6937781
0.2808409 0.676522
0.2541083 0.6545538
0.2348078 0.6264349
0.2158953 0.5981497
0.2057822 0.5660917
0.1956691 0.5340337
0.187477 0.5016725
0.1858187 0.4712307
0.1841604 0.4378388
0.1860061 0.4045698
0.1903267 0.3713876
0.1951349 0.338326
0.2088624 0.3074694
0.2225899 0.2766128
0.2391771 0.2470924
0.2572442 0.2182635
0.2753112 0.1894347
0.297029 0.1635184
0.3245459 0.1422288
0.3562501 0.1292649
0.3912995 0.122952
0.426947 0.1225192
0.4626231 0.1228152
0.4981444 0.1260768
0.5214793 0.1293384
0.5570006 0.1326
0.5902666 0.1445262
0.6234054 0.156941
0.6560531 0.1703471
0.6875729 0.18603
0.7186755 0.2022659
0.7449857 0.224854
0.7708275 0.2478289
0.7914579 0.275107
0.8081823 0.3039352
0.8147599 0.3367907
0.8208158 0.3697245
0.8255329 0.4028592
0.8278844 0.4361139
0.8270142 0.469532
0.826144 0.5
0.8239787 0.5333642
0.8216717 0.5667212
0.8107938 0.5985588
0.7972484 0.6292974
0.7795404 0.6583211
0.7570743 0.6842374
0.7341177 0.7098333
0.7048931 0.7288033
0.6741799 0.7455162
0.6405431 0.7566949
0.6065333 0.7663281
0.5710338 0.7697914
0.5355343 0.7732548
0.5 0.7754796
0.4765417 0.7737676
0.4408969 0.7720556
0.4055523 0.7675644
0.3702635 0.7625567
0.3355891 0.7547654
0.3017278 0.7451243
