0.4144414 0.4706747
0.3934034 0.4624302
0.3723655 0.4541857
0.3513275 0.4459411
0.3370429 0.4287612
0.3248164 0.4088582
0.3130389 0.3887263
0.3059445 0.3662065
0.2988501 0.3436867
0.2955412 0.3204433
0.2947404 0.2967204
0.2939397 0.2729975
0.2956711 0.2495142
0.3004369 0.226318
0.3052027 0.2031218
0.312758 0.1808199
0.3209612 0.1587257
0.3291644 0.1366315
0.3404435 0.1165898
0.3557509 0.09923595
0.3714674 0.08238453
0.3899543 0.06893632
0.4084413 0.05548802
0.4306412 0.05360618
0.4530447 0.05235851
0.4754639 0.05274388
0.4978867 0.05350929
0.5014774 0.05427462
0.5236292 0.05689651
0.5452257 0.06332347
0.5668224 0.06975034
0.588419 0.07617739
0.6091053 0.08509541
0.6291714 0.09571144
0.6492373 0.1063273
0.6679987 0.1191538
0.6858197 0.1335734
0.70235 0.1491528
0.7129074 0.170098
0.720881 0.1917876
0.721815 0.215505
0.7227489 0.2392224
0.7195365 0.262401
0.7132063 0.2851744
0.7059143 0.3076048
0.6979276 0.3297877
0.6897297 0.3518608
0.6780313 0.372116
0.6663327 0.3923713
0.6520387 0.4105178
0.6365668 0.4277074
0.6210946 0.444897
0.6039999 0.4599421
0.5847625 0.4721552
0.5647824 0.482784
0.5439525 0.4916001
0.5222234 0.4968569
0.5 0.5
0.4963977 0.5
0.4745813 0.4953304
0.4530966 0.4885568
0.4325957 0.4789159
0.4222984 0.4579766
