0.3353073 0.3722656
0.3227209 0.3525972
0.3112548 0.3320479
0.3013064 0.3103052
0.292215 0.2881203
0.285956 0.2644742
0.2797632 0.240812
0.2779748 0.216091
0.2761865 0.19137
0.2777852 0.1667155
0.2802448 0.142078
0.2862035 0.1190278
0.2978985 0.09857973
0.3126804 0.08207941
0.3303819 0.06931254
0.350068 0.06239814
0.3701499 0.05665064
0.3906528 0.05476347
0.4112885 0.05409306
0.4319242 0.05342266
0.4525615 0.05288979
0.4732047 0.05288979
0.4938479 0.05288979
0.5122142 0.05288979
0.5326443 0.05615413
0.553035 0.06002423
0.5734255 0.06389436
0.5937358 0.06820172
0.6135848 0.07501873
0.6334337 0.08183575
0.6524975 0.09080401
0.670112 0.1037434
0.6857221 0.1191894
0.6971728 0.1398361
0.7086236 0.1604828
0.717965 0.1819874
0.7192941 0.2067502
0.7206231 0.2315131
0.7210197 0.2562352
0.7181991 0.2808167
0.7153786 0.3053983
0.7094521 0.3286973
0.6991091 0.3501722
0.6887661 0.3716472
0.6784231 0.3931221
0.666802 0.413191
0.6499199 0.4274715
0.6330377 0.4417519
0.6161 0.4559091
0.5969332 0.4651249
0.5777664 0.4743407
0.5582053 0.4820697
0.5381384 0.4878922
0.5180715 0.4937146
0.5 0.4974891
0.4794415 0.4997357
0.4588798 0.5
0.4383142 0.4978504
0.4181345 0.4938808
0.3992221 0.4839348
0.3817275 0.4711067
0.3653651 0.4559771
0.3490691 0.4407447
