0.4241799 0.6393002
0.3961409 0.6393002
0.3698691 0.6319346
0.3454049 0.6170345
0.3234141 0.5985807
0.3035875 0.5770172
0.2846457 0.5546145
0.2676994 0.5303192
0.250753 0.5060238
0.2366333 0.4978936
0.2231513 0.4711549
0.2131342 0.4431014
0.2083966 0.4130446
0.2036591 0.3829877
0.2084292 0.3529997
0.2142493 0.3232889
0.2276038 0.2964746
0.2420532 0.2704843
0.2604168 0.2474393
0.2787804 0.2243943
0.2993465 0.203971
0.3221011 0.1861524
0.3448557 0.1683338
0.3676103 0.1505153
0.3916008 0.1355349
0.418693 0.1276774
0.4457853 0.1198199
0.4728775 0.1119624
0.5 0.1042984
0.5273652 0.1019595
0.5553216 0.09962061
0.5832779 0.09728169
0.610983 0.09900758
0.6383995 0.1053973
0.6658161 0.1117869
0.6890838 0.1263254
0.7086122 0.1482083
0.7281407 0.1700912
0.7454069 0.1936476
0.7569474 0.2214402
0.7684879 0.2492327
0.772432 0.2793675
0.7760201 0.3096122
0.7766802 0.3400613
0.7766802 0.3705567
0.7724566 0.4005477
0.7663741 0.4303169
0.7603927 0.4601102
0.7536953 0.4896722
0.7437298 0.5
0.7281767 0.5253736
0.7094608 0.5476797
0.6873342 0.5663345
0.6640044 0.5832502
0.6385963 0.5960457
0.6129429 0.6083548
0.5868458 0.6193402
0.5599284 0.6278788
0.533011 0.6364175
0.5060936 0.6449562
0.478787 0.6475109
0.4508145 0.649609
0.4229243 0.6527354
