0.5290982 0.8078531
0.5 0.8173686
0.4667689 0.8144051
0.4348286 0.8033589
0.4033854 0.7907242
0.3729444 0.7755941
0.3436853 0.7579209
0.3170482 0.7360044
0.2904111 0.714088
0.2672225 0.6882612
0.2452128 0.6610975
0.2232182 0.633923
0.208189 0.6017722
0.1931598 0.5696216
0.1781307 0.5374708
0.1661201 0.5040184
0.1593134 0.4750403
0.1565225 0.4392188
0.1571019 0.4033294
0.160121 0.367633
0.1674112 0.3325434
0.1839433 0.3012755
0.2051424 0.2734774
0.227013 0.2461855
0.252515 0.2228025
0.2803299 0.2027346
0.3091943 0.1844164
0.3395655 0.1690286
0.3716719 0.158827
0.4043201 0.1503569
0.4375885 0.1452734
0.470927 0.1407702
0.501323 0.13665
0.5348425 0.1373845
0.5683969 0.1393784
0.6019514 0.1413724
0.63538 0.1439915
0.6667278 0.1569463
0.6980755 0.1699011
0.7294233 0.1828558
0.7557428 0.2045969
0.780611 0.2287383
0.8007748 0.2574947
0.8170446 0.2887482
0.8285154 0.3223963
0.8362362 0.357372
0.8402563 0.3928456
0.8402563 0.4287912
0.8390429 0.4646375
0.8331288 0.5
0.8213068 0.5271097
0.8065818 0.5591837
0.7896845 0.5896369
0.7754846 0.6219072
0.7529058 0.6481032
0.7284973 0.6722899
0.7021765 0.6943703
0.6740583 0.7140508
0.6437268 0.729172
0.613943 0.745601
0.5841762 0.7622528
0.5535082 0.7755405
0.5226227 0.788473
