0.5029587 0.8763874
0.4915798 0.8786337
0.460473 0.867616
0.4303266 0.8540006
0.4014287 0.8375331
0.3748032 0.817418
0.348419 0.7969157
0.3233436 0.7747276
0.298364 0.7524163
0.2772301 0.7268968
0.2615221 0.6968508
0.2458141 0.6668049
0.2301062 0.6367589
0.2241537 0.6035036
0.220255 0.5695726
0.2167925 0.5356539
0.2224776 0.5019948
0.2281628 0.473363
0.2376068 0.441057
0.2532895 0.4109969
0.2689722 0.3809367
0.2893216 0.3544802
0.3126422 0.3303179
0.3359628 0.3061556
0.3634036 0.287315
0.3919473 0.2705605
0.4233585 0.2601461
0.4555096 0.2542515
0.4884785 0.2533526
0.5 0.2524537
0.5318057 0.2613584
0.5635828 0.270504
0.5947183 0.2815971
0.6252612 0.2944896
0.6546532 0.3098314
0.6832907 0.3267801
0.7121207 0.3433748
0.7393377 0.3625465
0.7656848 0.3830947
0.7897452 0.4064654
0.807339 0.4344997
0.8186989 0.4664442
0.8249271 0.5
0.8265524 0.5287358
0.8231587 0.5627251
0.8126741 0.5944006
0.7966574 0.6242711
0.777612 0.6519344
0.7558944 0.6776505
0.7325502 0.7016301
0.7070917 0.7233527
0.6816332 0.7450752
0.6541854 0.7637053
0.6250377 0.7796933
0.59587 0.7956333
0.5647412 0.8069217
0.5336125 0.8182099
0.5022405 0.8286099
0.4914747 0.8359363
0.4592613 0.8432628
0.4267128 0.8480192
0.3937781 0.8498151
0.3608433 0.8516111
0.331444 0.8426921
