0.6653452 0.8712888
0.6321381 0.8712888
0.5989312 0.8712888
0.5657241 0.8712888
0.5327353 0.8684688
0.5 0.8625137
0.4684643 0.8555479
0.4359022 0.848582
0.4031878 0.8425047
0.370653 0.8355318
0.3403558 0.8220881
0.3106785 0.806914
0.2812285 0.7914213
0.2540628 0.7716202
0.2393869 0.7399716
0.2234615 0.7088397
0.2115601 0.6757441
0.2024375 0.6415918
0.1992088 0.6065567
0.1992088 0.5710378
0.1992088 0.5355189
0.1992088 0.5
0.1992088 0.4710911
0.2011916 0.4356897
0.2105995 0.4022014
0.2247701 0.3700891
0.2365932 0.3369855
0.2488962 0.3041565
0.2674348 0.2747927
0.2933121 0.2533567
0.325887 0.2492605
0.3576429 0.241201
0.3908499 0.241201
0.4235557 0.247014
0.4531947 0.2614034
0.4815257 0.2787259
0.5082836 0.2975492
0.5340122 0.3199766
0.5590978 0.3432489
0.5847723 0.3657224
0.6116281 0.3866136
0.6382449 0.4078507
0.6648104 0.4291621
0.6896658 0.4525826
0.7168276 0.4722358
0.7441107 0.4920751
0.7666836 0.5113457
0.7930697 0.5325285
0.8123534 0.5611244
0.8311126 0.5901189
0.8348801 0.6249838
0.8348801 0.6605028
0.8348801 0.6960217
0.8224223 0.7280722
0.8105105 0.760344
0.7921544 0.7894107
0.7672818 0.8115618
0.7444178 0.8370749
0.7159345 0.8544799
0.6843027 0.865212
0.6513312 0.867259
0.6181242 0.867259
0.5849172 0.867259
