0.4728993 0.7399796
0.4443612 0.7423692
0.4159437 0.7388149
0.3887323 0.7273669
0.3628784 0.711549
0.3366992 0.6970869
0.3126715 0.6771105
0.2879326 0.6585485
0.2633606 0.6396514
0.2402321 0.6181006
0.2198453 0.5923948
0.2036839 0.5623222
0.1917036 0.5290989
0.1870144 0.4939753
0.1812482 0.4580926
0.1860008 0.4221112
0.1952334 0.3876057
0.2097942 0.3560525
0.2260496 0.3258582
0.2452294 0.2986552
0.2671412 0.2752417
0.2903463 0.2536902
0.3139355 0.2328322
0.3388082 0.2147329
0.3644757 0.1983567
0.3910325 0.184483
0.4178906 0.1716473
0.4451112 0.1600602
0.4724255 0.1488494
0.4998854 0.138223
0.5073366 0.128126
0.5355133 0.1212064
0.5639011 0.1167849
0.5925852 0.1158692
0.6212693 0.1149534
0.6499606 0.1147763
0.6781679 0.1188401
0.7049128 0.1316821
0.7261236 0.1555383
0.7459682 0.1817095
0.7589799 0.214131
0.7686003 0.2485918
0.7784967 0.2829397
0.7833648 0.3190201
0.7896174 0.3546154
0.7896174 0.391257
0.7896174 0.4278986
0.7888955 0.4644873
0.7856066 0.5
0.7806963 0.5360429
0.7688955 0.5689554
0.7500269 0.596284
0.7254884 0.6151489
0.7011297 0.634496
0.6751707 0.6493847
0.6488879 0.6620777
0.6202379 0.6635105
0.5917041 0.6651617
0.563323 0.6690841
0.536154 0.6805531
0.507681 0.6848842
0.5 0.6936698
0.4729145 0.7055568
0.4467016 0.7184725
