0.4158418 0.8857025
0.388542 0.871537
0.3643473 0.8502673
0.3409594 0.8271518
0.3206059 0.7997583
0.3009071 0.7714422
0.2812082 0.743126
0.2615094 0.7148098
0.2475417 0.6817491
0.2360411 0.646646
0.2245404 0.611543
0.2161098 0.5752867
0.2113721 0.5376434
0.2066344 0.5
0.2018966 0.4733711
0.201916 0.4353994
0.203547 0.3973163
0.2061264 0.3597205
0.2250381 0.3305151
0.2439497 0.3013098
0.2685558 0.2833013
0.296695 0.2722399
0.3248865 0.2615718
0.354256 0.2597576
0.3836255 0.2579434
0.4129951 0.2561291
0.4420213 0.2617093
0.4710106 0.2680831
0.5 0.2744569
0.5046772 0.2808307
0.5335664 0.2878848
0.5623255 0.2958224
0.5910845 0.30376
0.6198436 0.3116976
0.6478069 0.3233702
0.6756268 0.3357162
0.7034466 0.3480622
0.7313294 0.3601668
0.7592233 0.3722283
0.7804062 0.3969223
0.7990252 0.4264424
0.809758 0.4607409
0.8152466 0.4982114
0.8181723 0.5251494
0.8175254 0.563004
0.8133672 0.6007625
0.8052598 0.6373931
0.796811 0.6739264
0.7832154 0.7071506
0.7659215 0.7379972
0.7470332 0.767127
0.7268445 0.7948567
0.7028583 0.8162935
0.6772612 0.8350615
0.6493985 0.8461735
0.6206958 0.8544476
0.5919932 0.8627218
0.5626072 0.8629197
0.5332044 0.8629197
0.5038125 0.8619831
0.4987353 0.8608278
0.469469 0.8579885
0.4404355 0.8519624
0.4136465 0.8429849
