0.4121102 0.7139801
0.3847835 0.7065467
0.3605042 0.6861249
0.3368513 0.664256
0.3134637 0.6417742
0.2901727 0.6191037
0.2683575 0.593546
0.2465422 0.5679883
0.2285745 0.5369247
0.2110154 0.5052763
0.1989472 0.4957035
0.1875313 0.458667
0.1845063 0.4187606
0.1831693 0.3782769
0.1892801 0.3395974
0.1997192 0.3019666
0.2174266 0.2706376
0.2363884 0.2409844
0.2595864 0.218098
0.2827844 0.1952116
0.3085222 0.1796144
0.3351039 0.166439
0.3616855 0.1532637
0.3885186 0.1415581
0.4163001 0.1353953
0.4440815 0.1292324
0.4719745 0.1244648
0.5 0.1213563
0.5160313 0.1182478
0.544102 0.1162682
0.5721895 0.1147105
0.6002752 0.1131947
0.6280011 0.1198578
0.6557269 0.1265208
0.6834528 0.1331838
0.7090527 0.1492734
0.7341936 0.1673988
0.7557234 0.1933661
0.7767446 0.220018
0.7827157 0.2596226
0.7886868 0.2992272
0.7938043 0.3390638
0.7982451 0.3790844
0.802686 0.419105
0.8030932 0.459588
0.802767 0.5
0.7895396 0.5088701
0.7750145 0.5433393
0.756505 0.573841
0.7379064 0.6042014
0.7151195 0.6279311
0.6923327 0.6516609
0.666923 0.668128
0.6403748 0.6814429
0.6136512 0.6937665
0.5859253 0.7004296
0.5581558 0.7066535
0.5302477 0.7114824
0.5023396 0.7163113
0.4863047 0.7182214
0.4581964 0.7182214
0.4300881 0.7182214
0.4019797 0.7182214
