0.5143761 0.5
0.4941562 0.4944522
0.4711384 0.4889044
0.4481205 0.4833566
0.4254666 0.4768173
0.4058948 0.4618793
0.386323 0.4469415
0.3680582 0.4304773
0.3546255 0.4083705
0.3411926 0.3862638
0.3295845 0.3630211
0.3206782 0.3380964
0.311922 0.3131336
0.3107759 0.2862359
0.3096299 0.2593383
0.3084838 0.2324406
0.3073378 0.2055428
0.3107172 0.1789471
0.3145843 0.1523838
0.3184513 0.1258206
0.325416 0.1010823
0.3420489 0.08204013
0.3641722 0.07316867
0.3864875 0.06465274
0.4097036 0.06249228
0.433226 0.06249228
0.4567484 0.06249228
0.4802572 0.06302452
0.500941 0.06460589
0.5244228 0.06618726
0.5479046 0.06776863
0.5713864 0.06934994
0.5947457 0.07189858
0.6176528 0.07801786
0.6405599 0.08413705
0.6632357 0.0909895
0.6842748 0.1030328
0.7053139 0.1150761
0.7213023 0.1345253
0.7362123 0.1551734
0.73913 0.181895
0.7420475 0.2086168
0.737088 0.2338923
0.7270183 0.2582297
0.7155639 0.2816799
0.7027144 0.3042365
0.6898649 0.3267931
0.6744652 0.3470319
0.65819 0.3664747
0.6419147 0.3859177
0.6245238 0.4039009
0.6055319 0.4197898
0.5865402 0.4356788
0.5669459 0.4502311
0.5446306 0.458747
0.5223153 0.467263
0.5 0.4757788
0.4802007 0.4830796
0.4571351 0.4883609
0.4337664 0.4871454
0.4145411 0.4734817
0.4020181 0.4512938
0.3921306 0.4268718
0.38979 0.4000758
