0.3108036 0.7367277
0.2787731 0.7313441
0.2484793 0.7207592
0.2197439 0.7055075
0.198163 0.681711
0.179183 0.6553262
0.1706389 0.6237333
0.1620949 0.5921403
0.1561634 0.5601945
0.1561634 0.5274476
0.1563534 0.5
0.160509 0.4675224
0.1646645 0.4350448
0.170765 0.4029376
0.1786407 0.3711684
0.1880257 0.3399977
0.2037124 0.3113253
0.219399 0.2826529
0.2391695 0.2571609
0.262712 0.2346065
0.2868983 0.2128111
0.3126367 0.1928449
0.3383751 0.1728788
0.3677103 0.1601966
0.3990203 0.1515135
0.4303303 0.1428305
0.4619822 0.1369899
0.4944427 0.1378746
0.5246224 0.1387593
0.5568914 0.141358
0.5887332 0.1477802
0.620575 0.1542024
0.6513339 0.1645477
0.6818867 0.1756397
0.7079774 0.1942526
0.732114 0.216159
0.7562505 0.2380655
0.7763412 0.2631204
0.7912344 0.2922199
0.8061277 0.3213195
0.8179385 0.3517103
0.8278754 0.3828863
0.8356354 0.4144466
0.8367944 0.4471726
0.8379534 0.4798986
0.8341143 0.5071235
0.8302069 0.5396324
0.8237545 0.5714738
0.8114594 0.6017826
0.7958959 0.6301088
0.7751077 0.6552656
0.7546778 0.680715
0.7342898 0.7061309
0.7084603 0.7259768
0.6826307 0.7458228
0.6535724 0.7603312
0.6241966 0.7742711
0.5936793 0.7854621
0.5630056 0.7961376
0.5315028 0.8040799
0.5 0.8120222
0.4699957 0.8144649
0.4375492 0.8157737
0.4077814 0.8054503
