0.7311004 0.8256965
0.6939239 0.8375787
0.6552101 0.845526
0.615949 0.8505645
0.5761942 0.8518132
0.5363835 0.8518132
0.4985206 0.8518132
0.45965 0.8460612
0.421371 0.8366889
0.3841988 0.8244979
0.3473322 0.8116353
0.3119496 0.796343
0.2794256 0.7766689
0.2473772 0.7564346
0.220371 0.7319107
0.1976166 0.7039258
0.1760886 0.6752282
0.1631851 0.642992
0.1533973 0.6100118
0.1462757 0.5764462
0.1448556 0.5424401
0.1448556 0.5083241
0.1448556 0.47749
0.1448556 0.4433741
0.1492883 0.4095444
0.1552522 0.3758135
0.1629304 0.3424881
0.178004 0.3109123
0.1956609 0.280512
0.2177439 0.2521258
0.2467667 0.228789
0.2777736 0.2076249
0.3114331 0.1894073
0.3472068 0.1746618
0.3841517 0.1621
0.4229724 0.1545392
0.4621689 0.1494084
0.5 0.1480449
0.5397613 0.1482865
0.578958 0.1522695
0.6155336 0.1657357
0.6498479 0.1830331
0.6816058 0.2032725
0.7109022 0.2263551
0.7436343 0.2457742
0.7623126 0.2750338
0.7798771 0.3056226
0.798377 0.3358294
0.8140593 0.3671868
0.8251384 0.3999075
0.8363534 0.432636
0.8432668 0.4660722
0.8469103 0.5
0.8479439 0.5308046
0.8499579 0.5648631
0.8478744 0.5988801
0.8349564 0.6309014
0.8171492 0.6613477
0.7959419 0.6901139
0.7708805 0.7132911
0.7475486 0.7385991
0.7182064 0.760204
0.6859442 0.777261
0.6488147 0.7865214
