0.5725729 0.7984315
0.5402033 0.7984315
0.5081428 0.796089
0.4894917 0.7856025
0.4589776 0.7736729
0.4295872 0.7585878
0.39866 0.7487497
0.3669954 0.7413864
0.3365746 0.7290844
0.3069509 0.7146118
0.2765973 0.7023389
0.2466168 0.6891426
0.2253455 0.6644798
0.204136 0.6388392
0.1881906 0.6081257
0.1836462 0.5728148
0.1830224 0.5368859
0.1830224 0.5008882
0.1869653 0.4949124
0.1952437 0.4601139
0.2053464 0.4259756
0.2164738 0.3922052
0.2280545 0.3589686
0.2443203 0.3281661
0.2600589 0.2973339
0.2796039 0.2687212
0.2998507 0.2406996
0.3236369 0.2163934
0.3484498 0.1932769
0.3761044 0.1746807
0.4044727 0.1593716
0.4363064 0.1529956
0.4679991 0.1457588
0.5 0.1468029
0.5181493 0.1579413
0.5454409 0.1770289
0.5709032 0.1991155
0.598051 0.2187012
0.6243857 0.2395878
0.6472745 0.265042
0.6694291 0.2912779
0.6913269 0.3177873
0.7142157 0.3432415
0.7384319 0.3671103
0.7628934 0.3906863
0.7849222 0.4169804
0.8060719 0.4442311
0.8268966 0.4717892
0.8465725 0.5
0.8528643 0.5055852
0.8528643 0.5415828
0.8357228 0.5697026
0.8174818 0.599221
0.7964924 0.6257629
0.7720632 0.6493795
0.7464641 0.671327
0.7192143 0.6906045
0.690262 0.7067032
0.6604472 0.720408
0.6295159 0.7310176
0.599032 0.743125
0.5682508 0.7542022
0.5365831 0.7608765
