0.3695446 0.6456046
0.3446268 0.6353657
0.3201573 0.6236324
0.296839 0.6080621
0.2735811 0.5923682
0.2535129 0.5701439
0.2334448 0.5479196
0.2133767 0.5256952
0.1985923 0.5
0.1866352 0.4690617
0.1800119 0.4363937
0.1800119 0.4015776
0.1803962 0.3668504
0.1891647 0.3340627
0.1979332 0.3012749
0.2079796 0.2693444
0.222441 0.2403757
0.2369024 0.211407
0.2565498 0.1893638
0.2782419 0.1700513
0.299934 0.1507388
0.3246724 0.139824
0.3494665 0.1290628
0.3746619 0.1211979
0.4006978 0.1193995
0.4267336 0.1176011
0.4527695 0.1158026
0.4787328 0.1175763
0.5 0.1212594
0.5259244 0.1249424
0.5508294 0.1343472
0.5752178 0.1466512
0.5996062 0.1589553
0.6229265 0.1742989
0.6455999 0.1914843
0.6682732 0.2086697
0.6886396 0.2303557
0.7088408 0.2523639
0.7290421 0.274372
0.7471704 0.2993277
0.764883 0.3248743
0.779972 0.3529451
0.7925076 0.3834723
0.802983 0.4149926
0.807937 0.4491743
0.810211 0.483369
0.8054425 0.515392
0.800674 0.5496207
0.7919995 0.5820032
0.7795825 0.6126168
0.7612884 0.6368512
0.7413864 0.6593403
0.7191791 0.6770565
0.69563 0.6919946
0.6720809 0.7069327
0.6474805 0.7183325
0.6226689 0.7290211
0.5973786 0.7373738
0.5719482 0.7450424
0.5460472 0.7480052
0.5200059 0.7484533
0.4987388 0.7455231
0.4733067 0.7378684
