0.4322863 0.8828437
0.4018875 0.8828437
0.3738827 0.8730816
0.3474891 0.8567488
0.3210956 0.840416
0.2992875 0.8178929
0.2788391 0.7935343
0.2599511 0.7681293
0.2489332 0.737448
0.2379152 0.7067666
0.2268973 0.6760852
0.2190431 0.6443403
0.2120806 0.6122957
0.2051181 0.580251
0.2040007 0.5475948
0.205169 0.5146993
0.2063373 0.4893654
0.2075057 0.45647
0.2107376 0.4241754
0.2249608 0.3950813
0.239184 0.3659873
0.2534072 0.3368932
0.2769438 0.317359
0.3030106 0.3004219
0.3318544 0.2912637
0.3616629 0.2848076
0.3914714 0.2783515
0.4213474 0.2735811
0.4515603 0.2772164
0.4817732 0.2808518
0.5 0.2844872
0.5300282 0.2896101
0.560055 0.2947444
0.5900819 0.2998786
0.6197762 0.306782
0.6492674 0.3147662
0.6789474 0.3218021
0.7088559 0.327691
0.7370321 0.3387268
0.7632605 0.3553318
0.7862284 0.3765132
0.8038973 0.4033012
0.8106868 0.4343019
0.8127089 0.4671488
0.8146093 0.5
0.8146093 0.5253582
0.8146093 0.558278
0.8101402 0.5906019
0.8027674 0.6225388
0.7914239 0.6526161
0.7749856 0.6803075
0.7585472 0.7079989
0.7387563 0.7325594
0.7158788 0.7542372
0.6930014 0.775915
0.670124 0.7975928
0.644855 0.8157574
0.6189656 0.8330106
0.5928526 0.849804
0.5650738 0.8631741
0.5367265 0.8748481
0.5073972 0.8833833
0.4892899 0.8880389
0.4589289 0.8886142
