0.4504475 0.562351
0.4207272 0.5664822
0.3908426 0.5624035
0.3677953 0.546068
0.3431112 0.5313807
0.3229057 0.5126057
0.3039209 0.5
0.2882042 0.4785579
0.2738578 0.4563599
0.2623159 0.4331148
0.2518803 0.409464
0.2457123 0.385212
0.2457123 0.3600346
0.2457123 0.3348572
0.2458403 0.3096837
0.2480086 0.2845702
0.2581237 0.2609218
0.2700223 0.2377536
0.283369 0.2151776
0.2990266 0.1935881
0.3190016 0.1746531
0.3395885 0.156111
0.3609104 0.1382109
0.3845642 0.1223693
0.4082475 0.1065647
0.4351437 0.09478453
0.462626 0.08405152
0.4910496 0.07516676
0.5140498 0.07022908
0.5443943 0.06949127
0.5743012 0.07381725
0.6030996 0.08133408
0.6264787 0.09745225
0.6450425 0.1172329
0.6634936 0.1372489
0.6768447 0.1597904
0.6921476 0.1815339
0.7007097 0.2056283
0.7160144 0.2273393
0.7234703 0.2517453
0.7345005 0.2752107
0.7435017 0.2991788
0.7488219 0.3239241
0.7511241 0.3490292
0.7532054 0.3741452
0.7532054 0.3993225
0.7532054 0.4244999
0.7532054 0.4496773
0.7424071 0.473068
0.7322068 0.4967002
0.716548 0.511212
0.6955861 0.5289843
0.6726664 0.5445784
0.6468649 0.5574689
0.6175941 0.564102
0.590879 0.5744053
0.5606575 0.5768102
0.5302246 0.5768102
0.5 0.5762413
0.4793619 0.5669487
0.4502659 0.560783
0.4221636 0.551527
0.3943753 0.5420184
0.3655574 0.5354981
