0.4743306 0.9204565
0.4494231 0.9106648
0.4238287 0.9030358
0.3987257 0.8940892
0.3745431 0.8825542
0.3496509 0.8727256
0.3270622 0.8584792
0.3060391 0.8417047
0.2878885 0.8220784
0.2727699 0.7996013
0.2590699 0.7762138
0.2473367 0.751826
0.238455 0.7261044
0.2332076 0.6994424
0.2294149 0.67247
0.2294149 0.6451933
0.2315199 0.6181167
0.236465 0.5913154
0.2466258 0.5660933
0.2594269 0.5424727
0.2762178 0.5212721
0.2930623 0.5001191
0.3113142 0.4805931
0.3300595 0.4612964
0.3524344 0.4464309
0.3748514 0.4316385
0.3984364 0.4188762
0.4226735 0.4077016
0.4481035 0.3994312
0.473794 0.3922074
0.5 0.3870563
0.5227163 0.3820152
0.5494025 0.3820152
0.5757729 0.3837951
0.60076 0.3933726
0.6257472 0.4029501
0.6471085 0.4191962
0.6670924 0.437187
0.6859624 0.4564745
0.7024804 0.4778729
0.7180592 0.5
0.732099 0.5227587
0.7432821 0.5475248
0.7491009 0.5741186
0.7551098 0.6006932
0.7612908 0.6272281
0.7638544 0.6543224
0.7647294 0.6815693
0.7647294 0.708846
0.7621876 0.7355713
0.7496807 0.759533
0.7345307 0.7819861
0.7179686 0.803141
0.6982968 0.8215725
0.6782221 0.8395416
0.6563599 0.8551837
0.6330223 0.8683939
0.6094938 0.8812644
0.5852392 0.892361
0.559942 0.9009458
0.5354118 0.9114417
0.5093422 0.917172
0.4866096 0.9202465
