0.3362436 0.6885334
0.312249 0.6692916
0.2897618 0.6475782
0.2675969 0.6253955
0.2500095 0.5984083
0.2334709 0.5703203
0.221083 0.5395821
0.2097546 0.5081676
0.2010483 0.4975703
0.193722 0.4645755
0.1863957 0.4315806
0.1846216 0.3977591
0.1846216 0.3636734
0.1852252 0.32972
0.1958061 0.2979519
0.2066416 0.266334
0.2222305 0.2375149
0.2378192 0.2086958
0.2598857 0.1874143
0.2845146 0.1691145
0.3091714 0.1508894
0.3373923 0.1421671
0.3656132 0.1334448
0.3938341 0.1247226
0.4223816 0.1183818
0.451524 0.1163802
0.4806665 0.1143786
0.5089607 0.1123771
0.5381442 0.1120097
0.5673371 0.1120097
0.59653 0.1120097
0.6256324 0.1131454
0.6543252 0.119427
0.6830181 0.1257087
0.711711 0.1319903
0.7380931 0.145994
0.7638934 0.1619423
0.780632 0.1888178
0.7938386 0.21893
0.7981691 0.2526385
0.8023912 0.2863566
0.8023912 0.3204422
0.8023912 0.3545279
0.8013747 0.3885193
0.7967626 0.4221768
0.7921504 0.4558344
0.7856481 0.4890106
0.7778349 0.5
0.7640722 0.5295243
0.7471041 0.5572609
0.7308045 0.5855362
0.7146112 0.6138972
0.691328 0.6344272
0.6667832 0.6526292
0.6406723 0.6678728
0.6133717 0.6798167
0.5857849 0.6909665
0.558198 0.7021163
0.5291394 0.704651
0.5 0.706713
0.471709 0.708775
0.4426449 0.7077313
0.4136519 0.7037487
0.3847629 0.6991554
