0.509793 0.760753
0.4869448 0.7759061
0.4535875 0.7759061
0.4206166 0.7709982
0.3927164 0.7550143
0.3616682 0.7429104
0.3325402 0.726626
0.3043182 0.7082135
0.2788504 0.6855721
0.254765 0.6615439
0.2375899 0.6315129
0.221202 0.6010482
0.203564 0.5713461
0.1927953 0.5385889
0.1783888 0.5070858
0.1747286 0.4948068
0.1747286 0.4597436
0.1765095 0.4249843
0.1844682 0.39098
0.1989457 0.3600395
0.2161699 0.3302252
0.2313291 0.2995006
0.2492709 0.2701038
0.2701003 0.2432211
0.2918038 0.2166195
0.3153909 0.1918261
0.3424258 0.1716559
0.3701808 0.1522064
0.4004663 0.1391785
0.4334758 0.1341428
0.4666427 0.1313257
0.5 0.1313257
0.5296466 0.1313257
0.563004 0.1313257
0.5963613 0.1313257
0.6293653 0.1354988
0.6587329 0.151942
0.6866093 0.1694405
0.7124054 0.1908263
0.7330417 0.2182473
0.752369 0.2459933
0.7717201 0.2740567
0.785422 0.3051049
0.796438 0.3366985
0.8132039 0.3652518
0.8269969 0.3967826
0.8341523 0.4305818
0.8377563 0.4650301
0.8372956 0.5
0.8268399 0.5110552
0.8120333 0.5415527
0.7884462 0.566346
0.7621057 0.5864568
0.7348493 0.6060592
0.7054359 0.6219407
0.6788536 0.6418517
0.6561742 0.6674991
0.6284456 0.6868204
0.60109 0.7068781
0.57163 0.7232689
0.542532 0.7403365
0.5148391 0.758985
0.4880835 0.7706834
