0.575264 0.8626392
0.5401716 0.8702245
0.5037478 0.871501
0.4727373 0.8641518
0.4370186 0.8576267
0.4022009 0.8479406
0.375145 0.8259541
0.3459411 0.8064207
0.3195339 0.7840891
0.2941039 0.7606121
0.2674179 0.7382811
0.2436676 0.7133745
0.2237055 0.6862538
0.2080153 0.6566364
0.1925461 0.6269264
0.1782007 0.5967852
0.1686415 0.565495
0.1686415 0.5326911
0.1668736 0.5
0.1653553 0.4702008
0.1783067 0.4404884
0.1911158 0.4100006
0.2139015 0.3847314
0.2388785 0.3610788
0.2683314 0.3417156
0.2986024 0.3234211
0.3296944 0.3062569
0.3600598 0.2880606
0.3922926 0.2727085
0.4246908 0.2576083
0.4575359 0.2434895
0.4924166 0.2338423
0.5223581 0.2221617
0.5576286 0.2141309
0.5938849 0.2107636
0.6301659 0.2073025
0.6665124 0.2078688
0.7018536 0.2142723
0.7287902 0.2362378
0.753257 0.2604774
0.7734001 0.2877334
0.7949303 0.3142024
0.8119792 0.342991
0.8219265 0.3745083
0.8274744 0.406885
0.8283043 0.4396476
0.8283043 0.4724516
0.8283043 0.5023478
0.821821 0.5344344
0.8078369 0.5647305
0.7907965 0.5936196
0.7692149 0.6200729
0.7471882 0.646224
0.7230365 0.6707323
0.6952912 0.6912838
0.6612176 0.7028983
0.6269686 0.7136634
0.591716 0.7208515
0.5592834 0.7326671
0.5245313 0.7409755
0.5 0.7560113
0.4713724 0.7613786
0.4438176 0.774802
