0.5197495 0.8232039
0.5 0.8348203
0.4666011 0.8458611
0.43223 0.8530653
0.3974347 0.85578
0.362383 0.85578
0.3293812 0.8466794
0.2980299 0.8302513
0.2666786 0.8138232
0.2377759 0.7942652
0.2162562 0.7652688
0.1947365 0.7362726
0.1732168 0.7072762
0.1678174 0.6716134
0.1646439 0.63503
0.1614705 0.5984465
0.1602444 0.5617706
0.1602444 0.5250362
0.1602444 0.5
0.1667733 0.4651609
0.1848073 0.4336615
0.2028413 0.4021621
0.2208752 0.3706627
0.2438621 0.3430008
0.2673105 0.3156964
0.2907589 0.288392
0.3142073 0.2610877
0.3425954 0.2396342
0.3713109 0.2185684
0.4000265 0.1975027
0.430696 0.1815387
0.4653401 0.175953
0.4999843 0.1703673
0.5211249 0.1647816
0.5559034 0.1629063
0.590852 0.1657237
0.6258005 0.168541
0.660749 0.1713584
0.6916405 0.185467
0.7196819 0.2075076
0.7477233 0.2295482
0.7709235 0.2565457
0.7912969 0.2864377
0.8112546 0.3165919
0.8269302 0.3494481
0.8426058 0.3823042
0.8513126 0.4168844
0.8513126 0.4536187
0.8513126 0.490353
0.8513126 0.5153893
0.8513126 0.5521235
0.841441 0.5867344
0.8276335 0.6204985
0.8072256 0.6488263
0.7791841 0.6708668
0.7511427 0.6929075
0.7199659 0.7078038
0.6857489 0.7157726
0.6515318 0.7237414
0.6168294 0.7286494
0.581992 0.732706
0.5472425 0.7372751
0.5132373 0.7461845
