0.4628323 0.4335404
0.4449254 0.4176914
0.4270186 0.4018424
0.4099361 0.3852111
0.393055 0.3683885
0.3764364 0.3513489
0.3609924 0.3333378
0.3455484 0.3153267
0.330283 0.2971818
0.3152135 0.2788901
0.3009347 0.260128
0.2899576 0.2394013
0.2789806 0.2186747
0.2776947 0.1956267
0.276877 0.1724666
0.2760593 0.1493064
0.2844498 0.1276276
0.2934631 0.1061022
0.3108194 0.0897164
0.3295739 0.07494083
0.3513558 0.06518364
0.3754247 0.06063905
0.3996063 0.0567939
0.424017 0.05436805
0.4484839 0.05295351
0.4730294 0.05295351
0.4975749 0.05295351
0.5069541 0.05295351
0.5314996 0.05295351
0.5560452 0.05295351
0.5796983 0.05885109
0.603262 0.06533951
0.6254419 0.07456177
0.6455915 0.08779508
0.665741 0.1010284
0.6799002 0.1189752
0.6900572 0.1400712
0.6989617 0.1615048
0.7021365 0.1844832
0.7053111 0.2074616
0.7065169 0.230594
0.7073929 0.2537523
0.7079394 0.2768801
0.7023176 0.2994371
0.6966957 0.3219941
0.6910738 0.3445511
0.6834221 0.3664949
0.6741283 0.3879427
0.6644454 0.4092178
0.6528946 0.4296646
0.6390126 0.4485605
0.6225016 0.4657071
0.6027696 0.4794756
0.5824332 0.4918773
0.5580559 0.4945849
0.5336784 0.4972924
0.509301 0.5
0.5 0.4999524
0.4754922 0.498667
0.4514168 0.4942956
0.4273978 0.4895217
0.4050488 0.4800228
0.383675 0.4689022
