0.4815599 0.8331149
0.4488394 0.8331149
0.4163092 0.8299131
0.3839983 0.8230147
0.351631 0.8166056
0.3199598 0.8064256
0.2892413 0.791398
0.2593621 0.7737076
0.2315659 0.7509216
0.2082334 0.7203439
0.1897396 0.684512
0.176385 0.6448497
0.1667271 0.6030709
0.162129 0.5600632
0.1627945 0.51646
0.1680969 0.4978781
0.1776239 0.4560387
0.1950537 0.4191062
0.21571 0.3852707
0.2370609 0.3521303
0.2590533 0.3199829
0.2866963 0.2965829
0.3145084 0.2735991
0.3442408 0.25534
0.3739733 0.2370811
0.4050021 0.2234788
0.4364323 0.2113181
0.4681021 0.2003947
0.5 0.1906496
0.5067722 0.1849044
0.5394801 0.1836901
0.5721934 0.1829849
0.6049139 0.1829849
0.6376345 0.1829849
0.6701289 0.187237
0.702439 0.1939183
0.7337795 0.2064853
0.7622002 0.2278879
0.7875054 0.2555276
0.8069726 0.290563
0.8224177 0.3286649
0.8329281 0.3700075
0.83868 0.4130607
0.8423959 0.4564272
0.8417758 0.5
0.8354533 0.5183549
0.8239899 0.5589976
0.8061771 0.5956483
0.786301 0.6303889
0.7619927 0.6596271
0.7368832 0.6876464
0.7113327 0.714967
0.682902 0.7362708
0.6537322 0.7560813
0.6247227 0.7763113
0.5943996 0.7926821
0.5637732 0.8080649
0.5329868 0.8228785
0.5019502 0.8367271
0.4954061 0.8453566
0.4638633 0.85697
0.431371 0.8615867
0.3987729 0.8643694
