0.4101004 0.8682215
0.3844182 0.8604057
0.3593055 0.8503589
0.336265 0.8321917
0.3132245 0.8140246
0.2927447 0.7903873
0.2725107 0.7662247
0.2529316 0.7411301
0.2365364 0.7115048
0.2201412 0.6818795
0.203746 0.6522542
0.1877413 0.6223147
0.1789647 0.58656
0.1701881 0.5508053
0.1617502 0.5149974
0.1650054 0.478422
0.1682608 0.4407761
0.1724391 0.4037418
0.1900473 0.3756088
0.2076555 0.3474757
0.2276542 0.3236401
0.2504414 0.3048172
0.2732285 0.2859942
0.2960157 0.2671712
0.3205821 0.254343
0.3457204 0.2434413
0.3708587 0.2325397
0.3959969 0.221638
0.4218955 0.2156807
0.4478613 0.2101608
0.4738272 0.2046409
0.5 0.2039887
0.5187917 0.2048708
0.5450298 0.2057528
0.5712678 0.2066349
0.5972035 0.2120092
0.623067 0.2184552
0.6486617 0.2260482
0.6719105 0.2436522
0.6951592 0.2612561
0.7179132 0.2801581
0.7406263 0.2991669
0.757026 0.3284554
0.7727731 0.3588066
0.7847252 0.3922061
0.7942377 0.4275653
0.8021903 0.4637048
0.8098319 0.5
0.8145128 0.5361058
0.8174112 0.5738127
0.8196072 0.6115251
0.8169957 0.6492757
0.8143842 0.6870264
0.8087466 0.723575
0.7976478 0.7579546
0.7803186 0.7860256
0.7581412 0.8058205
0.7338809 0.8191826
0.7081455 0.8266231
0.6824237 0.8341558
0.6568312 0.8425639
0.6312244 0.8507876
0.6049793 0.8507876
