0.586223 0.7027615
0.5539898 0.7088162
0.5208582 0.7109327
0.4891106 0.7094134
0.4560328 0.7064646
0.4235581 0.7002102
0.3924168 0.6903072
0.3648796 0.6743261
0.3370367 0.6585574
0.3136711 0.6384374
0.292675 0.6160757
0.2726222 0.5931165
0.2551121 0.5686022
0.2391836 0.5433442
0.2253171 0.5171461
0.2132596 0.5
0.2057121 0.472007
0.2006672 0.4435625
0.199006 0.4147672
0.1987396 0.3859417
0.1987396 0.3571103
0.1987396 0.328279
0.2063361 0.3005161
0.216856 0.2731643
0.2296456 0.2468142
0.2489817 0.2233531
0.2701137 0.2012108
0.2936369 0.1808239
0.3175785 0.1608124
0.3422859 0.1416234
0.3720407 0.1287297
0.4029812 0.1185707
0.4351708 0.111293
0.468195 0.1087567
0.5 0.1078148
0.5332669 0.1078148
0.5660927 0.1101706
0.5976525 0.1192879
0.6281806 0.1306303
0.6577674 0.143704
0.6854471 0.1596968
0.711602 0.1774456
0.734492 0.1981164
0.7543657 0.2212336
0.772355 0.2454858
0.7857419 0.2718197
0.7949563 0.2993852
0.8019377 0.3275713
0.8076308 0.3559391
0.8101463 0.3846347
0.8101463 0.413466
0.8085663 0.442229
0.8006061 0.4701302
0.7878843 0.4965928
0.774791 0.5132887
0.7562453 0.5369464
0.7344209 0.5587049
0.7108129 0.5789155
0.6870251 0.5990572
0.6635019 0.619444
0.6366696 0.6355889
0.6105213 0.6526785
0.5811401 0.6654295
0.553224 0.676205
