0.612377 0.8537278
0.5889521 0.8625782
0.5595466 0.8645632
0.530126 0.867036
0.5010666 0.8712701
0.4775397 0.8802788
0.44802 0.8802788
0.4185005 0.8802788
0.3889809 0.8802788
0.3597468 0.8768507
0.3312928 0.868645
0.3037684 0.8572283
0.2774257 0.843125
0.2565522 0.8205322
0.237874 0.7958126
0.2232051 0.7682508
0.2151006 0.7377799
0.2098311 0.7063556
0.2059296 0.6746847
0.2036071 0.6428391
0.2034148 0.6109367
0.2045947 0.5790111
0.207848 0.547474
0.216653 0.5169773
0.2277637 0.4963226
0.2397528 0.4671253
0.2566926 0.4410352
0.2744522 0.415528
0.2935202 0.3911369
0.3136997 0.3678529
0.3354906 0.3465946
0.3614818 0.3314466
0.3890152 0.3200942
0.4168964 0.3095976
0.4456581 0.3036678
0.4751224 0.3021085
0.5 0.3021085
0.5294751 0.3038432
0.5585414 0.3080531
0.5867172 0.3175833
0.6132186 0.3314193
0.6390642 0.3468512
0.6646944 0.3627034
0.6879662 0.3823115
0.7104566 0.4028949
0.7295246 0.4272859
0.7473764 0.4526912
0.7622247 0.4801517
0.7750654 0.5
0.7875729 0.5286455
0.7920616 0.5602251
0.797306 0.5916674
0.8021923 0.6231776
0.8031689 0.6550412
0.8025565 0.6869623
0.7984896 0.7184666
0.7886119 0.7485628
0.777301 0.77807
0.7641707 0.8066418
0.7495249 0.8343832
0.7290204 0.8572812
0.7062866 0.8774179
0.6835899 0.8976036
