0.3843647 0.6278007
0.3506129 0.6109606
0.3191464 0.5914106
0.2946036 0.5636499
0.2726995 0.5341765
0.2545522 0.5022646
0.2372365 0.4833797
0.2211914 0.4504618
0.206318 0.4172065
0.2005243 0.3813358
0.1947307 0.3454651
0.190401 0.3095169
0.1919872 0.2732556
0.1991608 0.238185
0.2139464 0.2047363
0.2384906 0.1772216
0.2693411 0.1562725
0.3051304 0.1443749
0.342099 0.1370203
0.3802007 0.1370203
0.4182922 0.1376302
0.4563742 0.1388003
0.4942462 0.1415345
0.5224402 0.1495284
0.5596063 0.1575223
0.5957125 0.169035
0.6316752 0.1810243
0.6676379 0.1930136
0.7012158 0.2098809
0.7339945 0.2283831
0.7627782 0.2512163
0.7862606 0.279797
0.8072708 0.3097432
0.8216465 0.3433536
0.8348193 0.3772533
0.8389145 0.4133358
0.8430098 0.4494182
0.8438687 0.4854751
0.8391428 0.5080627
0.8344169 0.5440752
0.8296909 0.5800877
0.822832 0.6155316
0.8072463 0.648649
0.7916605 0.6817665
0.7658369 0.7079672
0.7381768 0.7329274
0.7054816 0.7513975
0.6723116 0.7692556
0.6358094 0.7795299
0.598664 0.7860353
0.5605623 0.7860353
0.5241979 0.779744
0.5 0.7618859
0.4688205 0.7414062
0.4406275 0.7169931
0.4126881 0.6923265
0.3857461 0.6666636
0.358804 0.6410008
0.3331082 0.6142088
0.3075452 0.5872965
0.2828095 0.5596962
0.2582668 0.5319355
0.2660736 0.5
0.2998954 0.4990827
