0.4563915 0.4684666
0.4355721 0.4583665
0.4148805 0.4479668
0.3955738 0.4343188
0.37623 0.4207446
0.3567818 0.4073784
0.3373336 0.3940123
0.3186094 0.3794131
0.3011349 0.3626854
0.2846799 0.3448455
0.271864 0.3230353
0.2652063 0.2985922
0.2631679 0.2721743
0.2641005 0.2463202
0.2730779 0.2219932
0.2820554 0.1976662
0.2948008 0.1761301
0.3095172 0.1560539
0.3242337 0.1359777
0.3423539 0.1210576
0.3624921 0.1091944
0.382687 0.09746781
0.4030152 0.086063
0.4233433 0.07465819
0.4453368 0.06956187
0.4675694 0.06537089
0.4898664 0.0619868
0.5106368 0.06120691
0.5331423 0.06042707
0.5556479 0.05964726
0.5781143 0.0608162
0.6005632 0.06285074
0.6230121 0.06488526
0.6442275 0.0736998
0.6654119 0.08268496
0.6858506 0.09324023
0.7034321 0.1098115
0.7186961 0.1282105
0.7250004 0.1536764
0.7313046 0.1791422
0.7338221 0.2052454
0.7338221 0.2317723
0.7315688 0.2579724
0.7261081 0.2837073
0.7194278 0.3089106
0.7093586 0.332637
0.6992894 0.3563634
0.6851135 0.3766024
0.6691929 0.3953597
0.6530706 0.4138633
0.6361261 0.4313314
0.6191816 0.4487994
0.6022372 0.4662675
0.5820144 0.4776006
0.5613196 0.48805
0.5406249 0.4984995
0.5195304 0.5
0.5 0.5087146
0.4785758 0.516684
0.456336 0.5208212
0.4340526 0.5243021
0.4137519 0.5194267
0.3983624 0.5001563
0.3836678 0.4878142
