0.3688954 0.7568812
0.3418658 0.7459463
0.3155369 0.7327824
0.2909149 0.7141888
0.2662929 0.6955952
0.2472274 0.667685
0.2284791 0.6392426
0.217039 0.604506
0.205787 0.5696073
0.1973346 0.5333186
0.1891181 0.5
0.1887451 0.4620203
0.1887451 0.4239657
0.1938793 0.3872175
0.2041626 0.3517795
0.2171287 0.3182512
0.233026 0.2868095
0.2510148 0.258117
0.2739162 0.2358815
0.2968175 0.213646
0.3223449 0.1979157
0.3486243 0.1840487
0.3749039 0.1701816
0.4011833 0.1563146
0.4283726 0.1464386
0.4558907 0.1380049
0.4834087 0.1295712
0.5037516 0.1214567
0.5319657 0.1206957
0.5601799 0.1199348
0.588394 0.1191739
0.6166083 0.1184129
0.6443636 0.1250665
0.6720941 0.1321222
0.6998246 0.1391778
0.7275552 0.1462334
0.7526633 0.1614783
0.7754856 0.183861
0.7962916 0.2089245
0.8125655 0.2400139
0.8205415 0.2752216
0.8230964 0.3131199
0.8186623 0.350398
0.8124467 0.387518
0.8050508 0.4240833
0.7928087 0.4583705
0.7805665 0.4926578
0.7631969 0.5191572
0.744056 0.5471199
0.7249151 0.5750825
0.7035581 0.5998878
0.6818017 0.6241241
0.658632 0.6454324
0.6333914 0.6624509
0.6081509 0.6794695
0.5823321 0.6944563
0.5551285 0.7045761
0.5279248 0.7146959
0.5 0.7196516
0.4791341 0.7235674
0.4509973 0.7257359
0.4227775 0.7257359
0.3948302 0.7217818
