0.4943489 0.6043587
0.4680684 0.6043587
0.4420375 0.6011423
0.4160468 0.5964336
0.3909626 0.5864288
0.366002 0.5759646
0.3428836 0.5609199
0.320735 0.5435274
0.2996124 0.5242184
0.2816722 0.5
0.2663023 0.4956117
0.2496952 0.4709516
0.2447361 0.4383768
0.2390631 0.4065439
0.2401837 0.3730907
0.2453188 0.3402961
0.2525386 0.3080445
0.2680552 0.2812591
0.2838788 0.2544939
0.2994456 0.2274719
0.3180903 0.2043957
0.3378402 0.1824358
0.3584609 0.1618396
0.3800953 0.1427966
0.4017297 0.1237536
0.4233642 0.1047106
0.4486531 0.09695697
0.4743766 0.09011599
0.5 0.08266315
0.5026996 0.07680851
0.5287693 0.07970291
0.5545997 0.08588439
0.578398 0.09925503
0.6019965 0.1139445
0.6246772 0.1305811
0.6455602 0.1508002
0.6638389 0.1748868
0.6814196 0.1998185
0.6986862 0.2251042
0.7158982 0.2504517
0.7309821 0.2778328
0.7451934 0.3060478
0.7553415 0.3369358
0.7638201 0.3684651
0.7660025 0.4018914
0.7662874 0.4354185
0.7619389 0.4682775
0.7521589 0.4993213
0.7391117 0.5056303
0.7229262 0.5319578
0.7036138 0.5545658
0.6836302 0.5763495
0.6589643 0.5868629
0.6331942 0.5934411
0.6069182 0.5934979
0.5813416 0.5999129
0.5551517 0.6007385
0.5288712 0.6007385
0.5025908 0.6007385
0.4995869 0.5982016
0.473711 0.5934979
0.447617 0.5901491
0.4213516 0.5898776
0.3950711 0.5898776
