0.4108563 0.7573289
0.3808656 0.7438176
0.3509875 0.7300367
0.3227464 0.7129091
0.2959745 0.6930283
0.2688209 0.6737695
0.2440889 0.6513262
0.2256549 0.6227471
0.2069618 0.5941858
0.1864659 0.5669701
0.1743335 0.5346413
0.1657999 0.5008126
0.1605523 0.4948774
0.1578765 0.4599801
0.1580479 0.4249196
0.1602099 0.3899307
0.1698191 0.356595
0.1840996 0.325527
0.2036012 0.2974738
0.2243974 0.2706318
0.2473802 0.2458359
0.2744076 0.2263628
0.3028713 0.2096949
0.3325726 0.195453
0.3630655 0.1833276
0.3936164 0.1713595
0.4242943 0.1597753
0.4555193 0.1509374
0.4878998 0.1478996
0.5194355 0.143998
0.5516115 0.1390389
0.5838157 0.1353749
0.616172 0.1386995
0.6476996 0.1459484
0.6781983 0.1580712
0.7080556 0.1718985
0.7363639 0.1883285
0.7593467 0.2131244
0.7829721 0.2371932
0.8044031 0.2631608
0.8201292 0.2937102
0.8325045 0.3261355
0.8371079 0.3606569
0.8396422 0.3955994
0.8396422 0.430666
0.8391213 0.4657093
0.834093 0.5
0.8209699 0.5034817
0.8088988 0.5360402
0.7914789 0.5655735
0.7747926 0.5953974
0.7549458 0.6231253
0.729485 0.6446051
0.7041185 0.6664844
0.6787375 0.6882602
0.649835 0.704156
0.6204822 0.7191834
0.5908927 0.7335835
0.5610399 0.7474079
0.5303223 0.7586364
0.5 0.7688845
0.4692127 0.7799705
0.4379475 0.7893011
0.4134915 0.7829168
