0.4094198 0.4563414
0.3884302 0.4457417
0.3688822 0.4326991
0.3522835 0.4146589
0.3356849 0.3966188
0.3213354 0.3764044
0.3083225 0.3548978
0.2990376 0.3310366
0.2914661 0.306476
0.2866118 0.2810999
0.2866118 0.255001
0.2888266 0.2292119
0.2943975 0.2038923
0.2999684 0.1785726
0.3094895 0.1551601
0.3216633 0.1330283
0.3347165 0.1117126
0.3513693 0.09373695
0.3680221 0.07576138
0.3895427 0.06798896
0.4118997 0.0620293
0.4347748 0.0596664
0.4576498 0.05730355
0.4805437 0.05555171
0.5015022 0.05608425
0.5244668 0.05661669
0.5474313 0.05714923
0.5703758 0.05790299
0.5929518 0.06271267
0.6155277 0.06752238
0.637623 0.07406113
0.6585335 0.08486098
0.6780265 0.09780428
0.6929747 0.1176201
0.7039992 0.1402211
0.7131159 0.1641762
0.7222327 0.1881312
0.7290539 0.2126262
0.7290539 0.238725
0.7289432 0.2648172
0.7264962 0.2907676
0.7240492 0.316718
0.7186178 0.341952
0.7116174 0.3668092
0.7014157 0.3896981
0.6869313 0.4099539
0.6695086 0.4266227
0.6506913 0.4415895
0.6318741 0.4565562
0.6113608 0.4676937
0.5895702 0.4759469
0.5677795 0.4842001
0.5454203 0.4897678
0.5227101 0.4936776
0.5 0.4975873
0.4791023 0.4991083
0.4561457 0.4999777
0.4332151 0.5
0.4103677 0.4973145
0.3875203 0.4946289
0.3664324 0.4850775
0.3462403 0.4727159
0.3271713 0.4581761
