0.3983656 0.7145765
0.367821 0.712391
0.339103 0.7015921
0.3115001 0.6855348
0.2862952 0.6649847
0.2630032 0.6408509
0.2397112 0.6167172
0.2226954 0.5865057
0.2085793 0.5534865
0.198915 0.5188537
0.1958704 0.4958088
0.1928259 0.4587768
0.1983153 0.4222246
0.2041554 0.3856922
0.2099955 0.3491598
0.2258552 0.3173585
0.2418102 0.2856022
0.2577652 0.2538459
0.277779 0.2262502
0.3008059 0.2017428
0.3238328 0.1772355
0.3504387 0.1588696
0.3770756 0.1405568
0.4062595 0.1299223
0.4358863 0.1206227
0.4657462 0.1130774
0.4962727 0.1105458
0.5070822 0.1080141
0.5376086 0.1054825
0.5681453 0.1062404
0.5986866 0.1084918
0.6292015 0.1108761
0.6572077 0.1258647
0.685214 0.1408533
0.7104025 0.1617045
0.7348804 0.1840345
0.7548716 0.2106961
0.7671943 0.2447611
0.7785541 0.2792003
0.7847532 0.3156451
0.7909524 0.3520899
0.7951082 0.3889344
0.7986155 0.4259057
0.7981079 0.4629362
0.7953377 0.5
0.7925676 0.5230768
0.7827094 0.5582581
0.7698811 0.5918562
0.7543676 0.6239344
0.7326915 0.6500032
0.7088418 0.6725018
0.6802334 0.6857009
0.6516249 0.6988999
0.6218314 0.7066275
0.5915898 0.7122866
0.5611472 0.7153401
0.5305681 0.7166226
0.5 0.7170022
0.4891832 0.714606
0.4586493 0.7122099
0.4284759 0.7064012
0.3984361 0.6993293
0.3684577 0.6919196
