0.5359229 0.8304735
0.5036092 0.8222451
0.4844511 0.8089919
0.4538598 0.7939346
0.4216535 0.7835662
0.392947 0.7653635
0.3605791 0.754535
0.3325055 0.7347982
0.300454 0.7231387
0.2724471 0.7087458
0.2446225 0.6906067
0.2209953 0.6648763
0.1970789 0.6380091
0.1805753 0.6051397
0.1599283 0.5766302
0.1509643 0.5401852
0.1495628 0.5024446
0.1495628 0.4656926
0.1514691 0.4278488
0.1641736 0.3936345
0.1790287 0.3596427
0.2010642 0.3313449
0.2200434 0.3000654
0.2467753 0.278724
0.2649206 0.2479742
0.2930483 0.226963
0.3195211 0.2035413
0.3476947 0.1827076
0.3802678 0.1746587
0.4132148 0.1673573
0.4454572 0.1572404
0.4777128 0.1478274
0.5 0.1478274
0.5337728 0.1460229
0.56753 0.1436527
0.6013448 0.1433576
0.6351678 0.1433576
0.6689908 0.1433576
0.7006213 0.1504579
0.7274184 0.1673861
0.7548992 0.1882063
0.7760857 0.2168099
0.7956301 0.245317
0.8079051 0.2806283
0.81445 0.3173935
0.822408 0.3526828
0.8257874 0.3903028
0.8263869 0.4282321
0.8263869 0.4662281
0.8146608 0.5
0.806466 0.5355502
0.7901194 0.5683637
0.7760036 0.6024535
0.7561847 0.6329241
0.7366553 0.6638153
0.717571 0.6949616
0.696121 0.7242298
0.6737806 0.7515953
0.6462791 0.77355
0.6152524 0.7857748
0.5847256 0.7947146
0.5509026 0.7947146
0.5170797 0.7947146
