0.4241329 0.8229421
0.3892642 0.828092
0.355924 0.8201124
0.3231001 0.807699
0.2902762 0.7952855
0.2627586 0.7767898
0.244269 0.7479458
0.2257793 0.7191019
0.2072897 0.690258
0.1888 0.661414
0.1703104 0.6325701
0.1610545 0.6009589
0.1591672 0.5671394
0.15728 0.53332
0.1553928 0.4995657
0.1535055 0.4657462
0.1565098 0.433316
0.17726 0.4059258
0.1980101 0.3785355
0.2187603 0.3511453
0.2395103 0.323755
0.2605919 0.2967096
0.2906948 0.2790491
0.3207978 0.2613886
0.3509008 0.2437282
0.3810037 0.2260678
0.4111066 0.2084073
0.4412096 0.1907468
0.4713126 0.1730863
0.5 0.155437
0.5352548 0.1566905
0.5705097 0.157944
0.6057646 0.1591975
0.6410194 0.160451
0.6762743 0.1617045
0.7051554 0.1797149
0.7329561 0.2005655
0.7607568 0.2214161
0.7885575 0.2422667
0.8019504 0.2735426
0.8151726 0.3049419
0.8283948 0.3363412
0.841617 0.3677406
0.8519073 0.3994825
0.846918 0.4330101
0.8419288 0.4665377
0.8369396 0.5
0.8252432 0.5317715
0.8118107 0.5630885
0.7983783 0.5944055
0.7830123 0.6247152
0.7629832 0.6525958
0.7429541 0.6804763
0.7229251 0.7083569
0.6965539 0.7307562
0.6688962 0.7515367
0.6373417 0.7666829
0.6057872 0.7818291
0.5750928 0.7985078
0.5445614 0.8154768
0.5129875 0.8305345
0.4824849 0.8449553
0.4478836 0.8513395
0.4140549 0.8551919
