0.438715 0.6638135
0.4072107 0.6600676
0.3773972 0.6501152
0.3528584 0.6323357
0.3288421 0.6141557
0.3080625 0.5932508
0.2869353 0.5726985
0.2695353 0.5494815
0.2538114 0.525439
0.2416233 0.5002236
0.235559 0.4781379
0.2278371 0.4514142
0.2215861 0.4244383
0.2181222 0.3971497
0.2181222 0.3696303
0.2215325 0.3423167
0.2282334 0.3155072
0.2387691 0.2894824
0.2500085 0.263721
0.265528 0.2395619
0.2837319 0.2169608
0.3046082 0.195911
0.327779 0.176696
0.3513742 0.1578357
0.3762721 0.1402182
0.4037283 0.1261072
0.4333935 0.1150241
0.4636034 0.1050836
0.4939956 0.09552568
0.5 0.09202895
0.5322705 0.08948001
0.5645463 0.0870291
0.5969561 0.0870291
0.6291739 0.08814037
0.6602169 0.09604803
0.6899301 0.1069046
0.7176481 0.1209509
0.7407053 0.1397206
0.7557848 0.1637433
0.7656186 0.1899644
0.7756002 0.216124
0.7797762 0.2434113
0.7817717 0.2708703
0.7817717 0.2983897
0.7817717 0.3259091
0.7799305 0.3533797
0.7735935 0.3803271
0.7644557 0.4066956
0.7534168 0.4325675
0.7410197 0.4579706
0.7252818 0.4819579
0.7074708 0.5
0.6864825 0.5208932
0.6625875 0.5394167
0.6382928 0.5576249
0.6127769 0.5745127
0.5855336 0.5892491
0.5567265 0.6017821
0.5284325 0.6151953
0.5005964 0.6292557
0.4987875 0.6433642
0.4719323 0.6587396
0.4433698 0.671743
