0.3429709 0.7815339
0.3156397 0.764886
0.2903872 0.74281
0.2661351 0.7181212
0.2440558 0.689808
0.2237313 0.658568
0.2034068 0.6273279
0.188513 0.5911797
0.1780183 0.5510555
0.1675948 0.5109064
0.1642276 0.4920945
0.1608604 0.4494716
0.1671959 0.4083798
0.1768362 0.3678094
0.1906319 0.3302855
0.207547 0.2950485
0.2244621 0.2598113
0.2473293 0.2334203
0.2721346 0.2099098
0.298324 0.1902021
0.3257599 0.173919
0.3531958 0.1576359
0.3822095 0.149784
0.4115767 0.1438213
0.4409439 0.1378587
0.470345 0.1325979
0.5 0.1325979
0.5066736 0.1325979
0.5363286 0.1325979
0.5659829 0.1326187
0.5954661 0.1372297
0.6249494 0.1418407
0.6542549 0.1482472
0.6834481 0.1557887
0.7103792 0.1729435
0.7366897 0.1927357
0.7577991 0.222794
0.7754227 0.2571461
0.7909334 0.2935824
0.8037282 0.3322843
0.8123528 0.3730892
0.8189606 0.414911
0.8234855 0.4571205
0.8244117 0.5
0.8235452 0.5188945
0.81867 0.5612112
0.8108228 0.6021298
0.7975606 0.640501
0.778701 0.6731715
0.7582028 0.7041731
0.7336188 0.7274122
0.7075084 0.7477512
0.6794936 0.7614391
0.6510893 0.7737664
0.6218499 0.7803681
0.5924239 0.7856892
0.5628722 0.7890831
0.5332774 0.7918158
0.5036826 0.7945485
0.497026 0.7953197
0.467371 0.7953197
0.4377244 0.7950247
0.4081718 0.7914619
0.3810889 0.7815339
