0.4099199 0.5
0.3931992 0.4852937
0.377603 0.4693892
0.3647552 0.450556
0.3519074 0.4317228
0.3397903 0.4123281
0.3281205 0.3925899
0.3164507 0.3728517
0.3049207 0.3530154
0.2935719 0.3330522
0.282223 0.3130891
0.2780527 0.2901384
0.2745325 0.2669172
0.2746313 0.2437419
0.2786379 0.2206162
0.2826446 0.1974904
0.291254 0.1763473
0.3026029 0.1563841
0.3143614 0.1367793
0.3295027 0.1201329
0.344644 0.1034866
0.362238 0.09047964
0.3811318 0.07940128
0.4007478 0.07038522
0.4215214 0.0646756
0.442397 0.05963528
0.4637295 0.05759588
0.485062 0.05555657
0.5 0.05372161
0.521413 0.05372161
0.542826 0.05372161
0.564239 0.05372161
0.5856202 0.05484173
0.6069915 0.05631021
0.6266766 0.06404996
0.6453397 0.07559144
0.6624895 0.08874097
0.6723463 0.10964
0.6822031 0.1305391
0.6920598 0.1514382
0.7011856 0.1726006
0.7044913 0.1958599
0.7077969 0.2191192
0.7111026 0.2423785
0.7144083 0.2656378
0.7143077 0.2890984
0.7132892 0.3126132
0.7122706 0.3361281
0.7018291 0.3566262
0.6912052 0.3770659
0.6785668 0.396031
0.6655111 0.4146905
0.651123 0.432064
0.6355386 0.4480725
0.6168067 0.459279
0.5955247 0.4618788
0.5741781 0.4637007
0.5528195 0.4653779
0.5314082 0.4654291
0.5099952 0.4654291
0.4949847 0.4654291
0.4735717 0.4654291
0.4525282 0.4637085
