0.3433524 0.6025888
0.3199763 0.5827885
0.2985374 0.5609778
0.2808702 0.5352527
0.2638147 0.5090616
0.2474898 0.4872015
0.2341705 0.4586206
0.2204477 0.4302655
0.2062385 0.4021823
0.1920293 0.3740991
0.1781806 0.3458107
0.164471 0.3174431
0.1553644 0.287281
0.1489036 0.2560876
0.1472079 0.224333
0.1511601 0.1937375
0.168977 0.1684397
0.1968239 0.1571069
0.2246708 0.1457742
0.2542887 0.1456869
0.2840601 0.1465742
0.3136476 0.1494678
0.3430102 0.1548174
0.3723727 0.1601671
0.4017352 0.1655167
0.4299175 0.1754962
0.4577304 0.1869245
0.4855434 0.198353
0.505962 0.2104768
0.5328779 0.224156
0.5597938 0.2378352
0.5862727 0.2524155
0.6121588 0.2682177
0.638045 0.2840199
0.6639312 0.2998221
0.6898174 0.3156243
0.7101515 0.3386303
0.729479 0.3629422
0.7488064 0.3872542
0.76442 0.4143435
0.7789913 0.4422122
0.7935627 0.470081
0.8026359 0.5
0.8073152 0.5267343
0.8119946 0.5582918
0.8139833 0.5900429
0.8132743 0.6219882
0.8125654 0.6539335
0.8056312 0.6845433
0.7948365 0.714325
0.7840418 0.7441065
0.7683046 0.7712138
0.7481203 0.7933983
0.7215807 0.8072464
0.6921274 0.8119866
0.6624281 0.8137882
0.6326588 0.8147562
0.6034339 0.8108581
0.5747234 0.8023605
0.5467979 0.7915823
0.5198308 0.7780198
0.5 0.7644163
0.4737771 0.7492667
