0.5312221 0.7189357
0.5 0.7189357
0.4883966 0.7224915
0.4575938 0.725562
0.4263717 0.725562
0.3956186 0.7199349
0.367215 0.7049341
0.3399429 0.6879017
0.3147946 0.6659752
0.290783 0.6423424
0.2702832 0.6144779
0.253093 0.5839418
0.2378892 0.5516486
0.2213415 0.5201902
0.2166457 0.4841788
0.2157415 0.4471704
0.2157415 0.4100732
0.2157415 0.3729759
0.2272395 0.3385938
0.2397705 0.304671
0.2580827 0.2747132
0.2775248 0.2457575
0.2980569 0.2178103
0.3217769 0.1937595
0.3474475 0.1726434
0.3736816 0.1525446
0.4025572 0.1386904
0.4321771 0.1269593
0.4614288 0.1140774
0.4919418 0.1099723
0.5040308 0.1099723
0.5342223 0.1176531
0.5631002 0.1317494
0.5909832 0.1481419
0.6201971 0.1611745
0.648123 0.1777649
0.6768907 0.1920877
0.705758 0.20619
0.7336507 0.2227922
0.760236 0.2421363
0.7839208 0.2658916
0.8051834 0.2930198
0.810073 0.3286774
0.8128553 0.3654473
0.8092881 0.4012613
0.7995253 0.4354683
0.7882894 0.4698467
0.7712086 0.5
0.7522727 0.5294788
0.7335469 0.5591565
0.7134063 0.5872328
0.6918726 0.6138588
0.6752005 0.6451592
0.6527466 0.6673121
0.6267275 0.6870459
0.5973967 0.699353
0.5675346 0.7098152
0.5369933 0.7169765
0.5060456 0.7206953
0.493995 0.7222488
0.4627728 0.7222488
0.4315507 0.7222488
0.4003286 0.7222488
0.3691065 0.7222488
