0.5773854 0.7243047
0.5551293 0.7458998
0.5293593 0.7639887
0.5 0.7765915
0.4883376 0.7819292
0.4554124 0.7838453
0.4228209 0.7780592
0.3921207 0.7663836
0.3629123 0.7512089
0.335604 0.7327859
0.3122032 0.7099363
0.2913854 0.6847361
0.2719269 0.6584434
0.251212 0.6331607
0.2381577 0.603271
0.2266584 0.5727775
0.2155377 0.5421499
0.2060151 0.5110024
0.1986131 0.4847019
0.1936709 0.452573
0.1921661 0.4200876
0.1913358 0.3875871
0.1913358 0.3550682
0.1956837 0.3230745
0.2037212 0.2915264
0.2174226 0.2619362
0.23131 0.2324104
0.2520759 0.207431
0.2754159 0.1845455
0.3041891 0.1684116
0.3347194 0.1558487
0.3661982 0.1458079
0.3980627 0.1368743
0.4307807 0.1317316
0.4637039 0.1284722
0.4968059 0.1269255
0.5089511 0.1267866
0.5419049 0.1281323
0.5738512 0.13678
0.6057975 0.1454277
0.6365358 0.1574931
0.665569 0.1725259
0.6908672 0.1935313
0.7184151 0.2116033
0.7426742 0.2334029
0.7616322 0.2598737
0.7789068 0.2876181
0.7935072 0.3166255
0.8053048 0.3470141
0.815424 0.3779691
0.826848 0.4084807
0.8320299 0.4403191
0.8327339 0.4728115
0.8327339 0.5
0.8313797 0.5323033
0.8209 0.5631535
0.8047984 0.5914519
0.7852858 0.617051
0.7606306 0.6387636
0.7360834 0.6605197
0.7087078 0.6787418
0.6802909 0.6954726
0.6493423 0.7065569
