0.5 0.8744774
0.4715694 0.8740944
0.4413234 0.8583695
0.4089102 0.8445511
0.3785652 0.8276146
0.3478912 0.8109359
0.3180993 0.7927021
0.2890732 0.7735572
0.2648446 0.7495431
0.2400102 0.7260494
0.2177881 0.7007024
0.2055689 0.6704654
0.1870208 0.6426648
0.179177 0.6112967
0.1763041 0.5790265
0.1721338 0.5469444
0.1686895 0.5147976
0.1737013 0.4867538
0.1797585 0.4547745
0.2003795 0.4287173
0.214947 0.3997387
0.2352588 0.3730883
0.2613223 0.3518011
0.2853303 0.3277768
0.312437 0.3064056
0.337962 0.283511
0.3684886 0.2668439
0.3984578 0.2488416
0.4289539 0.2315747
0.4637282 0.223689
0.4993315 0.2199112
0.5278144 0.2199112
0.5629814 0.2236491
0.5963893 0.2357565
0.626843 0.2523392
0.6537406 0.2739169
0.6839479 0.2904735
0.7161248 0.3041151
0.7430276 0.3256827
0.7679985 0.3489882
0.7870882 0.3765093
0.8054086 0.4043386
0.8149395 0.4356319
0.8198097 0.4675458
0.8198097 0.5
0.8198097 0.5283647
0.8176891 0.5606092
0.8096017 0.5922322
0.7985474 0.6230136
0.7891628 0.6541465
0.7777097 0.6844319
0.7642481 0.7143143
0.7511191 0.7444067
0.7335175 0.7726958
0.7130941 0.7991078
0.6810427 0.8132408
0.6459268 0.8195895
0.6113747 0.8264505
0.5753562 0.8264505
0.5396084 0.829881
0.5038777 0.8312278
0.477042 0.8401725
0.4420922 0.8461062
