0.5974693 0.8547316
0.5685105 0.8712615
0.5346822 0.8770204
0.5000718 0.8770093
0.4704552 0.8750932
0.4375072 0.8661889
0.4055259 0.8537277
0.3741415 0.8400049
0.3438584 0.8243182
0.3155409 0.8056124
0.2890195 0.7846543
0.2648053 0.7613717
0.2442743 0.7351034
0.2242784 0.7084894
0.2070382 0.6802875
0.1931656 0.6503941
0.187143 0.618302
0.1815426 0.5861037
0.1766335 0.5538045
0.1715862 0.5215393
0.1715862 0.4935176
0.1729649 0.4609317
0.179224 0.4291084
0.1915074 0.3986334
0.2060895 0.3690737
0.2238503 0.3412189
0.2463746 0.316445
0.2719831 0.2945787
0.3003877 0.2764421
0.3317041 0.2625487
0.3642638 0.2514853
0.3968286 0.2404331
0.4309822 0.2352208
0.4653893 0.2327747
0.5 0.2327747
0.5296764 0.2327747
0.5636561 0.238782
0.5973639 0.2460929
0.630712 0.2548259
0.6633688 0.2656277
0.6935178 0.281097
0.7215091 0.3001823
0.7457389 0.3234712
0.7668481 0.3490616
0.7810401 0.378727
0.7914252 0.4098488
0.8023701 0.4408035
0.8107516 0.4723707
0.815505 0.5
0.815505 0.5326292
0.815505 0.5652583
0.8132316 0.5976005
0.8045781 0.6291884
0.7965927 0.6609364
0.7876748 0.6924639
0.7704581 0.7205945
0.7529819 0.7487391
0.73393 0.7756143
0.7101615 0.799302
0.6853053 0.8218999
0.6568834 0.8403462
0.6278048 0.857688
0.5967575 0.8718404
0.5738269 0.8720673
