0.4268532 0.472966
0.4068198 0.4626839
0.3867863 0.4524018
0.3716223 0.4346995
0.3572355 0.4157771
0.3407027 0.3992776
0.3241698 0.3827781
0.3123059 0.3617449
0.3010722 0.3402668
0.2933586 0.3168061
0.2880557 0.2927108
0.2859728 0.2677676
0.2861845 0.2429586
0.2904928 0.2183892
0.2967784 0.1945935
0.306603 0.1721828
0.3164275 0.149772
0.3300732 0.1304088
0.3451572 0.1121927
0.3611934 0.09526354
0.3794722 0.08136499
0.3993582 0.07161015
0.4206707 0.06553316
0.4419831 0.05945617
0.4637448 0.05702272
0.4857001 0.05615929
0.5055351 0.05529577
0.5273297 0.05805531
0.5490966 0.06144068
0.5699915 0.06867
0.5904661 0.07775146
0.6088271 0.0912472
0.6265937 0.1059844
0.6439707 0.121203
0.6582676 0.1402269
0.6723186 0.1594799
0.6858058 0.1792578
0.6989136 0.1992794
0.7067342 0.2226939
0.7145548 0.2461085
0.7219362 0.2697068
0.7285567 0.2934694
0.7285567 0.3185254
0.7282342 0.3434998
0.7189441 0.3662051
0.7078313 0.3876196
0.6941078 0.4071851
0.6784403 0.4244907
0.6610276 0.4397676
0.6430185 0.4541127
0.6242322 0.4669127
0.6041988 0.4771948
0.5839908 0.486967
0.5631498 0.4948905
0.5416017 0.4988209
0.5196731 0.5
0.5 0.4989642
0.4796029 0.4896586
0.4599544 0.4786047
0.4407327 0.466561
0.420258 0.4574796
0.3995806 0.4491062
0.378354 0.4426502
