0.5804072 0.6686905
0.5545108 0.6871581
0.5294364 0.704915
0.5 0.7150888
0.4800512 0.7160949
0.4484863 0.7133602
0.4193577 0.7003288
0.3911182 0.6855688
0.3642632 0.6681165
0.3375793 0.650389
0.3133293 0.6295577
0.2910678 0.6062503
0.2693441 0.5824071
0.2504247 0.5562116
0.2334661 0.5286371
0.2181591 0.5
0.2081401 0.4751429
0.1984664 0.4440179
0.1949587 0.4115352
0.19221 0.3790091
0.19221 0.3463265
0.1972422 0.3143012
0.2051789 0.2826553
0.2163955 0.2522724
0.2308497 0.2232005
0.250144 0.1972388
0.2736846 0.1758166
0.3001864 0.1578921
0.3282123 0.142512
0.3563067 0.1273153
0.3871209 0.1193885
0.4182653 0.1135135
0.4499182 0.1107993
0.4815779 0.1081721
0.5014817 0.1059628
0.5332443 0.1059628
0.5641546 0.1116113
0.594402 0.1215812
0.6242523 0.1327502
0.6530507 0.1462922
0.6808162 0.1621643
0.7070063 0.1804012
0.7305561 0.2022829
0.7519352 0.226388
0.7658082 0.2551583
0.7778153 0.285346
0.7882371 0.3161578
0.7962173 0.3477854
0.7981921 0.3802179
0.7981921 0.4129005
0.7981921 0.4455832
0.7944402 0.4779706
0.7848662 0.5029218
0.7717315 0.5326781
0.7565173 0.5613167
0.7426933 0.5904527
0.7211092 0.6144122
0.6986496 0.6375223
0.6736625 0.6573429
0.6453023 0.6720546
0.6172809 0.6874276
0.5892967 0.7028731
0.5611676 0.7175932
