0.760246 0.7750778
0.7282957 0.7845882
0.6956211 0.7890188
0.6628498 0.7921657
0.6300785 0.7953126
0.5973799 0.7991633
0.565042 0.8065032
0.5325198 0.8124253
0.5 0.8183794
0.4719879 0.8246185
0.439284 0.8286317
0.406463 0.8299267
0.3735949 0.8299267
0.3407268 0.8299267
0.3106256 0.8195645
0.2805869 0.8037081
0.2560444 0.7772897
0.2362423 0.7445737
0.2143185 0.7141669
0.2000751 0.6775092
0.182655 0.6427147
0.176713 0.6023753
0.1665924 0.563467
0.1605925 0.5232898
0.1605925 0.5
0.1605925 0.4589686
0.1647237 0.4185245
0.1725187 0.3787088
0.1863554 0.3415626
0.1995198 0.3042276
0.2214828 0.2751335
0.2406756 0.242969
0.2647859 0.2151639
0.2912003 0.1915055
0.322055 0.1774172
0.3518303 0.1613531
0.3824923 0.1497132
0.4152922 0.1483452
0.4481603 0.1483452
0.4809725 0.1493263
0.507839 0.1599144
0.5380863 0.175539
0.5696898 0.1868113
0.596445 0.2095263
0.6230308 0.233634
0.6535824 0.2475043
0.6792481 0.2731364
0.7032233 0.3011262
0.7320586 0.3188403
0.757062 0.3453978
0.7820173 0.3721007
0.8098538 0.3908926
0.8346649 0.4164226
0.8493639 0.4531222
0.8548134 0.4932318
0.8554418 0.5164781
0.8554418 0.5575096
0.8550056 0.5984526
0.8446118 0.6373785
0.8350085 0.6765871
0.8213704 0.7138814
0.8059899 0.7499679
0.7821299 0.7750778
