0.3140236 0.8168865
0.2882144 0.7953581
0.2624959 0.7736615
0.2398654 0.7462276
0.217235 0.7187937
0.1967071 0.688682
0.1783958 0.6557472
0.1637894 0.6198857
0.1521684 0.5816658
0.147524 0.5413871
0.1466357 0.5
0.1466219 0.4672338
0.1512162 0.4263103
0.1580966 0.3864408
0.1724872 0.3500338
0.1873654 0.3140239
0.2038319 0.2793082
0.2240118 0.2493245
0.2480834 0.2242999
0.2721549 0.1992753
0.2998763 0.1835506
0.3283824 0.1698255
0.3568885 0.1561003
0.3869565 0.1528146
0.4171039 0.1500604
0.4472514 0.1473061
0.4774373 0.1469513
0.5 0.1478921
0.5302066 0.1488329
0.559837 0.1546105
0.5886937 0.1668828
0.6175504 0.1791553
0.6464071 0.1914276
0.6752638 0.2037001
0.7020094 0.2229329
0.7287126 0.2423058
0.7546136 0.2631991
0.7764099 0.2918733
0.7982062 0.3205476
0.8139159 0.355032
0.8259891 0.3929878
0.8380623 0.4309435
0.84659 0.470354
0.8517237 0.5026099
0.8538401 0.5435371
0.8505034 0.5846888
0.8434312 0.6243288
0.829919 0.6613625
0.8106754 0.6927354
0.7893106 0.7220131
0.7660644 0.7482178
0.7413118 0.7719619
0.7137368 0.7882433
0.6853085 0.8022679
0.6568801 0.8162926
0.6284518 0.8303173
0.5988539 0.838303
0.5690919 0.8454404
0.5393298 0.8525778
0.509159 0.8532665
0.4865885 0.8532665
0.4564007 0.851662
0.4263963 0.8479923
0.398091 0.8350767
