0.3490793 0.3814802
0.3333116 0.3651644
0.318113 0.3480746
0.3035997 0.3300532
0.2913173 0.3096645
0.2830321 0.2867959
0.2800024 0.2618135
0.2800024 0.2363274
0.2847392 0.2119078
0.291946 0.1880444
0.3031884 0.1667478
0.3150486 0.1460088
0.3290532 0.127377
0.3437122 0.1098326
0.3620703 0.09843493
0.3804285 0.08703718
0.3998744 0.07925367
0.4197528 0.07290661
0.4396312 0.06655949
0.459557 0.0604865
0.4797785 0.05611968
0.5 0.05175284
0.5100989 0.05099991
0.5306118 0.05133414
0.5509895 0.05398357
0.5702077 0.06293237
0.5885824 0.07388228
0.6054579 0.08838925
0.6217481 0.1038811
0.6378503 0.1196805
0.6528553 0.1370702
0.667858 0.1544625
0.6814378 0.173573
0.6950176 0.1926834
0.7037113 0.2154212
0.7108399 0.2393208
0.7179685 0.2632204
0.7186286 0.2885596
0.7186286 0.3140457
0.7135067 0.3385515
0.7073259 0.3628546
0.6968586 0.3846446
0.6856728 0.4060133
0.6724292 0.4251846
0.6570886 0.4421167
0.641385 0.4583633
0.6227856 0.469141
0.6041861 0.4799187
0.5855867 0.4906964
0.5654746 0.4947074
0.5450624 0.4973754
0.524568 0.4987273
0.5040686 0.5
0.4942184 0.4957927
0.4746239 0.4892588
0.4568611 0.4764894
0.4392356 0.4634703
0.4232082 0.4475493
0.4070792 0.4317937
0.3904799 0.4168034
0.3712733 0.4084549
0.3531578 0.397714
0.3393188 0.3791447
