0.5663342 0.8903632
0.5336121 0.882837
0.5000411 0.8798753
0.4683268 0.8731955
0.4385346 0.8598177
0.4082235 0.8461522
0.3801145 0.8275272
0.3520595 0.8089651
0.3256666 0.7880231
0.3043818 0.7621708
0.2814744 0.7375832
0.2595468 0.7121903
0.239911 0.6848679
0.223427 0.655755
0.2123338 0.6241996
0.2047375 0.5914828
0.1985913 0.5584688
0.1966617 0.5250649
0.1966617 0.5
0.2018984 0.4669979
0.2163868 0.4366803
0.2323595 0.4072533
0.2510988 0.3793158
0.2715877 0.3526317
0.2970443 0.3313218
0.3269878 0.3159894
0.3592201 0.3062477
0.3912135 0.2955679
0.4235817 0.2862917
0.4569096 0.2817259
0.4906923 0.2817259
0.5231007 0.2817259
0.5568835 0.2817259
0.590566 0.2833253
0.6240878 0.28749
0.6568983 0.2949485
0.6891387 0.3049591
0.7205051 0.3174292
0.7482022 0.3363886
0.7729542 0.3591407
0.7929049 0.3853016
0.8035879 0.4171552
0.8074749 0.4500264
0.8124365 0.4826533
0.8124365 0.5077183
0.8124365 0.5412951
0.8093462 0.5745676
0.795838 0.6052301
0.7806648 0.6351687
0.7605777 0.6619917
0.7396275 0.6883104
0.7176116 0.7136664
0.6934314 0.7371007
0.6681819 0.7594079
0.6425862 0.7813208
0.6138739 0.7988529
0.5848794 0.8160838
0.5620172 0.8378116
0.5306605 0.8497632
0.5 0.8601326
0.4673739 0.8687254
0.4340509 0.8742454
0.4003796 0.8754938
0.3670403 0.8790739
