0.5040722 0.7995653
0.4958856 0.7944138
0.4578624 0.7835
0.4254928 0.765
0.3901277 0.7494339
0.3589152 0.728701
0.3309489 0.7053907
0.3078758 0.6787941
0.2791463 0.6558939
0.2604658 0.6275705
0.2474917 0.5969443
0.2317134 0.5673547
0.2144509 0.5383085
0.2044882 0.5069175
0.1904339 0.4872345
0.1805798 0.4558155
0.1799633 0.4234901
0.1799633 0.3911042
0.1799633 0.3587183
0.1816278 0.326573
0.1958938 0.2962491
0.2115697 0.2663765
0.2302615 0.2376756
0.2507287 0.2097012
0.2757305 0.1844809
0.3078313 0.1653091
0.3431128 0.1493714
0.3786899 0.1345984
0.4181736 0.1271789
0.4588032 0.1271789
0.4994328 0.1271789
0.5102326 0.1271789
0.546578 0.1416447
0.582246 0.1571293
0.6155602 0.1753747
0.6459272 0.1968907
0.6753782 0.219181
0.7031139 0.2427806
0.728058 0.2683445
0.7474496 0.2963836
0.7622612 0.3265273
0.7790738 0.3560104
0.7957721 0.3855344
0.8122733 0.4151291
0.8221453 0.4464657
0.8284932 0.4783793
0.8318673 0.5
0.8331732 0.5323426
0.8310798 0.5645454
0.8222661 0.5961601
0.8089352 0.6267053
0.7935009 0.6566481
0.7767859 0.6861256
0.7480564 0.709026
0.7217399 0.7336478
0.690107 0.7535015
0.6571345 0.7724049
0.6187875 0.7815017
0.5812592 0.7896662
0.5406296 0.7896662
0.5 0.7896662
0.4892002 0.7896662
0.449335 0.7847166
0.4097131 0.779767
