0.5618791 0.6964188
0.5304868 0.708465
0.5 0.7234945
0.4966104 0.7361341
0.463934 0.7426662
0.4311109 0.7478648
0.3979423 0.7478648
0.3647736 0.7478648
0.3316862 0.7463632
0.2987737 0.7416308
0.2679663 0.7279621
0.239572 0.7088271
0.2135291 0.6853191
0.1978926 0.651719
0.186762 0.6157945
0.1798122 0.5784874
0.1762091 0.5406224
0.1737714 0.5025717
0.1744428 0.4724828
0.1815919 0.4352447
0.1936785 0.3997141
0.2057652 0.3641834
0.2236159 0.332222
0.2427437 0.3010514
0.2651347 0.2729257
0.2887009 0.2462634
0.3155901 0.2239246
0.3430486 0.2026393
0.3723627 0.1847875
0.4025271 0.1690945
0.4335228 0.1555119
0.4650928 0.1440314
0.4972712 0.1347777
0.5019711 0.1273601
0.5350826 0.1251196
0.568194 0.1228791
0.6013169 0.1210872
0.6344856 0.1210872
0.6676543 0.1210872
0.7006339 0.1220083
0.7299967 0.1395567
0.7532628 0.1667073
0.7695382 0.1997684
0.7779162 0.2365152
0.7837498 0.2740396
0.7897179 0.3115337
0.7935934 0.3494264
0.7944436 0.387523
0.7944436 0.425677
0.7921426 0.4634766
0.7826563 0.5
0.7707494 0.5278871
0.7656145 0.5655695
0.7547194 0.6014417
0.7449086 0.6376297
0.7270594 0.6696671
0.704659 0.6959209
0.6782806 0.7156253
0.6491982 0.7333755
0.6170143 0.7425358
0.5851047 0.7528828
0.5528256 0.7615837
0.5196815 0.7617583
