0.5464805 0.7791445
0.5147762 0.7813713
0.4847662 0.7813713
0.4529422 0.7813713
0.4214381 0.7773871
0.3908364 0.7685413
0.3613539 0.7562116
0.3333158 0.7406921
0.3048516 0.7260188
0.2786841 0.7076007
0.2536225 0.6873794
0.2314053 0.6640603
0.2111807 0.6387818
0.1931516 0.6117445
0.1792976 0.5822366
0.1684139 0.5514783
0.1628215 0.5194187
0.161693 0.4942267
0.1627858 0.4614631
0.1654286 0.428766
0.1776797 0.3989877
0.1937206 0.370667
0.2118231 0.3437227
0.2345542 0.3212239
0.259933 0.3014278
0.2852468 0.2815432
0.3142752 0.2689013
0.3444856 0.2585914
0.3751146 0.2496847
0.4057436 0.2407779
0.4366629 0.2333876
0.4682771 0.2296267
0.5 0.2278157
0.5300101 0.2278157
0.561834 0.2278157
0.5930574 0.2321156
0.6232281 0.242393
0.6521341 0.2559976
0.6780304 0.2750683
0.6989062 0.2997157
0.7186024 0.325455
0.7368523 0.3523344
0.753109 0.3804879
0.768348 0.4092921
0.783186 0.4383178
0.7953671 0.4684881
0.803749 0.5
0.8054216 0.5251829
0.8070942 0.5579481
0.8078145 0.590739
0.8078145 0.6235495
0.8046377 0.6561561
0.7963446 0.6876969
0.7836238 0.7176889
0.7674243 0.7458583
0.7485591 0.7722738
0.725185 0.7943618
0.699297 0.813345
0.6724861 0.8309767
0.643156 0.8437091
0.6132669 0.854911
0.5826421 0.8634848
0.5511507 0.8681689
