0.4319229 0.8736322
0.3979798 0.8712298
0.3662841 0.859167
0.3357016 0.8423184
0.3051192 0.8254699
0.2758723 0.8063761
0.2505934 0.7806116
0.2254379 0.7547292
0.2072771 0.7221659
0.1910497 0.6887763
0.1856765 0.6507459
0.1806569 0.612695
0.1825435 0.5742403
0.1844299 0.5357856
0.186679 0.4982218
0.1952141 0.4609404
0.2037492 0.4236589
0.2175181 0.3886458
0.2331427 0.354437
0.2489941 0.3204159
0.2730423 0.2931823
0.2970906 0.2659488
0.3238657 0.243795
0.3562844 0.2321544
0.3887032 0.2205137
0.421122 0.2088731
0.4547122 0.2046598
0.4886849 0.2028704
0.5 0.2010809
0.5339574 0.2001952
0.5678453 0.2034474
0.6017332 0.2066996
0.6356211 0.2099519
0.669509 0.2132041
0.7020513 0.2209947
0.7308059 0.2415609
0.7595604 0.2621271
0.7883149 0.2826933
0.8067855 0.311983
0.8161286 0.3490152
0.8254716 0.3860473
0.83052 0.4238243
0.8313917 0.4623257
0.8322635 0.5
0.8299397 0.5379425
0.8188529 0.5743526
0.8077662 0.6107627
0.7924449 0.6449896
0.7754755 0.6783668
0.7585061 0.7117439
0.7387169 0.7428728
0.7166908 0.7722181
0.6930139 0.7996521
0.6666188 0.8239387
0.6372782 0.8428988
0.6056021 0.855792
0.5718399 0.8604264
0.5380777 0.8650609
0.5042137 0.8684018
0.4929172 0.8705989
0.4589632 0.8727962
0.424975 0.8736322
0.3909656 0.8736322
0.3584927 0.8640372
