0.5588566 0.8330582
0.5195779 0.8401476
0.4994807 0.8401476
0.4580529 0.8345244
0.4179351 0.8230501
0.3831754 0.8041422
0.3430093 0.7932277
0.3063491 0.7763
0.2720828 0.7566203
0.2353426 0.7401319
0.2047951 0.7172596
0.1812808 0.6903136
0.1746736 0.6587182
0.1700839 0.6266563
0.1700839 0.59431
0.1622094 0.5630992
0.1606154 0.5309828
0.1606154 0.5
0.1661706 0.4679439
0.1729096 0.4360405
0.188743 0.4065118
0.2114019 0.3790856
0.2288823 0.3495536
0.2503803 0.3220229
0.2758893 0.2960766
0.299372 0.2697163
0.3299195 0.246844
0.3624662 0.2256975
0.3932135 0.2029977
0.426798 0.1827109
0.463181 0.1660163
0.5 0.1493175
0.5183113 0.140957
0.5609969 0.1361137
0.6041977 0.1361137
0.6472887 0.1371059
0.6870061 0.1483121
0.7223849 0.166856
0.7484547 0.1924298
0.7688053 0.2209234
0.7850518 0.2508312
0.8023505 0.2800183
0.811552 0.3115976
0.8241512 0.3425102
0.8329624 0.3741279
0.8421578 0.4056807
0.8429093 0.4379804
0.8426875 0.470313
0.8333303 0.500435
0.8240079 0.5317047
0.8046879 0.5606361
0.7847701 0.5893279
0.7635176 0.6174887
0.7417288 0.6453953
0.7145993 0.6703656
0.6840518 0.6932379
0.6518248 0.7145762
0.6186913 0.7350867
0.585596 0.7556983
0.5484464 0.7720867
0.5106695 0.7876096
0.4953914 0.8005229
0.4614242 0.8195325
