0.6389788 0.8643754
0.6064774 0.8679715
0.5738143 0.870194
0.5411077 0.8715677
0.5083306 0.8715677
0.4865296 0.8715677
0.4537525 0.8715677
0.4215637 0.8656564
0.3895347 0.8581398
0.3583691 0.8478135
0.3284821 0.8332883
0.2997105 0.8167497
0.2769861 0.7919215
0.255279 0.7655568
0.2339758 0.7388009
0.2145926 0.7102667
0.1987214 0.6795127
0.1872656 0.646506
0.1798973 0.6120324
0.1735941 0.5773689
0.1735941 0.5419845
0.1735941 0.5066001
0.176421 0.491633
0.1861687 0.4581653
0.2015803 0.4270434
0.214379 0.3947105
0.2366479 0.3694683
0.2626517 0.3492059
0.2913336 0.3321265
0.3210926 0.3173376
0.3501125 0.3012629
0.3823609 0.2949331
0.4140776 0.2860191
0.4457755 0.2770141
0.4783617 0.2733242
0.5 0.2698033
0.532688 0.2672088
0.5654234 0.2659481
0.5982006 0.2659481
0.6309776 0.2659481
0.6589288 0.2821007
0.6813638 0.3050092
0.7058248 0.3272629
0.7350078 0.3413435
0.7526469 0.3707651
0.7727007 0.3986609
0.7845893 0.431333
0.795545 0.4646156
0.795545 0.5
0.795545 0.5152693
0.795545 0.5506537
0.795545 0.5860381
0.795545 0.6214225
0.7897971 0.6559378
0.7802902 0.6897753
0.767772 0.7217412
0.7519686 0.7518268
0.7346465 0.7816409
0.7176903 0.8117683
0.6962894 0.8369988
0.6674377 0.8502572
0.6404408 0.8679715
0.6104673 0.8787601
