0.3270046 0.6193358
0.3019674 0.6031988
0.2822438 0.5807787
0.2663111 0.5557683
0.253738 0.5288536
0.2426302 0.501296
0.2320611 0.4800544
0.2249958 0.4513714
0.2195269 0.4222668
0.2189277 0.3927373
0.2189277 0.3631555
0.2271293 0.3347024
0.2356532 0.3062937
0.2458976 0.2785199
0.2590882 0.2518332
0.273701 0.2259535
0.2913315 0.2017861
0.3119423 0.1801192
0.3341688 0.1598076
0.3591849 0.1431154
0.3856429 0.1282939
0.4135146 0.1161821
0.4415515 0.1043871
0.4716672 0.1002013
0.5 0.09704989
0.5304996 0.09537703
0.5610618 0.09461877
0.591624 0.09386051
0.6217125 0.09707832
0.6512948 0.1045454
0.6797567 0.1149935
0.707386 0.1276569
0.7309277 0.1463495
0.7525529 0.1669236
0.767721 0.1926077
0.7809163 0.2192805
0.7888111 0.2474902
0.7916346 0.2769019
0.7916346 0.3064836
0.7916346 0.3360654
0.7911414 0.3656155
0.7871009 0.3949378
0.7764325 0.4225778
0.7624173 0.4487666
0.7468382 0.4742173
0.7318498 0.5
0.7167307 0.5191948
0.6991262 0.5431466
0.6783233 0.5648239
0.6561737 0.5852044
0.6334869 0.6049773
0.6083505 0.6218155
0.5821146 0.6369819
0.5531747 0.645707
0.5231892 0.6514382
0.4964942 0.6611638
0.4661115 0.6621166
0.4356581 0.6604987
0.407618 0.6492498
0.38138 0.6344348
0.3553694 0.6190028
0.3294416 0.6034755
0.3045347 0.5864363
