0.5013767 0.8508968
0.4661951 0.85441
0.4287559 0.8543244
0.3930134 0.8449265
0.3598654 0.8309795
0.3310012 0.8098
0.3034605 0.7872044
0.2804537 0.7610532
0.2528464 0.7383939
0.2342999 0.709411
0.2095794 0.6848449
0.191205 0.6574377
0.1734336 0.6308234
0.1586286 0.5999789
0.1513435 0.5670117
0.1473053 0.5336354
0.1473053 0.5
0.1624819 0.4736045
0.1721904 0.4411234
0.1904188 0.4120785
0.2111966 0.3840922
0.2334572 0.357048
0.2577496 0.3314629
0.2851297 0.308612
0.3120924 0.2852899
0.3395574 0.2624454
0.3680192 0.2405825
0.3998605 0.2232588
0.4333636 0.2082166
0.4675889 0.1945728
0.5010687 0.183899
0.5378729 0.1779768
0.5739794 0.1697774
0.6114369 0.1697774
0.6486862 0.1731549
0.6802289 0.1898543
0.7098157 0.2102422
0.7309173 0.2377183
0.7498701 0.266513
0.7658358 0.2969247
0.7815531 0.3274472
0.7935989 0.3592162
0.8007195 0.3922211
0.8070319 0.4253746
0.8151512 0.4581481
0.8257204 0.4904167
0.8300138 0.5195565
0.8339261 0.552844
0.8339261 0.5864793
0.8304356 0.6198919
0.8170274 0.6502943
0.7960026 0.6780241
0.7713366 0.7033373
0.7436286 0.725783
0.7134359 0.7456363
0.6793225 0.7578346
0.6440492 0.7675176
0.6084169 0.7764388
0.5723398 0.784965
0.5351715 0.7891369
0.5 0.7936082
0.4652952 0.8055374
0.4299873 0.8162899
