0.4058067 0.8856109
0.3763321 0.876619
0.3484526 0.8641711
0.3226316 0.8464171
0.2978441 0.8272716
0.2761699 0.803974
0.2567633 0.7787437
0.2405986 0.7507501
0.2244339 0.7227563
0.2120055 0.6927166
0.2004406 0.662204
0.1920458 0.6306543
0.1858355 0.5983899
0.1817168 0.5658954
0.1817168 0.5329477
0.1817168 0.5
0.1887876 0.4806824
0.1960322 0.4486682
0.2039365 0.4169472
0.2198443 0.388784
0.235752 0.3606207
0.2563284 0.3368665
0.2802635 0.3162842
0.3069497 0.300694
0.3352438 0.2880219
0.3648553 0.2804403
0.3951729 0.2755867
0.4254904 0.2707332
0.4558164 0.2659625
0.486394 0.2636694
0.510485 0.2613763
0.5410627 0.2590832
0.5716071 0.2606808
0.6021404 0.2635767
0.6322781 0.2680886
0.6601826 0.2817225
0.6851366 0.2993028
0.7035277 0.325661
0.7219189 0.3520191
0.73805 0.3799527
0.7529359 0.4087541
0.7668501 0.4380563
0.778415 0.4685689
0.7895955 0.4992076
0.7958471 0.5187437
0.8018171 0.5510547
0.8066978 0.583582
0.8115786 0.6161094
0.8136728 0.6489486
0.8144768 0.6818572
0.8128659 0.7147593
0.8025808 0.7453343
0.7856429 0.7723142
0.7645596 0.7961725
0.7390556 0.8144486
0.7112358 0.8277296
0.6822392 0.8383626
0.6522544 0.8451993
0.6222696 0.8520361
0.5919559 0.8555018
0.5613039 0.8555018
0.5306519 0.8555018
0.5 0.8555018
