0.7085138 0.6429061
0.6920182 0.6694863
0.6702477 0.6918356
0.6480477 0.7136806
0.6234848 0.7321484
0.5965727 0.745893
0.5670316 0.7484279
0.5374233 0.7490099
0.5077949 0.7490099
0.5 0.7490099
0.4713854 0.7407129
0.4430004 0.7313214
0.4153866 0.7193418
0.3886218 0.7054631
0.3634298 0.6880659
0.3382479 0.6706513
0.3135956 0.6523173
0.2898903 0.6326483
0.2682303 0.6100962
0.2485516 0.5856676
0.2321168 0.5581665
0.2193591 0.5285076
0.2085981 0.5
0.2007833 0.4684301
0.1985108 0.4354779
0.1969535 0.4024714
0.1969066 0.3694807
0.1998295 0.3367293
0.211327 0.3062673
0.223389 0.2761291
0.2389171 0.24798
0.2582345 0.2231696
0.2801061 0.2009686
0.3035902 0.1808163
0.3287926 0.1635151
0.3545704 0.1472263
0.3805313 0.1312978
0.4076895 0.1194881
0.4370891 0.1153885
0.466647 0.1133112
0.4962384 0.1116607
0.5040309 0.1115535
0.5326427 0.1170788
0.5598754 0.1300986
0.5854903 0.1467027
0.6099826 0.1652363
0.6332946 0.1855841
0.6555923 0.2073491
0.6773739 0.2297294
0.6983243 0.2531008
0.7143176 0.28084
0.7305375 0.3084822
0.7483358 0.3348536
0.7652754 0.3615133
0.7766359 0.3920389
0.787668 0.4227141
0.7990634 0.4532238
0.8069016 0.4850481
0.8140876 0.5148266
0.8148163 0.5477787
0.8127072 0.5805412
0.8011206 0.6108861
0.7814044 0.6353905
0.7588679 0.6522682
