0.3838081 0.5
0.3674407 0.4852482
0.3510733 0.4704964
0.3379503 0.4529871
0.3280809 0.4327129
0.3182114 0.4124387
0.308342 0.3921644
0.298565 0.3718477
0.2914821 0.3502922
0.2843992 0.3287367
0.2773163 0.3071811
0.2759027 0.2844639
0.2749714 0.2616478
0.27404 0.2388317
0.2779201 0.2168875
0.2858829 0.1956833
0.294018 0.1745581
0.3030029 0.1538224
0.3123514 0.1333446
0.3268393 0.1165097
0.3413273 0.09967482
0.3583107 0.08603626
0.3765513 0.07403514
0.3949364 0.06228527
0.4150505 0.05631232
0.4364279 0.05456072
0.4578472 0.05397075
0.4792877 0.05397075
0.5 0.05397075
0.5214406 0.05397075
0.5428811 0.05397075
0.5643216 0.05397075
0.5854677 0.05564252
0.6054505 0.06391996
0.6254331 0.07219738
0.6436514 0.08335498
0.6588122 0.09950367
0.6739729 0.1156524
0.6871257 0.1335801
0.6992724 0.1523992
0.7114191 0.1712185
0.7157082 0.1931851
0.7182133 0.2158664
0.719341 0.2385627
0.7172757 0.2612942
0.7152105 0.2840256
0.7131453 0.3067571
0.71108 0.3294886
0.7062305 0.3516577
0.7003404 0.3736167
0.6901605 0.3932565
0.6769972 0.4112834
0.6620052 0.4275908
0.6468444 0.4437394
0.6288144 0.4553738
0.6123448 0.4689017
0.594511 0.4786744
0.5733104 0.4820724
0.5519472 0.483232
0.5305067 0.483232
0.5090662 0.483232
0.4883539 0.483232
0.4669133 0.483232
