0.5746238 0.8335052
0.5413944 0.8335052
0.5081855 0.832394
0.4781408 0.8309629
0.4455978 0.8240635
0.4129525 0.8175204
0.3801009 0.8121511
0.3481722 0.8029962
0.3173563 0.7896007
0.2870265 0.7750645
0.2579786 0.7576754
0.2319902 0.7357662
0.207748 0.7112767
0.1890796 0.6816994
0.1717913 0.6511264
0.1644699 0.6162673
0.1575074 0.5812557
0.1514649 0.5460504
0.1483148 0.5105411
0.1509143 0.5
0.159371 0.4653725
0.1734779 0.4331127
0.1900146 0.4022149
0.212 0.3753658
0.2349346 0.3495074
0.2591323 0.3249669
0.2855516 0.3034383
0.3132002 0.2835765
0.3436439 0.2692401
0.3742166 0.2552561
0.406077 0.2450839
0.4379373 0.2349117
0.4705156 0.2279265
0.5 0.2212267
0.5326426 0.2145269
0.5656434 0.2111155
0.5988386 0.2094896
0.6320668 0.209431
0.6652418 0.2111943
0.6966819 0.2209209
0.7242523 0.2405146
0.7493746 0.2639324
0.7682105 0.2932528
0.7850789 0.3240821
0.8001777 0.3559731
0.8084547 0.3906099
0.8115742 0.4262572
0.8148111 0.46189
0.8160403 0.4976413
0.8160403 0.5085449
0.8160403 0.5443513
0.8124548 0.579856
0.8022474 0.613913
0.7914816 0.64768
0.7747049 0.6785872
0.7579651 0.7094779
0.7369481 0.7364788
0.712152 0.7603132
0.6890421 0.7859657
0.663015 0.8077451
0.6352341 0.8273881
0.6059818 0.8440597
0.5746528 0.8554037
0.5517528 0.8554118
