0.7372307 0.7564224
0.7207935 0.7858438
0.7001428 0.8105415
0.676994 0.830424
0.6517495 0.8441743
0.6256016 0.8546637
0.5988342 0.8606681
0.5718123 0.8649021
0.5449881 0.8711792
0.5179462 0.8737637
0.4996433 0.8737637
0.4724776 0.87208
0.4453688 0.8695152
0.4185074 0.8635603
0.3919655 0.8554574
0.3656519 0.8458195
0.340396 0.8320976
0.3158196 0.8157524
0.2920214 0.7973002
0.2683471 0.7785125
0.2461487 0.7566149
0.2246829 0.7331734
0.2065038 0.7050018
0.18982 0.6748602
0.1749485 0.6430607
0.1681029 0.6066498
0.1678845 0.5684869
0.1791321 0.5355689
0.1960253 0.5056505
0.2168036 0.4930882
0.2379505 0.469114
0.258645 0.4443572
0.2819638 0.4247127
0.3052827 0.4050682
0.3295143 0.3878897
0.3543647 0.3723825
0.3793496 0.3573624
0.4051483 0.3452882
0.430947 0.333214
0.4567457 0.3211398
0.4825444 0.3090656
0.5 0.2996345
0.5263823 0.290374
0.5528908 0.2820887
0.5799058 0.2777122
0.6069242 0.2733906
0.6340714 0.2711485
0.6605122 0.2771417
0.6855175 0.2916808
0.7084858 0.3117182
0.7285251 0.3375067
0.7446067 0.3682969
0.7588245 0.4006851
0.7687247 0.4359635
0.7731199 0.4736021
0.7733706 0.5
0.7733706 0.538182
0.7719424 0.5761655
0.762789 0.6114761
0.7495767 0.6447935
0.7378043 0.6786985
0.7265649 0.7134311
0.7150496 0.7472274
0.7033497 0.778622
