0.5150932 0.7523768
0.5 0.7561067
0.4686558 0.7561067
0.4373159 0.7559991
0.4065114 0.7504441
0.3781777 0.7340316
0.347203 0.7279143
0.3198209 0.7098759
0.2910902 0.6953944
0.2661504 0.6735084
0.2471974 0.6448709
0.2321794 0.6106532
0.2147964 0.5771198
0.208968 0.5380409
0.2031658 0.5
0.1915615 0.4728124
0.1886604 0.4328214
0.1886604 0.3925218
0.1895508 0.3523169
0.197788 0.313607
0.2116818 0.278089
0.2263952 0.2435207
0.2452017 0.211281
0.2610736 0.1767095
0.2857039 0.1518437
0.3132196 0.1329813
0.3434552 0.1241979
0.3745121 0.120468
0.4058563 0.120468
0.4371043 0.1229442
0.4681833 0.1281152
0.4986176 0.1368693
0.5126917 0.1477609
0.5435787 0.15396
0.5739406 0.1639695
0.6043026 0.1739789
0.6346645 0.1839883
0.6641142 0.1975032
0.6936893 0.210511
0.7215249 0.2280701
0.7488171 0.247725
0.7745421 0.2707403
0.7937318 0.3016322
0.8073845 0.3372873
0.8191658 0.3736686
0.8226069 0.413602
0.825508 0.4535929
0.825508 0.4938926
0.8241574 0.5243357
0.812282 0.5615145
0.7980458 0.597374
0.7828722 0.6325361
0.763567 0.6641675
0.7414033 0.6926636
0.7147279 0.7113473
0.6871071 0.7251734
0.6595244 0.7414536
0.6287792 0.7466069
0.6005315 0.7598367
0.5694746 0.7635666
0.5381304 0.7635666
0.5067862 0.7635666
0.4920208 0.7598367
0.4671634 0.748647
