0.4806464 0.586603
0.4564437 0.5858444
0.4330583 0.5766003
0.4103678 0.5654305
0.3878135 0.5538828
0.3652593 0.5423351
0.3433895 0.5292992
0.3218979 0.5154405
0.3004064 0.5015818
0.2814636 0.4940479
0.2652219 0.4730587
0.2489802 0.4520695
0.234809 0.4299058
0.229313 0.4028215
0.2260803 0.3755327
0.2276272 0.3478118
0.2354169 0.3214507
0.2440389 0.2955051
0.2568923 0.271752
0.2697458 0.247999
0.2825992 0.2242459
0.2985904 0.2030376
0.3147295 0.1819492
0.3308685 0.1608609
0.3500868 0.1433894
0.3696621 0.1263373
0.3894144 0.1096129
0.4119907 0.0981195
0.434683 0.08711961
0.4593862 0.08467835
0.4840894 0.08223712
0.5 0.08170822
0.5241901 0.08782598
0.5483803 0.09394374
0.5712255 0.1041222
0.593126 0.117153
0.6150265 0.1301837
0.6356355 0.1454655
0.6553162 0.1623646
0.674997 0.1792638
0.6930968 0.1980329
0.7092359 0.2191212
0.725375 0.2402095
0.7393915 0.2628436
0.7500535 0.2879205
0.7572992 0.314127
0.7605067 0.3416687
0.7620001 0.369335
0.7620001 0.3971099
0.7586132 0.4243098
0.7512627 0.4508367
0.7439122 0.4773635
0.7296697 0.5
0.7138581 0.5115097
0.6963224 0.5311496
0.6765152 0.5475773
0.6554294 0.5621968
0.633297 0.5745452
0.6104412 0.5853235
0.5868392 0.5938015
0.5631367 0.6019698
0.5392591 0.6094508
0.5152764 0.6165193
