0.729324 0.7921451
0.7041291 0.809078
0.6730179 0.8141164
0.6435889 0.8261311
0.6122812 0.8280314
0.5808116 0.8304654
0.5494379 0.8341932
0.5180546 0.8376449
0.5 0.8376449
0.4684606 0.8376449
0.4369211 0.8376449
0.4053817 0.8376449
0.3738423 0.8376449
0.3423029 0.8376449
0.3107634 0.8376449
0.2793287 0.8354512
0.2478516 0.8341448
0.217983 0.8229778
0.191281 0.8048463
0.1717069 0.7772098
0.1666293 0.7414794
0.1666293 0.7048867
0.1666293 0.668294
0.1753962 0.6332528
0.1835227 0.5978957
0.1967401 0.5647761
0.2108449 0.5320466
0.2260497 0.5
0.2440329 0.4754331
0.2615739 0.4451058
0.2804667 0.4159875
0.2998648 0.3875394
0.3221665 0.3616645
0.3463777 0.3392299
0.3739874 0.3223114
0.3994313 0.3006925
0.4281302 0.2866035
0.4570017 0.2721747
0.4857421 0.2578434
0.5035532 0.2533047
0.5347714 0.2481202
0.5660804 0.244624
0.5975953 0.2448828
0.628314 0.2531397
0.6573877 0.2667001
0.6824833 0.2882777
0.7036161 0.3154085
0.7243305 0.343002
0.7407956 0.3740241
0.7517161 0.4080427
0.7655378 0.4406659
0.7762418 0.4750735
0.7839886 0.5049208
0.785956 0.5414423
0.7866403 0.5780102
0.7866403 0.6146029
0.7827217 0.6505588
0.7759829 0.6858839
0.758375 0.7158321
0.7434895 0.7477103
0.7232256 0.7754662
0.7051284 0.8053607
0.6901842 0.8374671
0.6840743 0.8726446
