0.4033567 0.8546892
0.3750237 0.8489254
0.3479889 0.8360589
0.3219699 0.8201886
0.2959509 0.8043184
0.2724963 0.7831253
0.249274 0.7614502
0.228378 0.7365283
0.2088388 0.709713
0.195124 0.6781898
0.1841289 0.6446002
0.1811786 0.6084132
0.1782283 0.5722262
0.1795693 0.5360515
0.1830129 0.5
0.1942797 0.4714302
0.2053498 0.4378265
0.2162293 0.4041277
0.2284061 0.3711336
0.2419792 0.3391902
0.2593288 0.3100888
0.280045 0.2848843
0.3034478 0.2642487
0.3299798 0.249785
0.3570869 0.2373726
0.3849617 0.227699
0.4135104 0.2242858
0.4424264 0.2242858
0.4712689 0.2259179
0.5 0.2300252
0.5136597 0.2341325
0.5417631 0.2423891
0.5696848 0.2518462
0.5976065 0.2613031
0.624393 0.2745728
0.6503818 0.2905213
0.6763706 0.3064697
0.7005525 0.326349
0.7245032 0.3467312
0.7465683 0.3699
0.7663863 0.3963896
0.7862043 0.4228792
0.8008287 0.4538146
0.813141 0.486729
0.8207366 0.516279
0.8229544 0.5525487
0.8243368 0.5888827
0.8201227 0.6244512
0.8121006 0.6593885
0.8029566 0.6938986
0.7911849 0.7268157
0.775426 0.7573156
0.7539635 0.7816653
0.7310253 0.8036034
0.7065557 0.8229855
0.6811256 0.8401724
0.6547206 0.8548676
0.6271918 0.8659992
0.5991708 0.8745086
0.5705911 0.88004
0.5417051 0.8805335
0.5127891 0.8805335
0.4989444 0.8805335
