0.3763446 0.4061368
0.3597044 0.3890747
0.3471889 0.3691931
0.3384553 0.3468036
0.3325495 0.3234463
0.3266437 0.3000891
0.3238783 0.2761648
0.3216649 0.2521424
0.3195344 0.228112
0.3195676 0.2041249
0.3226113 0.1801982
0.3295583 0.1574268
0.3394198 0.1355182
0.3509589 0.1147309
0.3665286 0.09663767
0.3850954 0.08282042
0.406784 0.07345682
0.4298556 0.06927732
0.4531802 0.06608301
0.4765901 0.0636211
0.5 0.06115919
0.5135875 0.05869731
0.5371156 0.058606
0.5606483 0.058606
0.5841742 0.05868506
0.6073436 0.0629085
0.630513 0.067132
0.6536824 0.07135543
0.676042 0.0780862
0.6970903 0.08887723
0.7131864 0.1044813
0.7225695 0.1266097
0.7293559 0.1494922
0.7326839 0.1733792
0.7348858 0.1972744
0.7318933 0.221208
0.7289008 0.2451416
0.7255839 0.2689821
0.7160263 0.2910318
0.7064688 0.3130816
0.6943281 0.3336557
0.6810712 0.353592
0.6664035 0.3723961
0.650712 0.3903783
0.6333439 0.406498
0.614608 0.4210983
0.595757 0.435511
0.5748119 0.446511
0.5538667 0.4575111
0.5329217 0.4685111
0.5112601 0.4775706
0.4982839 0.4835507
0.4754854 0.4895308
0.4526868 0.4955108
0.4292886 0.4974636
0.4057885 0.4987318
0.3822883 0.5
0.3592451 0.4957985
0.336553 0.4900294
0.3217134 0.4713022
0.3101489 0.4508254
0.3045827 0.4274428
0.3033142 0.4033854
0.3033142 0.379256
