0.5462829 0.8479891
0.5080591 0.8499041
0.4856964 0.8479445
0.4488361 0.8376187
0.4133264 0.8238536
0.3783987 0.8086064
0.3458969 0.7892756
0.314213 0.7685762
0.2829481 0.7473061
0.2526165 0.7250547
0.2273157 0.6975145
0.2024304 0.6696364
0.1778335 0.6415237
0.1656033 0.6072363
0.15532 0.5719768
0.1460289 0.5365713
0.1446576 0.5
0.1436754 0.4899349
0.1505484 0.4539306
0.1608307 0.418917
0.1767925 0.385673
0.197156 0.3546408
0.2208754 0.3259571
0.2473496 0.2995646
0.2763843 0.2755977
0.3089484 0.256268
0.3418946 0.2374402
0.3748408 0.2186124
0.4084888 0.2009524
0.4423522 0.1837207
0.4788021 0.1721485
0.5 0.1632027
0.5376639 0.156
0.5755627 0.1499838
0.6139196 0.1492397
0.6523015 0.1495459
0.6895759 0.1584214
0.723642 0.1749018
0.7540693 0.1969455
0.7816333 0.222422
0.8055912 0.2509109
0.8220216 0.2837003
0.8372345 0.3172886
0.8476448 0.3523948
0.85482 0.388187
0.85482 0.4247815
0.85482 0.4613761
0.8452159 0.4966895
0.8362646 0.5057909
0.8184671 0.5379904
0.8009163 0.5705318
0.7770108 0.5989862
0.7510856 0.6259647
0.7247434 0.652577
0.6970602 0.677848
0.6683189 0.7021335
0.6372723 0.7236885
0.6081655 0.7475129
0.5758461 0.7673017
0.543159 0.7865254
0.5104849 0.8057245
0.493733 0.823507
0.4589539 0.8367591
0.4235821 0.8479891
