0.5863577 0.8654405
0.5592614 0.8770784
0.5296307 0.8770784
0.5 0.8770784
0.4843033 0.8672945
0.4558766 0.8565239
0.4268514 0.8491127
0.3977119 0.8422189
0.3701531 0.8294879
0.343994 0.8115786
0.3174915 0.7945078
0.291219 0.7768752
0.2657372 0.7574501
0.242225 0.7343061
0.220929 0.7078001
0.2021048 0.6786686
0.1829456 0.6511111
0.177709 0.6135454
0.1728377 0.5758934
0.1716529 0.5378484
0.1741841 0.5
0.1817381 0.4759183
0.1940961 0.4412601
0.2076093 0.4077762
0.2275035 0.379523
0.2478549 0.3518153
0.270192 0.3278719
0.296132 0.3094811
0.3217025 0.2902043
0.3481538 0.2732184
0.376155 0.2610651
0.4056641 0.2576092
0.4345092 0.2489271
0.4633341 0.2400858
0.4927848 0.2381106
0.5092859 0.2340063
0.538715 0.230352
0.5683448 0.2303649
0.5974976 0.2371932
0.6243562 0.2528878
0.650557 0.2707071
0.6765328 0.2890643
0.7021272 0.3082977
0.7239287 0.3338693
0.7448808 0.3608605
0.7633671 0.3905426
0.781964 0.4202368
0.7940456 0.4550802
0.8052994 0.4902092
0.8160167 0.5126597
0.8182297 0.55048
0.8182297 0.5886514
0.8182297 0.6268227
0.8128592 0.6642357
0.8010026 0.6975476
0.7826407 0.7274327
0.763587 0.7564967
0.7399639 0.7795154
0.7145835 0.799066
0.6884387 0.817029
0.6614584 0.8327866
0.6328591 0.8425255
0.6039431 0.8499234
