0.5114776 0.7268481
0.4961271 0.7397187
0.4668368 0.7402774
0.4376231 0.7383737
0.4095463 0.7273487
0.3828635 0.7112036
0.3580095 0.6912334
0.3344246 0.6683233
0.3101669 0.6467225
0.2855746 0.6261649
0.2607436 0.6071652
0.2364354 0.5859031
0.2141203 0.5617875
0.1939714 0.5340866
0.1802922 0.5005826
0.169677 0.494131
0.1692093 0.4550835
0.1766591 0.417708
0.1953013 0.3883635
0.2140336 0.3589817
0.2365405 0.3339171
0.2601568 0.3107409
0.2840868 0.2881799
0.3094245 0.2685243
0.3363356 0.2532349
0.3619619 0.2346994
0.3900581 0.2239541
0.4172459 0.2092957
0.4447019 0.1955549
0.4719459 0.1812214
0.5 0.1703947
0.5174356 0.1581335
0.5460238 0.1494318
0.574198 0.1385948
0.6026462 0.1301889
0.6317703 0.1256518
0.6610708 0.1250633
0.6904027 0.1250633
0.7196022 0.1268457
0.7424761 0.147506
0.759223 0.1775086
0.7759722 0.2092739
0.7932905 0.2404839
0.8000278 0.2780512
0.8035663 0.3167698
0.8035663 0.355879
0.8025735 0.3948786
0.7920796 0.4309965
0.778962 0.4659768
0.764554 0.5
0.7484087 0.5031874
0.7311918 0.5346162
0.7170117 0.5669522
0.6957027 0.5937769
0.6717539 0.6142561
0.6480095 0.6341482
0.6227068 0.6517704
0.5941979 0.6606029
0.5675133 0.6734437
0.5384334 0.6785479
0.5095166 0.685015
0.4909281 0.6899173
0.4637676 0.7008448
0.4361182 0.710061
