0.3820708 0.4290264
0.3653589 0.412117
0.3499136 0.3940372
0.3359023 0.3748356
0.3232121 0.3546656
0.3118224 0.3337122
0.3009852 0.3125196
0.2938682 0.289716
0.2891404 0.2664511
0.2874565 0.2425983
0.2860655 0.2187554
0.2893169 0.1950693
0.2925682 0.1713831
0.2958195 0.1476969
0.3062231 0.1262559
0.3167926 0.104867
0.3332357 0.08788469
0.350393 0.07143828
0.371472 0.06232393
0.3944635 0.05678505
0.4179849 0.05523753
0.441606 0.05444083
0.465229 0.05371156
0.4888565 0.05314237
0.5 0.05257314
0.5236275 0.05200395
0.5472599 0.05185243
0.5708941 0.05185243
0.5945284 0.05185243
0.618125 0.05281502
0.6416859 0.05469713
0.6652468 0.05657917
0.6882948 0.06056532
0.710018 0.0699853
0.7199468 0.0916014
0.721729 0.1153906
0.7191355 0.1389229
0.7138692 0.1622352
0.7086029 0.1855475
0.7026068 0.2086687
0.6960351 0.2316392
0.6894634 0.2546097
0.6829236 0.2775894
0.6765079 0.300605
0.6700922 0.3236206
0.6636764 0.3466362
0.6548769 0.3687857
0.6453586 0.3906742
0.6355495 0.4124279
0.6253884 0.4340185
0.6118581 0.4531278
0.5946757 0.4695474
0.5762238 0.4842345
0.5556661 0.4959884
0.5322694 0.4993703
0.5086794 0.5
0.4980251 0.4954296
0.4751068 0.4896563
0.4525177 0.4826237
0.4299245 0.4756066
0.4069429 0.4700258
0.3839613 0.4644451
0.3609715 0.4588991
0.33798 0.4533602
