0.341454 0.4517965
0.3597488 0.4644924
0.3792891 0.4716551
0.3988293 0.4788177
0.4187616 0.4824774
0.43875 0.4856355
0.4587496 0.4886177
0.4787621 0.4913964
0.4987747 0.4941751
0.50587 0.4962866
0.5259283 0.4981433
0.5459865 0.5
0.5660676 0.4988945
0.586149 0.4977586
0.6055692 0.4906612
0.6247757 0.4816352
0.6424632 0.467992
0.658668 0.4498419
0.6734073 0.4289901
0.686918 0.4065908
0.6972569 0.3802727
0.7059273 0.3526165
0.7142427 0.3246757
0.7184173 0.294807
0.7206731 0.2644002
0.7203705 0.2337541
0.7164295 0.2036583
0.7097752 0.1747728
0.7010838 0.1475321
0.6872433 0.1252805
0.6734029 0.1030289
0.6561952 0.08733448
0.6387478 0.07210708
0.6194293 0.06390363
0.5999773 0.05620116
0.5801322 0.05255821
0.5600532 0.05133155
0.5399729 0.05142292
0.5198916 0.05255893
0.5 0.0557363
0.4934553 0.06318018
0.4739602 0.07062405
0.4554858 0.08215094
0.4377033 0.09644556
0.4194444 0.1092392
0.4011559 0.1219458
0.3831823 0.1356717
0.3659903 0.1512633
0.3502987 0.1704364
0.3346071 0.1896094
0.3199457 0.2105405
0.3057363 0.2322429
0.2970852 0.2595432
0.290339 0.2884293
0.284955 0.3178661
0.284955 0.348558
0.290149 0.3777221
0.2976121 0.4062188
0.311911 0.4274302
0.3292838 0.4425025
0.3480299 0.4530385
0.3677676 0.4583535
0.3878282 0.4594106
0.4079233 0.4594106
