0.4664262 0.5
0.4490089 0.4837988
0.4315916 0.4675976
0.4141743 0.4513965
0.3974097 0.4347928
0.3818651 0.4174367
0.3663204 0.4000806
0.3507757 0.3827246
0.3375959 0.3643411
0.3274868 0.3446235
0.3173776 0.3249059
0.3072684 0.3051884
0.301416 0.2844583
0.2961485 0.263589
0.290881 0.2427198
0.2856135 0.2218505
0.2825885 0.2011178
0.2918168 0.1811309
0.3010451 0.161144
0.3102734 0.141157
0.3195018 0.1211701
0.3367416 0.1058627
0.3581063 0.09296459
0.3794709 0.08006641
0.4040657 0.0716083
0.4288588 0.06342268
0.4541794 0.0569768
0.4809594 0.05534455
0.5043122 0.05371222
0.5311058 0.05382398
0.5579093 0.05519417
0.5847127 0.05656439
0.6105729 0.06085512
0.6349123 0.06985521
0.6592516 0.07885528
0.6835909 0.08785537
0.6974822 0.1059614
0.7111003 0.1243055
0.7162072 0.1451265
0.7208092 0.1660943
0.7234608 0.1872244
0.7244548 0.2084923
0.7254489 0.2297603
0.7202318 0.25045
0.713043 0.270956
0.7058543 0.2914622
0.6986656 0.3119683
0.6870757 0.3311326
0.6750638 0.3501682
0.6632905 0.3692908
0.6528677 0.3889056
0.6421481 0.408341
0.6210282 0.4214898
0.5994945 0.4341546
0.5762499 0.4448179
0.5530053 0.4554812
0.5266129 0.4588666
0.5 0.4617421
0.4766547 0.4627523
0.4497955 0.4627523
0.4230385 0.4612092
0.396327 0.4589812
0.3703955 0.4537631
