0.3594155 0.5
0.3450893 0.4835981
0.3307631 0.467196
0.3192762 0.4460503
0.3093804 0.4222465
0.3015917 0.3964844
0.2946233 0.3699601
0.2885342 0.3428729
0.2830365 0.3154069
0.2790912 0.287271
0.2758873 0.2588152
0.2754504 0.2300318
0.2762056 0.2011075
0.2769608 0.1721831
0.2857311 0.1476188
0.2953747 0.1235296
0.308818 0.1061344
0.323803 0.09145528
0.3391954 0.07819796
0.3554738 0.06803235
0.3720066 0.05981863
0.3893507 0.0578267
0.4066948 0.05583474
0.4240389 0.05384281
0.4414121 0.05325902
0.4587974 0.05325902
0.4761828 0.05325902
0.4935586 0.05410653
0.5089212 0.05517808
0.5262946 0.05624959
0.5435151 0.05955487
0.5605876 0.06502235
0.57766 0.07048979
0.5945243 0.07722095
0.6108819 0.08702746
0.6272395 0.09683394
0.6433985 0.1072087
0.6565984 0.1260503
0.6697983 0.1448918
0.6829982 0.1637333
0.696198 0.1825747
0.705641 0.2059813
0.7123875 0.2326642
0.7186703 0.2595206
0.7194255 0.2884449
0.7201806 0.3173693
0.7183913 0.3453107
0.7100663 0.3707273
0.7017413 0.3961439
0.6926106 0.4206011
0.6808629 0.4419429
0.6685588 0.4622621
0.6545472 0.479315
0.6382086 0.4892091
0.6212206 0.4929647
0.6038353 0.4929647
0.58645 0.4929647
0.5690647 0.4929647
0.5517117 0.491454
0.5343706 0.4893912
0.5170295 0.4873285
0.5 0.4827967
0.4856383 0.4730592
