0.3605065 0.3929569
0.3439134 0.3794236
0.3273204 0.3658903
0.314659 0.3493533
0.3039955 0.33129
0.2942994 0.3128348
0.2876873 0.2931302
0.2810753 0.2734257
0.2797144 0.2528749
0.2789828 0.2322227
0.2782513 0.2115705
0.279012 0.191005
0.2824365 0.1705942
0.2864994 0.1503821
0.2966879 0.1320776
0.3068764 0.113773
0.3185064 0.09642771
0.3334474 0.08128551
0.3487361 0.06670597
0.3701099 0.06197312
0.3914838 0.05724034
0.4133946 0.05590296
0.4353065 0.05457261
0.4572185 0.05324224
0.4789909 0.05379102
0.5 0.05797759
0.5215021 0.06216416
0.5430042 0.0663507
0.5634131 0.07383803
0.5836353 0.08188945
0.6038576 0.08994082
0.62273 0.1002229
0.640407 0.1124806
0.6580842 0.1247382
0.6724762 0.1401372
0.6857834 0.1565737
0.6990907 0.1730103
0.7080495 0.1915616
0.7145989 0.2112847
0.7187483 0.2315109
0.7217149 0.2519851
0.7245162 0.2724699
0.7245162 0.2931336
0.7245162 0.3137973
0.7157594 0.3326189
0.70641 0.3513157
0.6931072 0.3675221
0.6783019 0.382782
0.6634967 0.3980418
0.6485801 0.4131931
0.6318498 0.4265759
0.6151195 0.4399587
0.5983893 0.4533415
0.5788444 0.4627173
0.5592051 0.4719584
0.5395657 0.4811995
0.5189692 0.487936
0.4980669 0.4925824
0.4766717 0.4972288
0.4550496 0.5
0.4330921 0.5
0.4115378 0.4992104
0.3979811 0.4829582
