0.5223085 0.8267683
0.5 0.8451369
0.4689341 0.8546236
0.4364462 0.8491695
0.4048229 0.8391356
0.3758845 0.8209252
0.3457946 0.8054875
0.3177891 0.7855777
0.2920662 0.7617129
0.266279 0.7379019
0.2413735 0.7129753
0.2181496 0.6857408
0.2003604 0.6534095
0.1856723 0.6189603
0.1735547 0.5831816
0.1668116 0.5455555
0.163571 0.5072892
0.1626346 0.4863408
0.1643465 0.4479617
0.1687841 0.4097995
0.1798511 0.3737907
0.1952385 0.3398361
0.214129 0.3084134
0.2367835 0.2808775
0.2624848 0.2569045
0.2892262 0.2346789
0.3178518 0.2157963
0.3488724 0.2032526
0.3800306 0.191073
0.412553 0.1864606
0.4452432 0.1827436
0.4779238 0.1789112
0.5070001 0.1785587
0.5398437 0.1785587
0.5726872 0.1785587
0.6054021 0.1817374
0.6378407 0.187206
0.6697911 0.196127
0.7005394 0.2094445
0.7309555 0.2239763
0.7584125 0.2445507
0.7825682 0.2704335
0.8036715 0.2998457
0.8213991 0.3321401
0.8345369 0.3674262
0.8470916 0.4024858
0.8514189 0.4406389
0.8524799 0.4790978
0.8512419 0.5
0.8398825 0.5355552
0.8232131 0.5685575
0.806702 0.6012766
0.7846648 0.6297377
0.7601172 0.6553259
0.736238 0.6817454
0.7106769 0.7051772
0.6815625 0.7229934
0.6532534 0.7424708
0.6248323 0.7617178
0.5955107 0.779021
0.5647892 0.792521
0.5344154 0.807157
0.5029368 0.8181374
0.478554 0.8239827
