0.5482664 0.7573681
0.5159847 0.7654032
0.4920607 0.7654032
0.4579411 0.7639199
0.4244782 0.7569284
0.3926448 0.7448754
0.3639089 0.7276054
0.3359692 0.7088172
0.3083777 0.6896929
0.2832534 0.6676097
0.2571436 0.6465966
0.2352813 0.6222222
0.21789 0.594268
0.2032913 0.5649034
0.1888152 0.5354846
0.1779826 0.5050617
0.1737346 0.4965355
0.1697286 0.4643041
0.1691389 0.4319603
0.1707698 0.3995433
0.1789728 0.3681257
0.1892193 0.3371927
0.201646 0.3069458
0.2189198 0.2790843
0.237938 0.2520812
0.2585219 0.2261618
0.280438 0.2013426
0.3092783 0.1837931
0.3369641 0.1646915
0.3659588 0.1481423
0.3985147 0.1379788
0.4318888 0.1305457
0.4657691 0.1263946
0.5 0.1251254
0.5238886 0.126599
0.5576882 0.1307475
0.590723 0.1394335
0.6224115 0.1517029
0.6531854 0.1659105
0.6827828 0.1822501
0.709555 0.202524
0.7350394 0.2242343
0.7487984 0.2535798
0.7638707 0.2826795
0.7795609 0.3115223
0.7933033 0.3412549
0.8017627 0.3725283
0.8075401 0.4045106
0.8134409 0.4364152
0.8227324 0.4675463
0.8227324 0.5
0.8227324 0.5087763
0.8191605 0.5409714
0.8120869 0.5726929
0.8040264 0.6039324
0.7839235 0.6299619
0.763265 0.6556423
0.7400552 0.6794338
0.7136677 0.7001476
0.6856914 0.7187607
0.6557851 0.7346039
0.6243043 0.7471346
0.5907773 0.7526649
