0.5302916 0.6822025
0.5 0.6833084
0.4982095 0.6763407
0.4695211 0.6670608
0.4425012 0.6534694
0.4159912 0.6389359
0.3903574 0.6230994
0.3656952 0.605891
0.3420818 0.5873737
0.3200713 0.5671754
0.2990631 0.5460481
0.2799537 0.5233024
0.2615991 0.5
0.2435336 0.4796903
0.2308754 0.4531725
0.2210453 0.4257472
0.214327 0.3973335
0.2114267 0.3683361
0.2103989 0.3392539
0.2111622 0.3101854
0.2161912 0.2814531
0.2263094 0.2539805
0.2422146 0.2290988
0.259161 0.2049408
0.2791952 0.1829286
0.3007665 0.1622791
0.325734 0.1458424
0.3525145 0.1318387
0.3811568 0.121611
0.4099093 0.1116738
0.4388014 0.1021044
0.4688733 0.09711823
0.4991377 0.09288016
0.501772 0.092408
0.532306 0.09417012
0.5617153 0.1005155
0.5897382 0.112159
0.6164969 0.1261531
0.6372455 0.147557
0.6571155 0.1697002
0.6783382 0.1906545
0.696629 0.2137553
0.7127371 0.2385161
0.7294083 0.2629388
0.7414007 0.2895085
0.7531676 0.316348
0.7619686 0.3440095
0.7703273 0.3719046
0.7746693 0.4002655
0.7766561 0.4293084
0.7766561 0.458437
0.7754264 0.487517
0.7673311 0.5122286
0.7540658 0.538452
0.7423562 0.565291
0.7260076 0.5897403
0.7045816 0.6100687
0.6802484 0.625999
0.6544001 0.6388571
0.626098 0.648569
0.596036 0.653786
0.5673996 0.6639092
0.5394214 0.6716169
0.5124103 0.6765271
