0.500923 0.7885891
0.4921511 0.7885891
0.4550606 0.7870232
0.4181018 0.783357
0.3824174 0.7743872
0.3476519 0.7631478
0.315063 0.7477045
0.2827061 0.7321907
0.2485689 0.7198921
0.2250422 0.6950568
0.2018492 0.6701523
0.1898207 0.6400021
0.1839215 0.6084132
0.1817714 0.5764112
0.1802427 0.5443818
0.1822385 0.5125083
0.1903091 0.4846459
0.1981902 0.4533115
0.2098318 0.4230795
0.225673 0.3940689
0.242223 0.3653548
0.258861 0.3366774
0.280105 0.3104533
0.3030645 0.2853057
0.3307177 0.2638572
0.3583709 0.2424086
0.3885912 0.2238418
0.423183 0.2132486
0.4588874 0.2048253
0.495109 0.1986905
0.5037456 0.1994516
0.5396969 0.2073136
0.5745904 0.2183605
0.6104146 0.2267298
0.6430361 0.242138
0.6736246 0.2603881
0.7033794 0.2796169
0.7294055 0.3023757
0.7524449 0.3275204
0.7743402 0.3534368
0.7943668 0.3804085
0.8094901 0.4095846
0.8204021 0.4401481
0.8270574 0.4716933
0.831164 0.5
0.831164 0.5320623
0.831164 0.5641246
0.8203355 0.594323
0.8070289 0.6241897
0.7893711 0.6523967
0.7656053 0.676976
0.7407252 0.7008137
0.715721 0.7245548
0.6868734 0.7443351
0.6605759 0.7667195
0.6329777 0.7880757
0.6025071 0.8063792
0.5714785 0.8239709
0.5409209 0.8407843
0.5073793 0.852928
0.5 0.8614116
0.4646195 0.8702204
0.4280661 0.874607
0.3941135 0.8726155
