0.4568234 0.7288781
0.426582 0.7310343
0.3965681 0.7281566
0.3677571 0.7177213
0.3396214 0.7051402
0.3125638 0.6902165
0.2869588 0.6723405
0.264113 0.6504622
0.2451341 0.6244239
0.2270372 0.5976439
0.2128313 0.5683607
0.2032162 0.5369678
0.1977814 0.5041603
0.1958097 0.4769877
0.1940256 0.4436999
0.1965691 0.4105875
0.2005844 0.3775346
0.2085821 0.3454488
0.217644 0.3136213
0.229264 0.2829016
0.2424437 0.2528574
0.2596804 0.2256336
0.2787961 0.1997161
0.3008093 0.1767624
0.3258688 0.1584121
0.3532045 0.1440596
0.3821282 0.1338556
0.4114691 0.1258505
0.4417019 0.1226236
0.4720587 0.1239564
0.5 0.1278968
0.5295329 0.1357209
0.5583757 0.1458729
0.5864483 0.1586226
0.614292 0.171945
0.6418479 0.185987
0.6683299 0.2021116
0.693483 0.2208133
0.7185604 0.239619
0.7407707 0.2623712
0.7629809 0.2851233
0.7830679 0.3098267
0.7991957 0.3380293
0.8096986 0.3693186
0.8184147 0.4012405
0.8251648 0.4337213
0.8280047 0.4667769
0.8270559 0.5
0.8200191 0.5263481
0.8106313 0.5580212
0.7952542 0.5865795
0.7734627 0.6096096
0.7509172 0.6319607
0.7280564 0.6538274
0.7020586 0.671038
0.6751897 0.6866007
0.6478203 0.7010347
0.6196122 0.7134188
0.5910022 0.724373
0.5628097 0.7350745
0.5345948 0.746635
0.5045362 0.7512574
0.4763263 0.7525967
0.4548589 0.7396594
