0.460529 0.6916696
0.4312696 0.6936361
0.4025086 0.6876747
0.3750015 0.6772377
0.3484012 0.6641836
0.3263383 0.6434235
0.3042754 0.6226635
0.2839181 0.6002468
0.2669513 0.5745371
0.2499845 0.5488274
0.238719 0.5198155
0.2280934 0.4905761
0.2209703 0.4603281
0.218601 0.4289052
0.2163785 0.3974781
0.2172157 0.3659649
0.218053 0.3344517
0.2188903 0.3029386
0.2197276 0.2714254
0.2242665 0.2404851
0.2317274 0.2099971
0.2393766 0.1795807
0.251407 0.1508314
0.2703456 0.1278412
0.2956603 0.1139072
0.3245307 0.1084284
0.3534872 0.1040076
0.3828036 0.1040076
0.4121201 0.1040076
0.4414366 0.1040076
0.470753 0.1040076
0.5 0.1053572
0.5282575 0.1088387
0.5573946 0.1123202
0.5865318 0.1158016
0.615038 0.1230582
0.6434792 0.1307045
0.6705174 0.1414499
0.6936585 0.160805
0.7165238 0.1804752
0.735891 0.2041423
0.7552583 0.2278093
0.7682725 0.2559821
0.7808766 0.2844457
0.7934808 0.3129093
0.7981698 0.3439748
0.8025186 0.3751521
0.8052704 0.4064574
0.8052704 0.4379834
0.80407 0.4693678
0.7977103 0.5
0.7878236 0.5292848
0.7729976 0.5564822
0.7567781 0.5825555
0.7366487 0.6054754
0.7129585 0.6235483
0.687565 0.6393025
0.6607057 0.6517627
0.6333661 0.6631434
0.60537 0.6723241
0.5769773 0.6801754
0.5483068 0.6859827
0.519012 0.6871943
