0.5022922 0.8981276
0.4805407 0.8981276
0.4564505 0.8981276
0.4323603 0.8981276
0.4082967 0.8976637
0.3843925 0.8944201
0.3614944 0.8863868
0.3399475 0.8746918
0.3193588 0.8613713
0.2991238 0.8476874
0.2786183 0.8343793
0.2581553 0.8206115
0.2401794 0.8061289
0.2355851 0.7839674
0.2295308 0.758708
0.222311 0.7344018
0.2151637 0.7130464
0.2155545 0.6869481
0.2228103 0.6620743
0.2302287 0.6372269
0.2412435 0.6144207
0.2554896 0.5933328
0.2697357 0.5722448
0.2832601 0.5506089
0.296623 0.5288504
0.3130094 0.5099157
0.3308347 0.4992157
0.34866 0.4816249
0.3664852 0.4640342
0.3843918 0.4465423
0.4025216 0.4293221
0.4206513 0.4121018
0.4389339 0.3950895
0.4584166 0.3797085
0.4781271 0.3647491
0.5 0.3537906
0.5195343 0.342832
0.5415441 0.3322015
0.5639867 0.3227807
0.5869681 0.315363
0.6110582 0.315363
0.6351484 0.315363
0.658975 0.3174065
0.6816788 0.3257745
0.7025713 0.3387848
0.7207011 0.3560051
0.7394665 0.3723533
0.7576972 0.388826
0.7694743 0.4114305
0.7827166 0.4321814
0.7879425 0.4577093
0.7975425 0.48161
0.8024804 0.5
0.8024804 0.5261506
0.8024804 0.5523011
0.8024804 0.5784516
0.7990904 0.6038212
0.7893064 0.6277179
0.7763535 0.6497214
0.7620289 0.6707348
0.7466067 0.6908242
0.7335398 0.7125986
0.7135543 0.7269868
