0.6430594 0.1663232
0.6430594 0.1398855
0.6344383 0.1169236
0.620638 0.09702155
0.6040888 0.08035016
0.5866553 0.06572133
0.5663027 0.05783564
0.5454404 0.05349493
0.5241438 0.05217466
0.5028715 0.05267563
0.4972656 0.05487117
0.4760647 0.05743065
0.4553781 0.06384274
0.4346915 0.07025486
0.4145578 0.07876351
0.3948105 0.08873835
0.3750632 0.09871322
0.3579133 0.1137746
0.3421947 0.1316391
0.3263453 0.149325
0.3122683 0.1690562
0.3025286 0.1920869
0.2957029 0.2170488
0.2847322 0.2397189
0.2807828 0.2655942
0.2778903 0.291783
0.2776209 0.3181999
0.2776209 0.3446376
0.278662 0.3709589
0.2837698 0.3962699
0.2968705 0.4170901
0.3119484 0.4357844
0.3296437 0.45037
0.3485818 0.4619334
0.3692414 0.4684605
0.3894703 0.4768209
0.4101293 0.4828309
0.4312879 0.4861101
0.4522021 0.4911978
0.473068 0.4966442
0.4943274 0.4979228
0.5 0.4986005
0.5213162 0.4992782
0.5426325 0.4999558
0.5639552 0.5
0.5852784 0.5
0.6063334 0.4976902
0.6267902 0.4902303
0.6473068 0.4830326
0.6662608 0.4722923
0.6814369 0.45383
0.6925346 0.4316121
0.6997108 0.4067354
0.7048776 0.3811778
0.7082032 0.3550637
0.7098026 0.3287816
0.7098026 0.3023439
0.7098026 0.2759062
0.7098026 0.2494685
0.7092264 0.2230563
0.7077071 0.1966858
0.693327 0.17841
0.6727437 0.1715201
