0.4923752 0.8526242
0.4561691 0.8526242
0.4202694 0.8496553
0.3844002 0.8458344
0.3509244 0.8340408
0.3179147 0.8206085
0.2882417 0.8016556
0.2622217 0.7778814
0.2396627 0.7534833
0.2166815 0.7273733
0.2041298 0.6950993
0.1851068 0.665552
0.1682599 0.6348425
0.1551699 0.602622
0.1492176 0.5683662
0.1455199 0.5342014
0.1489052 0.5
0.1683003 0.4754827
0.188833 0.4469462
0.2166133 0.4253641
0.2414378 0.4001267
0.2648304 0.3736212
0.2881411 0.3470492
0.318391 0.3283764
0.3469704 0.3070552
0.3766206 0.2871255
0.4079736 0.2698272
0.4412239 0.2564261
0.4745807 0.2430576
0.5 0.2285585
0.5352777 0.2207742
0.5700907 0.2112336
0.6049038 0.201693
0.6400428 0.1937396
0.6761145 0.1914117
0.7118715 0.1949109
0.7442973 0.2093517
0.7710696 0.2326135
0.7828864 0.2643969
0.7902111 0.2982018
0.8006958 0.3312523
0.8034595 0.3658484
0.8034595 0.4005768
0.8034595 0.4353051
0.8034595 0.4700334
0.8034595 0.5005783
0.8020342 0.5351236
0.7925927 0.5686474
0.7851455 0.6025873
0.7689537 0.6336492
0.7550594 0.665566
0.734696 0.6940324
0.7207632 0.7256299
0.6986995 0.7530339
0.6775742 0.7811475
0.6523443 0.8045796
0.6254507 0.8220703
0.5900801 0.8254652
0.553874 0.8254652
0.5176678 0.8254652
0.4910975 0.8152806
0.4549896 0.813392
0.4188617 0.8118857
