0.6917465 0.8338398
0.6536123 0.8493434
0.6126607 0.8605
0.5694407 0.8653646
0.5256286 0.8658403
0.4849794 0.8658403
0.4411695 0.8646262
0.3974921 0.8627905
0.3558974 0.8527257
0.3147553 0.8417331
0.275337 0.8280592
0.2388991 0.8104827
0.2073461 0.7885739
0.1850981 0.7615373
0.17215 0.7312467
0.1625517 0.7002772
0.1625517 0.6684499
0.1612422 0.6366453
0.1591762 0.6048551
0.1674561 0.5736005
0.1757361 0.5423459
0.1905174 0.5124012
0.2056111 0.4839475
0.2239202 0.4551511
0.2456733 0.4275174
0.2674263 0.3998836
0.289545 0.3724061
0.3122994 0.3452006
0.3350539 0.3179951
0.3658652 0.2956099
0.3983077 0.2742006
0.4328991 0.2547892
0.46938 0.2371346
0.5037455 0.2209044
0.5438113 0.2079781
0.5867498 0.2035615
0.630555 0.202644
0.6713513 0.2118437
0.7030098 0.2337919
0.7300324 0.2585459
0.7488827 0.2872814
0.7675992 0.3160628
0.7853047 0.3451393
0.7983824 0.3755178
0.8064327 0.4067662
0.8134761 0.4381798
0.8203143 0.4696176
0.8206053 0.5
0.8206053 0.5318273
0.816016 0.5632888
0.8061534 0.5942813
0.7904141 0.6239871
0.7712339 0.6525183
0.7450052 0.6779243
0.7173797 0.7025427
0.6896929 0.7270214
0.6546466 0.7459463
0.6181656 0.7636009
0.5789854 0.7777303
0.5381669 0.7893248
0.5 0.7996779
0.4570116 0.8054568
0.4132485 0.8067625
