0.3732744 0.4042298
0.3460042 0.3848254
0.318734 0.3654209
0.2938198 0.3437669
0.2695677 0.3214806
0.2464872 0.2984312
0.229286 0.2715518
0.2136407 0.24397
0.202617 0.2151756
0.2005568 0.1843888
0.205539 0.1539317
0.2309518 0.1337447
0.2604087 0.1173745
0.2930942 0.1073584
0.3281195 0.1055474
0.3630306 0.1080844
0.3974518 0.1132272
0.430737 0.1229797
0.4640223 0.1327321
0.4964929 0.1443411
0.5188036 0.1567615
0.5502651 0.1703382
0.5809355 0.1853154
0.6116059 0.2002926
0.6384381 0.2200824
0.664914 0.240319
0.6902074 0.2616181
0.7138087 0.2844379
0.7374098 0.3072577
0.7546521 0.3340885
0.7716912 0.3610475
0.7887304 0.3880065
0.7984137 0.4170918
0.8029037 0.4476782
0.8072574 0.4782674
0.804422 0.5
0.8015865 0.5307391
0.798751 0.5614783
0.7888917 0.5910544
0.7788098 0.6205938
0.7639532 0.6479113
0.7418284 0.6718466
0.7141067 0.6901096
0.6840209 0.7059767
0.6503206 0.7130454
0.6159895 0.70952
0.5845646 0.6967625
0.5549 0.6802942
0.5271549 0.6614849
0.5 0.6419559
0.4831908 0.6218762
0.4572965 0.6010664
0.4314023 0.5802565
0.405508 0.5594466
0.381148 0.5373212
0.3581255 0.5140492
0.3351553 0.4997462
0.3138425 0.4752482
0.2948734 0.4495928
0.2821566 0.4208498
0.2763194 0.3907302
0.2832997 0.3612821
0.3092152 0.3426235
