0.4846939 0.6589352
0.4566381 0.6522082
0.4295931 0.6417189
0.4028732 0.6300197
0.3770581 0.6161376
0.3518169 0.6008708
0.3265757 0.5856041
0.3013345 0.5703374
0.2816076 0.5471156
0.2621135 0.5235578
0.2426194 0.5
0.2303225 0.4945262
0.2202478 0.4644649
0.2101731 0.4344035
0.2042387 0.4030862
0.1993636 0.3714474
0.1972447 0.3399018
0.2038165 0.3086497
0.2103882 0.2773977
0.2192381 0.2473597
0.2367822 0.2219551
0.2543263 0.1965504
0.2757989 0.1754901
0.2982953 0.1555621
0.3214757 0.1371199
0.3490369 0.1281926
0.3765981 0.1192654
0.4041594 0.1103383
0.4324732 0.1062561
0.4611101 0.1042534
0.4897469 0.1022507
0.5 0.1020814
0.5286927 0.1020814
0.5571598 0.1035477
0.5842007 0.1142841
0.6112415 0.1250205
0.637248 0.1379767
0.6605963 0.1566377
0.6839445 0.1752986
0.7051222 0.1963112
0.7210381 0.2230246
0.736954 0.2497381
0.7474834 0.2793992
0.7565568 0.3098572
0.7646132 0.3406223
0.7704652 0.372053
0.7753966 0.4036067
0.7763216 0.4356955
0.7772468 0.4677843
0.777126 0.4998677
0.7759315 0.5088921
0.7716787 0.5403653
0.7629789 0.5709594
0.751206 0.5998636
0.7346614 0.6260241
0.7111554 0.6444354
0.6842411 0.6554651
0.6567959 0.6647667
0.6290932 0.6729704
0.6004401 0.6746578
0.5717803 0.6761819
0.5431105 0.6774651
0.5145425 0.6771222
