0.4520906 0.7620306
0.4254557 0.7840298
0.392597 0.7918628
0.3585534 0.7868965
0.3266764 0.7742425
0.2989139 0.7531165
0.2727371 0.7299128
0.2491896 0.7038697
0.2282104 0.6754791
0.2104805 0.6447841
0.1955459 0.6125964
0.1819918 0.579674
0.1704084 0.545951
0.1620888 0.5113176
0.1570885 0.4982193
0.1550906 0.4624701
0.1550906 0.4266516
0.1598812 0.3912145
0.1760035 0.3597866
0.1950898 0.3299838
0.2128204 0.2993
0.2366169 0.2740048
0.2631449 0.2511983
0.2916046 0.2313272
0.3217545 0.2140722
0.3517425 0.1965213
0.3825183 0.1805027
0.4147505 0.1684522
0.4479465 0.1590277
0.4818194 0.1528597
0.5086619 0.1471563
0.5428498 0.1442911
0.5772582 0.1442911
0.6114807 0.1479782
0.6446257 0.156466
0.6770539 0.1683779
0.7095125 0.179627
0.7380008 0.1996861
0.7630699 0.224111
0.7840491 0.2525015
0.8049088 0.2809389
0.8182448 0.3139536
0.8327276 0.3463808
0.8436085 0.3803613
0.8487794 0.4153062
0.8508829 0.4510518
0.8513846 0.4868529
0.8474142 0.5
0.8350781 0.5332647
0.8204323 0.5654292
0.7988207 0.5932683
0.7769482 0.6209089
0.7527227 0.6462208
0.7285434 0.671639
0.7012398 0.692374
0.6739187 0.714013
0.6450743 0.7335121
0.6174383 0.7548388
0.5885698 0.7740698
0.5572004 0.7884181
0.5241659 0.7982154
0.5 0.8124824
0.4681 0.8254133
0.436459 0.8244072
