0.4157783 0.7053691
0.3899241 0.6931862
0.3640698 0.6810033
0.3382156 0.6688205
0.3158341 0.6506395
0.294852 0.6300415
0.2739494 0.6093707
0.2593704 0.5829217
0.2447913 0.5564728
0.2315564 0.5293401
0.2226613 0.5
0.2137663 0.4977589
0.2105609 0.4676688
0.2128969 0.4368484
0.2152328 0.406028
0.2175688 0.3752076
0.2199047 0.3443871
0.2251018 0.3143833
0.2366954 0.2862053
0.2482891 0.2580272
0.2598829 0.2298491
0.278034 0.2062339
0.2962326 0.1826515
0.3144311 0.1590692
0.3381857 0.1428918
0.3627019 0.1277293
0.3880615 0.1156538
0.4161186 0.1134503
0.4441757 0.1112468
0.4721826 0.1104633
0.5 0.115051
0.5005625 0.1196388
0.527652 0.1268407
0.5530375 0.140162
0.578423 0.1534833
0.6038085 0.1668046
0.6279802 0.1825573
0.6518332 0.1989488
0.6756862 0.2153402
0.6980734 0.2337878
0.7182494 0.2553375
0.7384254 0.2768872
0.7586015 0.2984368
0.774224 0.3240536
0.7892743 0.3501815
0.8017421 0.3775563
0.8090549 0.4074202
0.8134663 0.4377059
0.8134663 0.4686331
0.8110023 0.499246
0.8034781 0.5017532
0.7884578 0.5279018
0.7709564 0.55187
0.7510666 0.5737389
0.7290148 0.5928407
0.7063529 0.6111616
0.6836911 0.6294827
0.6600468 0.646197
0.6360643 0.6623584
0.6118351 0.6779922
0.5859296 0.6900427
0.5600035 0.7020382
0.5338868 0.7135243
