0.49094 0.5
0.4655947 0.4920506
0.4402494 0.4841013
0.4161002 0.4743703
0.3966551 0.4576325
0.37721 0.4408947
0.3595831 0.4227706
0.3447056 0.4025503
0.3298281 0.38233
0.3180905 0.3607423
0.3099583 0.3375846
0.3022665 0.3143306
0.2978572 0.2903595
0.2934479 0.2663884
0.2918807 0.2422042
0.2918807 0.2179024
0.2974406 0.1942524
0.3042663 0.1707508
0.3179889 0.150126
0.3332556 0.1301453
0.3485223 0.1101646
0.3670623 0.09291223
0.3877661 0.07746339
0.4102385 0.06496617
0.4358144 0.05764812
0.4618102 0.05279827
0.488631 0.05279827
0.5 0.05279827
0.526479 0.05666363
0.5529577 0.06053323
0.5794363 0.06440288
0.6035801 0.0744859
0.6271634 0.08606046
0.6506219 0.09779227
0.6702294 0.1143738
0.6898369 0.1309553
0.7022477 0.1524098
0.7120559 0.1748493
0.7178742 0.1985723
0.7214389 0.2225627
0.7225555 0.2468433
0.7236306 0.2711248
0.7236306 0.2954266
0.7236306 0.3197283
0.7196743 0.3436969
0.7141386 0.3674372
0.7051178 0.3903231
0.690619 0.4102948
0.6729573 0.4285837
0.6530156 0.4444892
0.6305277 0.4577334
0.6079001 0.4707146
0.5824556 0.4783995
0.55691 0.4857392
0.53061 0.4905052
0.5040168 0.4925878
0.4926676 0.4924067
0.4663676 0.4876407
0.4400676 0.4828748
0.4154348 0.4743739
0.3928738 0.4612325
0.3746896 0.4436924
0.3621761 0.4227322
