0.3489046 0.3846703
0.3289172 0.3778881
0.3089299 0.3711059
0.2940378 0.3567927
0.2836138 0.3377084
0.2778516 0.3162006
0.2768083 0.2939881
0.2768083 0.2716198
0.2783492 0.2494066
0.2822738 0.2274333
0.2867035 0.2055928
0.2928106 0.1841937
0.2989176 0.1627945
0.3092885 0.1435133
0.3207195 0.1247587
0.3336467 0.1073373
0.3489205 0.0920068
0.3643137 0.07687297
0.383675 0.06826973
0.4030363 0.05966648
0.4230403 0.05423921
0.4440054 0.05356172
0.4649705 0.05288416
0.4858995 0.0525791
0.5 0.05781451
0.5203921 0.06304985
0.5407842 0.06828526
0.5611764 0.07352066
0.5815686 0.078756
0.6013222 0.08592406
0.6202886 0.09547552
0.639255 0.1050269
0.6582214 0.1145784
0.6748161 0.1273836
0.6881745 0.1446287
0.7015329 0.1618738
0.7114105 0.1809617
0.7162145 0.2027354
0.7179376 0.2248904
0.7179376 0.2472588
0.7167059 0.2695647
0.7147173 0.2918322
0.7100621 0.3134356
0.7025952 0.3343385
0.6940087 0.3545792
0.6813319 0.3723998
0.668655 0.3902205
0.6559782 0.4080411
0.6413988 0.4239061
0.6251653 0.4380705
0.6089317 0.452235
0.5902525 0.4616382
0.57032 0.4686016
0.5503875 0.4755651
0.5304551 0.4825285
0.5105225 0.489492
0.4968817 0.4964555
0.4764375 0.5
0.4554627 0.5
0.4344973 0.499831
0.4136663 0.4972174
0.3960332 0.4891712
0.3849193 0.4702457
