0.3504689 0.4467129
0.3347212 0.4298158
0.3189736 0.4129187
0.3060445 0.3932654
0.2937931 0.3729493
0.2897699 0.3487656
0.2859014 0.3245091
0.2845738 0.2999249
0.2835918 0.2752962
0.2849031 0.2507199
0.28675 0.2261558
0.2885968 0.2015917
0.2940102 0.1780808
0.3028563 0.1555837
0.3117023 0.1330866
0.3229303 0.1122352
0.3363304 0.0928846
0.3513094 0.07585162
0.371071 0.06583863
0.3914343 0.05805078
0.4127109 0.05364048
0.4340736 0.05106723
0.4556414 0.0528664
0.4772092 0.05466557
0.4987769 0.0564647
0.5075663 0.06062233
0.5282354 0.06787279
0.5489046 0.07512322
0.5695737 0.08237365
0.5900054 0.09042189
0.6102777 0.09900615
0.6305498 0.1075904
0.6504399 0.1168907
0.6664414 0.1334749
0.6824428 0.150059
0.6961212 0.1684921
0.7042605 0.1913334
0.7123998 0.2141747
0.7201349 0.2371059
0.7201349 0.2617601
0.7201349 0.2864142
0.717311 0.310802
0.7137558 0.3351207
0.7102005 0.3594394
0.7038351 0.3829856
0.6972781 0.4064792
0.6892172 0.4293342
0.6795326 0.4512749
0.6675369 0.4717884
0.6501905 0.4863224
0.6291189 0.4918662
0.6077826 0.4957919
0.5863745 0.4992785
0.5647941 0.5
0.5431687 0.5
0.5215546 0.4996776
0.5 0.4976851
0.490835 0.4956927
0.4692803 0.4937002
0.4482173 0.4885731
0.4273928 0.4819256
0.4065447 0.4753773
0.3856196 0.469154
0.3646945 0.4629307
