0.4051382 0.4532648
0.3868836 0.4391648
0.3697127 0.4232102
0.3535151 0.4055903
0.3376175 0.3875507
0.3219106 0.3692442
0.3086968 0.3481858
0.2968813 0.3258906
0.2904269 0.3002359
0.2851611 0.2743512
0.2851611 0.2474477
0.2868728 0.2211293
0.2977404 0.1979403
0.3084916 0.1746677
0.3189009 0.1511498
0.3308907 0.1292582
0.3472223 0.1118341
0.3635539 0.09441009
0.3821322 0.08136493
0.4015263 0.06990951
0.422103 0.06248245
0.442782 0.05540365
0.4640045 0.05341953
0.4854387 0.05341953
0.5 0.05341953
0.5214342 0.05341953
0.5428684 0.05341953
0.5633676 0.06084219
0.5837564 0.06914204
0.6041451 0.07744193
0.6240787 0.08684298
0.641226 0.102985
0.6583734 0.1191272
0.6730896 0.1384979
0.6868961 0.1590767
0.6986269 0.1811797
0.7061529 0.2063702
0.713679 0.2315607
0.7182248 0.2578042
0.7222726 0.2842236
0.7248686 0.3107838
0.7241036 0.3376702
0.7233386 0.3645566
0.7154548 0.3883401
0.7027794 0.4100352
0.6877009 0.4290511
0.6720313 0.4474078
0.6533333 0.4601806
0.6339812 0.4717473
0.6136473 0.4795553
0.5925956 0.4846151
0.5715439 0.4896749
0.5504922 0.4947347
0.5294404 0.4997945
0.5080217 0.5
0.4934604 0.5
0.4720262 0.5
0.4507042 0.4977372
0.4294356 0.4944002
0.4088015 0.4882983
0.3893781 0.4769212
0.375578 0.4573278
0.3673625 0.4333649
0.3658353 0.4065298
