0.4617569 0.6599028
0.432048 0.6597904
0.402625 0.655894
0.3735479 0.6497591
0.3448446 0.6421034
0.317865 0.6296238
0.2939456 0.6120042
0.2756593 0.5887651
0.2619462 0.5625824
0.2512408 0.534806
0.2410861 0.506819
0.2340412 0.4973041
0.2287257 0.4680045
0.224263 0.4386278
0.224263 0.4088478
0.226834 0.3794343
0.2351187 0.3508353
0.2434034 0.3222362
0.2566862 0.2956438
0.2703951 0.2692226
0.2844749 0.2429986
0.2986275 0.2168133
0.3188898 0.1953417
0.3406332 0.1750507
0.3634606 0.155986
0.3878613 0.1394827
0.415126 0.127642
0.4423908 0.1158012
0.4705203 0.1062263
0.4990817 0.09840971
0.5031466 0.09438604
0.5327668 0.09299225
0.5624813 0.09299225
0.5908578 0.1012557
0.6190429 0.1106853
0.6463549 0.1224161
0.6727488 0.1358061
0.6971416 0.1528124
0.7205418 0.1709671
0.7408166 0.1927378
0.7569677 0.2175325
0.7698326 0.2442621
0.7795439 0.2723873
0.783471 0.301906
0.7894902 0.3310609
0.7904215 0.360742
0.788775 0.3904704
0.7804758 0.4187379
0.7681583 0.4458351
0.7514583 0.4703762
0.7383269 0.4969989
0.7187653 0.5
0.6989856 0.5222232
0.6773059 0.5425802
0.6533604 0.5598834
0.6284595 0.5759834
0.605406 0.5947706
0.5795641 0.6090482
0.5543708 0.6245847
0.526622 0.635007
0.5 0.6480039
0.4966149 0.6551822
0.4690525 0.6652122
