0.3829396 0.4580517
0.3668641 0.442009
0.3512425 0.4253507
0.3370843 0.4067076
0.322926 0.3880644
0.3112493 0.3669871
0.3000656 0.3454262
0.2941929 0.3208393
0.2884532 0.2961768
0.2827744 0.2715018
0.2819174 0.2458431
0.2810604 0.2201845
0.2849275 0.1951271
0.2899205 0.1702129
0.2984442 0.1468801
0.307295 0.1236938
0.3209575 0.1048934
0.3359762 0.08732918
0.3542917 0.07642683
0.3736089 0.06754881
0.3938616 0.06318769
0.4142088 0.05928272
0.4346163 0.05595478
0.4550857 0.0532189
0.4755551 0.05048308
0.4961277 0.05067337
0.5042033 0.0511578
0.5247862 0.0516423
0.5453691 0.0521268
0.5659121 0.05291796
0.5855616 0.06057796
0.6052111 0.06823796
0.6248605 0.07589793
0.64451 0.08355793
0.6624948 0.09500656
0.6782417 0.1115485
0.693211 0.1289097
0.7036488 0.151045
0.7117166 0.1742542
0.7151009 0.1995857
0.71807 0.2249517
0.7174063 0.2506193
0.7167426 0.2762868
0.7148033 0.3017053
0.7091478 0.3263981
0.7021061 0.3503057
0.6909225 0.3718666
0.6788962 0.392646
0.6655633 0.4122133
0.6522305 0.4317805
0.6351675 0.4461184
0.6180384 0.4603636
0.5993822 0.470792
0.5799596 0.4793048
0.560537 0.4878177
0.541042 0.4959041
0.520521 0.4979521
0.5 0.5
0.4919761 0.4990862
0.4723352 0.4929633
0.45368 0.4821032
0.4369426 0.4671853
0.4203275 0.4520226
0.4037264 0.4368358
