0.381049 0.6839292
0.3548498 0.6770411
0.3306646 0.662274
0.3070035 0.6467088
0.2858525 0.625721
0.2678629 0.6005192
0.2516359 0.5732509
0.2396002 0.5427637
0.2295641 0.5110299
0.2205425 0.4807726
0.2135401 0.4478358
0.2117553 0.4136699
0.2115991 0.3794348
0.2149724 0.3455931
0.2226599 0.3131853
0.2354372 0.2830759
0.2480637 0.2528626
0.2650848 0.2264634
0.282462 0.2003733
0.3038155 0.1800653
0.3265801 0.1620332
0.3512419 0.1485447
0.3760919 0.1356881
0.4015462 0.1248599
0.4271398 0.1147005
0.45345 0.1079851
0.4797954 0.101639
0.5 0.1000842
0.5268052 0.09857875
0.553615 0.09721017
0.5804294 0.09613335
0.6072606 0.09613335
0.6340918 0.09613335
0.6608922 0.09739062
0.6870095 0.1028701
0.711291 0.117423
0.7346047 0.1342611
0.7543241 0.1574179
0.7705567 0.1842873
0.7802194 0.2161607
0.7868907 0.2492972
0.7947741 0.2820036
0.7947741 0.3162454
0.7937565 0.3504331
0.7895213 0.3841326
0.7805178 0.4161737
0.7679802 0.4464288
0.7534236 0.4750194
0.7350726 0.5
0.7154267 0.5211579
0.6939617 0.541703
0.6726502 0.5625059
0.65051 0.58171
0.6270554 0.598287
0.6023385 0.6115911
0.5787646 0.6279367
0.553806 0.6404971
0.5285379 0.6520139
0.5040369 0.6659478
0.4845652 0.6737969
0.4578664 0.6755038
0.4310352 0.6755038
0.4044749 0.6726954
