0.3246063 0.3830839
0.3072817 0.3618995
0.2893613 0.3414793
0.2729762 0.3194591
0.259133 0.2947806
0.2566952 0.2649701
0.2550892 0.2351371
0.2564483 0.2052241
0.2639772 0.177399
0.2753883 0.1508876
0.2897991 0.12683
0.3075103 0.1070314
0.3297124 0.09436214
0.353383 0.08704239
0.3773398 0.0807651
0.4014527 0.07628936
0.4259534 0.07628936
0.4504541 0.07628936
0.4749547 0.07628936
0.4994554 0.07628936
0.5215902 0.08191195
0.5454634 0.08864856
0.5682337 0.09891671
0.5897015 0.1133546
0.6098415 0.1300983
0.6281924 0.1499484
0.6465434 0.1697985
0.6637655 0.1909402
0.6787465 0.2146464
0.6937273 0.2383527
0.7057775 0.2643805
0.7173473 0.2907889
0.7288649 0.3172283
0.7387322 0.3446504
0.7485996 0.3720725
0.7555325 0.400641
0.7604965 0.4299788
0.7654605 0.4593166
0.7636961 0.4891523
0.7530391 0.5119687
0.735824 0.5327621
0.7152716 0.5480809
0.6919242 0.5571647
0.6683397 0.5651006
0.6442661 0.5706698
0.6201925 0.5762389
0.5961189 0.5818081
0.5716388 0.5827659
0.5471475 0.5835978
0.5226563 0.5844297
0.5 0.584624
0.4754993 0.584624
0.4509987 0.584624
0.4271154 0.5796444
0.4037157 0.5707646
0.380316 0.5618847
0.3603953 0.544853
0.3410557 0.5264598
0.3307779 0.5
0.322405 0.4757234
0.3140321 0.4475679
0.3093343 0.4183404
0.3194145 0.3941544
