0.3999222 0.8415768
0.367416 0.8330225
0.338212 0.8168877
0.3111882 0.797859
0.2852715 0.7773607
0.2637261 0.7529134
0.2429246 0.7277941
0.2257944 0.7008292
0.21508 0.6706395
0.2043656 0.6404498
0.1996083 0.6090481
0.1960613 0.5774001
0.1928865 0.5457548
0.1969463 0.5141613
0.201006 0.4889723
0.2050658 0.4573788
0.2091255 0.4257852
0.220637 0.3960826
0.234069 0.3668673
0.2475011 0.337652
0.2627978 0.309419
0.282337 0.2834209
0.3018762 0.2574227
0.3224827 0.23225
0.3459027 0.2092535
0.3693227 0.1862571
0.4012168 0.1759935
0.4334587 0.1672674
0.465121 0.1785962
0.4952492 0.1926716
0.5147064 0.2107002
0.5426266 0.2287287
0.5709506 0.2461829
0.5995643 0.2632253
0.6281779 0.2802678
0.6567236 0.2974029
0.6839049 0.3164014
0.7110862 0.3354
0.7382674 0.3543985
0.7646956 0.3741524
0.786667 0.3983772
0.8086383 0.4226021
0.8273314 0.448938
0.8434688 0.4769195
0.8556826 0.5
0.8649907 0.5305983
0.8651375 0.5624018
0.8617458 0.5935179
0.8473035 0.622297
0.8293462 0.6492827
0.8061548 0.6720023
0.7802382 0.6925005
0.7520563 0.710101
0.7234714 0.7271858
0.6948836 0.744265
0.6626607 0.7541009
0.6304377 0.7639369
0.5982148 0.7737728
0.5659477 0.7834802
0.5336406 0.7930193
0.5 0.7968109
0.4748157 0.8005487
0.4410302 0.8021854
0.4073236 0.7998683
