0.6644012 0.7530171
0.6367413 0.7684537
0.6087431 0.7831228
0.5787289 0.7888963
0.5491558 0.7978061
0.5190607 0.8028053
0.4963292 0.8035647
0.4659998 0.8035647
0.4356704 0.8035647
0.405398 0.8021985
0.3752541 0.7977476
0.3465833 0.7846912
0.3185678 0.7694565
0.2914404 0.7514319
0.2657063 0.7303125
0.2411212 0.7067651
0.2196751 0.6782656
0.201124 0.646548
0.1838039 0.6134619
0.1707176 0.5774233
0.1611284 0.5392344
0.1546398 0.5
0.1528638 0.4653654
0.1549362 0.4253093
0.1648959 0.3876635
0.1836817 0.3564364
0.2053689 0.3285258
0.2306044 0.3061689
0.2548734 0.2820554
0.2792646 0.2583478
0.306392 0.2403232
0.3340441 0.2238351
0.3621154 0.2085746
0.3907497 0.1953321
0.4195226 0.1825867
0.4485245 0.1708462
0.4777852 0.1602414
0.5 0.1527685
0.5299167 0.1461425
0.5598724 0.1401438
0.5902019 0.1401438
0.6203912 0.1436902
0.6496409 0.152706
0.6775435 0.1684324
0.7036855 0.1888675
0.7246312 0.2168875
0.7423888 0.2495615
0.756581 0.2851728
0.770023 0.3212811
0.7824294 0.3580593
0.7947423 0.3948884
0.8053917 0.4326266
0.8095973 0.4722882
0.8143136 0.5064959
0.8135793 0.5467395
0.8120761 0.5869195
0.8031097 0.6252921
0.790957 0.6609124
0.7740673 0.6935112
0.7518399 0.7200757
0.7278406 0.7436892
0.7036781 0.7649107
0.6773501 0.782751
0.6509762 0.7946446
