0.3396165 0.8554653
0.3056892 0.8439611
0.2725503 0.8306146
0.2478491 0.8098475
0.2341182 0.7794324
0.2203873 0.7490172
0.2066563 0.7186022
0.1929254 0.6881871
0.1791945 0.6577719
0.1654635 0.6273569
0.160466 0.5962639
0.1682893 0.564176
0.1761126 0.532088
0.1839359 0.5
0.1917591 0.4823676
0.1995824 0.4502796
0.2074057 0.4181916
0.2152289 0.3861037
0.2230522 0.3540156
0.2422337 0.3270504
0.2657674 0.3020481
0.2893011 0.2770457
0.3128349 0.2520434
0.3397874 0.2315904
0.3740823 0.2209078
0.4083771 0.210225
0.442672 0.1995423
0.4769669 0.1888596
0.5 0.1781769
0.5342948 0.1674942
0.5688426 0.1699137
0.6035288 0.179503
0.6382149 0.1890923
0.6729011 0.1986816
0.7075873 0.2082708
0.7422734 0.2178601
0.7678142 0.2380059
0.7863286 0.2662622
0.8048431 0.2945186
0.8233575 0.3227749
0.8325143 0.3544207
0.840595 0.3864562
0.8486756 0.4184918
0.851631 0.4506469
0.8453797 0.4830167
0.8391284 0.500931
0.8328772 0.5333008
0.8229542 0.5645515
0.8063467 0.5937648
0.7897391 0.6229781
0.7731316 0.6521913
0.7495165 0.6765636
0.7228283 0.6988128
0.6961402 0.7210621
0.6672911 0.7403747
0.6343644 0.7541457
0.6014377 0.7679167
0.5685111 0.7816877
0.5355844 0.7954587
0.5026577 0.8092297
0.4805225 0.822018
0.4469246 0.8343864
0.4133268 0.8467548
