0.5260476 0.7758034
0.4965808 0.7781997
0.4618713 0.7781997
0.4278647 0.7709719
0.394789 0.7594794
0.3628177 0.745018
0.3321002 0.7273932
0.3020227 0.7084868
0.272756 0.6881301
0.2456819 0.6647222
0.2224953 0.6365242
0.2014413 0.6066258
0.1865185 0.5724043
0.1757173 0.5365126
0.1664059 0.5
0.157873 0.4643507
0.1564857 0.4264776
0.1558868 0.3885872
0.15772 0.350859
0.1663804 0.3146346
0.1848981 0.2825982
0.2094415 0.2557965
0.2361765 0.2323907
0.2675448 0.2161648
0.299765 0.2020706
0.332162 0.1884924
0.3649755 0.1761362
0.3981354 0.1650923
0.431937 0.1564795
0.4658707 0.1485563
0.5 0.1416546
0.5294424 0.1385148
0.5641328 0.137252
0.598801 0.138494
0.6334625 0.1404862
0.6670291 0.1474138
0.6986815 0.162968
0.7267084 0.1852959
0.7498478 0.2125824
0.7678949 0.2449595
0.7839648 0.2785308
0.7986346 0.3128564
0.8106712 0.3483098
0.818222 0.3853053
0.8262615 0.4221779
0.8308098 0.4596598
0.8310527 0.4975522
0.8310527 0.5345152
0.8286148 0.5721264
0.8208813 0.6090768
0.8053123 0.6428145
0.7853144 0.6728557
0.7595365 0.6980849
0.7307382 0.7192191
0.6999344 0.7365971
0.6673336 0.7496071
0.634729 0.762601
0.6018006 0.7745871
0.5695354 0.7884176
0.5359979 0.7971557
0.5029154 0.8076034
0.4742821 0.8144498
0.4397085 0.8165387
0.4213947 0.7997655
