0.3477278 0.5005849
0.3322831 0.4990478
0.3167953 0.4793178
0.3012218 0.4596792
0.2865816 0.4391765
0.2736473 0.4170944
0.260713 0.3950123
0.2495884 0.3718372
0.2415266 0.3468125
0.2365711 0.3210279
0.2352975 0.2943426
0.2368139 0.2679307
0.2419024 0.2418689
0.2469908 0.2158071
0.260696 0.1946475
0.2752353 0.1739623
0.2897745 0.1532772
0.3078512 0.1372416
0.3272484 0.1229416
0.3466456 0.1086415
0.3660428 0.09434149
0.3878057 0.08699104
0.4103528 0.08194384
0.4328998 0.07689661
0.4557714 0.07581541
0.4787316 0.07581541
0.5 0.07581541
0.5228744 0.07731962
0.5456331 0.08085188
0.5683919 0.08438417
0.5910373 0.08829045
0.6106634 0.1021609
0.6302894 0.1160313
0.6499155 0.1299017
0.6666701 0.1470972
0.678483 0.1700149
0.6902959 0.1929326
0.7016217 0.2161078
0.7086706 0.2415436
0.7157194 0.2669794
0.7227682 0.2924151
0.7285146 0.3182341
0.7326954 0.3445138
0.7368762 0.3707934
0.7394733 0.3972422
0.7394733 0.4239687
0.7380256 0.4505476
0.7340355 0.4768673
0.7247866 0.5
0.7082448 0.5002553
0.6901212 0.5166637
0.6698616 0.529127
0.6490769 0.540265
0.6266635 0.5460628
0.6042501 0.5518606
0.5818367 0.5576583
0.5594221 0.5634441
0.536462 0.5634441
0.5135018 0.5634441
0.4922334 0.5634441
0.4692732 0.5634441
0.4467478 0.5593336
0.4261357 0.5480351
