0.6489446 0.8052323
0.6119173 0.8095594
0.5747268 0.8124898
0.5374175 0.8138865
0.5 0.8138865
0.4760844 0.8138865
0.4421991 0.8031805
0.4076898 0.7911364
0.3760304 0.7744206
0.3437275 0.7577655
0.3146541 0.7370293
0.2881959 0.7127481
0.2617378 0.6884668
0.2374584 0.6624919
0.2147246 0.6352574
0.1920253 0.608179
0.1751274 0.5775462
0.1569635 0.5475592
0.1438254 0.5154068
0.1437877 0.5
0.1437877 0.4656612
0.1475502 0.4321375
0.1642838 0.4014239
0.1789092 0.3698781
0.1921138 0.3377936
0.2119451 0.3086743
0.2375448 0.2837664
0.264003 0.2594852
0.291147 0.2359298
0.321081 0.2153265
0.3495862 0.1930886
0.3836976 0.1802392
0.4194935 0.1702495
0.4557938 0.1619211
0.4920941 0.1535927
0.5154105 0.1491257
0.552828 0.1491257
0.5901874 0.1507234
0.6275221 0.1530077
0.6603445 0.1681049
0.690722 0.1880809
0.7193787 0.2100174
0.7440183 0.23586
0.7620171 0.2657941
0.7778594 0.2968979
0.7915673 0.3286555
0.7977188 0.3625271
0.8057917 0.3960319
0.8092573 0.4299792
0.8103697 0.4642756
0.813477 0.4984958
0.8139724 0.5138899
0.8139724 0.5482287
0.8018212 0.5802786
0.7934817 0.6136652
0.7835385 0.6467023
0.7660428 0.6768476
0.7386692 0.6991225
0.7072716 0.7177282
0.6760657 0.7359982
0.6425543 0.7446525
0.6051369 0.7446525
0.5684845 0.7489796
