0.4559698 0.8339102
0.4208871 0.826892
0.3878764 0.8132008
0.3551615 0.7987148
0.3224676 0.7841806
0.2906501 0.7678382
0.2616506 0.7476952
0.2373787 0.7214077
0.2148624 0.6936057
0.1944975 0.6641827
0.1809837 0.6310778
0.1679687 0.5977437
0.1603338 0.5631846
0.1576908 0.5274963
0.1567531 0.5
0.1572984 0.4642903
0.1671272 0.4298811
0.1791025 0.396223
0.192863 0.3631897
0.2099489 0.3318219
0.22815 0.3010126
0.2507282 0.2732617
0.2734928 0.245679
0.3022256 0.2243559
0.3309585 0.2030329
0.3610963 0.1841282
0.3938439 0.1697157
0.4276248 0.1584985
0.4626081 0.1510002
0.4979118 0.145647
0.5210206 0.1425908
0.5566745 0.1397024
0.592452 0.1397024
0.6281965 0.1402332
0.6636977 0.1446719
0.6985005 0.1521909
0.7308191 0.1667449
0.760189 0.1871811
0.7873853 0.2101045
0.8096765 0.2378603
0.8258048 0.2695834
0.8343864 0.3043214
0.8406041 0.339563
0.84334 0.3752128
0.846678 0.4108322
0.8462657 0.4462412
0.839751 0.4814291
0.8302717 0.5075541
0.818045 0.5411856
0.8024185 0.5733544
0.7859346 0.6050969
0.7675272 0.6357833
0.745591 0.6640509
0.7212136 0.6899369
0.6934462 0.7125034
0.6622033 0.7299303
0.6308863 0.7472339
0.5995375 0.7644799
0.5656221 0.7758561
0.5329877 0.7904738
0.5 0.8043166
0.4775515 0.8111743
0.44229 0.816596
0.4114582 0.8116491
