0.5461079 0.6903872
0.5200266 0.6781459
0.5 0.6701722
0.4730289 0.6594883
0.4463203 0.6480086
0.4203376 0.6342956
0.3939047 0.6216072
0.3693277 0.605651
0.3434321 0.5918245
0.3172528 0.578788
0.2924044 0.5629948
0.2652045 0.5522282
0.2441438 0.5336402
0.2221552 0.5168831
0.2019877 0.498245
0.1941701 0.4705638
0.1941701 0.4399004
0.1941701 0.4092371
0.1951689 0.3787448
0.2037834 0.3494792
0.2184545 0.3236309
0.2378261 0.3008437
0.2573248 0.2781766
0.275998 0.2547296
0.2975398 0.2342276
0.3202237 0.2150723
0.3454241 0.2000688
0.368609 0.1817483
0.3953035 0.1696562
0.4206974 0.1547647
0.4457839 0.1393118
0.4724644 0.1273037
0.4998446 0.1171769
0.5202083 0.1087531
0.5486855 0.1044396
0.5777349 0.1044396
0.6067845 0.1044396
0.6357702 0.1052519
0.6643651 0.110635
0.6922266 0.119128
0.7143786 0.1381635
0.7362243 0.1571089
0.7460571 0.185632
0.7625846 0.2079962
0.7652977 0.238307
0.7703159 0.2683182
0.7741816 0.2985775
0.7741816 0.3292409
0.7741816 0.3599042
0.7741816 0.3905676
0.7731412 0.42114
0.7650102 0.4502345
0.7510108 0.4770765
0.7336968 0.5
0.715368 0.5237463
0.6947672 0.5447792
0.6719132 0.5627838
0.6473154 0.5778061
0.6194322 0.5842965
0.5907376 0.5855337
0.5636741 0.5924573
0.5346246 0.5924573
0.5055751 0.5924573
