0.4293892 0.8499747
0.4017668 0.825797
0.3726556 0.8030189
0.3431354 0.7806253
0.3172246 0.7552356
0.2932416 0.7282457
0.2692586 0.7012559
0.2452756 0.6742661
0.231322 0.642367
0.2176057 0.6103517
0.2038894 0.5783364
0.1901731 0.5463211
0.1793457 0.5136337
0.1730927 0.4978968
0.1668396 0.4641453
0.1605866 0.4303939
0.1565841 0.3964837
0.1565841 0.3622914
0.1565841 0.328099
0.1643542 0.2951399
0.1780705 0.2631246
0.2019462 0.2368353
0.2300291 0.213233
0.2654282 0.1987736
0.3015289 0.1860456
0.3394266 0.1777527
0.3773243 0.1694598
0.4159391 0.1657411
0.454988 0.1647916
0.494037 0.1638422
0.5285017 0.1628928
0.5670421 0.1674801
0.6054162 0.1738779
0.6428292 0.183154
0.6790992 0.1958527
0.7139991 0.2103037
0.7406532 0.2353002
0.7673073 0.2602967
0.7853464 0.2905331
0.8028164 0.3211157
0.8200043 0.3518005
0.8323574 0.3842383
0.8447105 0.416676
0.8534713 0.4496943
0.8551681 0.4838544
0.8568649 0.5
0.8570962 0.534188
0.8570962 0.5683804
0.8502378 0.6011556
0.8327679 0.6317381
0.8152979 0.6623207
0.7926533 0.6896388
0.7650309 0.7138164
0.7374085 0.7379941
0.7097861 0.7621717
0.6821636 0.7863494
0.6455625 0.797811
0.6085032 0.8086236
0.5714437 0.8194362
0.5340476 0.8290194
0.5 0.8340915
0.4613503 0.8389539
0.4222863 0.8389539
0.3832223 0.8389539
