0.3333287 0.7896041
0.3075703 0.7774966
0.2826222 0.7638084
0.2607581 0.7441043
0.2388939 0.7244
0.2247235 0.6974483
0.2119256 0.6692037
0.1991276 0.6409591
0.1913519 0.6107273
0.1860913 0.5795003
0.1818075 0.5482911
0.1879432 0.5172729
0.1940789 0.4873292
0.2002146 0.456311
0.2148036 0.4292456
0.2294941 0.4022278
0.2441846 0.3752099
0.2651551 0.3556262
0.2893413 0.3398493
0.3135276 0.3240725
0.3377139 0.3082957
0.3619002 0.2925189
0.3891533 0.2864063
0.4165798 0.2808403
0.4440064 0.2752745
0.4714329 0.2697085
0.499043 0.2658831
0.5078877 0.2638575
0.5356877 0.2618319
0.5634878 0.2598063
0.5912877 0.2577807
0.6187233 0.262773
0.6461189 0.2685338
0.6735145 0.2742946
0.699978 0.2821874
0.7204785 0.3037172
0.740979 0.3252471
0.7614795 0.346777
0.7718362 0.3756114
0.7800283 0.4060044
0.7872051 0.4366213
0.7895185 0.4683107
0.7918319 0.5
0.7906538 0.5306433
0.7887373 0.5623671
0.7868207 0.5940909
0.7761761 0.6234627
0.765462 0.6528158
0.7518226 0.6802217
0.7347203 0.7053224
0.7168691 0.7296451
0.6965839 0.7514392
0.6762987 0.7732332
0.6517146 0.7880858
0.6269507 0.8026484
0.602187 0.8172112
0.5772319 0.8313249
0.5519085 0.8445742
0.526585 0.8578235
0.5 0.8670236
0.4919902 0.8750039
0.4649834 0.8826852
0.4371811 0.8846688
0.4093523 0.8856857
