0.4201094 0.4658143
0.4026203 0.4503599
0.3851311 0.4349055
0.3678686 0.4191459
0.3529633 0.4002124
0.338058 0.3812789
0.3271004 0.3591183
0.3177502 0.3356436
0.3090967 0.311823
0.3017821 0.2873374
0.2944674 0.2628517
0.2885699 0.237958
0.285757 0.212176
0.2829441 0.1863941
0.2859634 0.1606921
0.2892703 0.1349941
0.2957175 0.1111051
0.3104688 0.09199998
0.3274431 0.07643121
0.3468951 0.06480348
0.3677419 0.05873257
0.3893349 0.05563474
0.4109415 0.0528082
0.4326895 0.0528082
0.4544374 0.0528082
0.4761854 0.0528082
0.4978495 0.05488482
0.5130107 0.05738929
0.5346575 0.05989382
0.5559437 0.06489915
0.5770423 0.07120517
0.5981409 0.07751119
0.6191657 0.08414048
0.6400175 0.0915269
0.6608694 0.09891331
0.6793577 0.1110489
0.6947359 0.1294339
0.707736 0.1495525
0.7143642 0.1743159
0.7209925 0.1990792
0.7236504 0.2245836
0.7236504 0.2505839
0.7230394 0.276566
0.7219535 0.3025339
0.717675 0.3277547
0.7104905 0.3522954
0.7016628 0.375883
0.6899869 0.3978184
0.6783109 0.419754
0.6625687 0.4371876
0.6451703 0.4527878
0.6261034 0.4649902
0.6062298 0.47555
0.5855742 0.4834384
0.5645305 0.4900014
0.5433323 0.4954952
0.5216662 0.4977476
0.5 0.5
0.4847594 0.499368
0.4630263 0.4984057
0.4413343 0.4969594
0.4198823 0.492685
0.3986664 0.4872737
0.3780345 0.4790517
