0.4000294 0.4498553
0.3803124 0.4391519
0.3622434 0.4259461
0.344515 0.4122232
0.3290323 0.3961713
0.3144615 0.3791633
0.2993536 0.362624
0.2886162 0.3432654
0.2801948 0.3226388
0.2781614 0.3003784
0.2762123 0.278119
0.2787625 0.2559114
0.2813127 0.2337038
0.2838629 0.2114962
0.2922075 0.1910792
0.3027445 0.1713397
0.3132814 0.1516002
0.3254617 0.1330324
0.3408546 0.1167556
0.3569171 0.1013387
0.3765965 0.09056684
0.3963081 0.07986578
0.4174153 0.07222709
0.4385225 0.0645884
0.4604856 0.06015468
0.4826185 0.05635691
0.5 0.05287689
0.5224594 0.05287689
0.5449159 0.05293742
0.5672638 0.0551616
0.5892479 0.05859485
0.6091431 0.06896639
0.6290385 0.07933792
0.646283 0.09360248
0.6633354 0.1081491
0.6787934 0.1241018
0.6912517 0.1426999
0.7027519 0.1618828
0.713763 0.1813644
0.7165821 0.2034453
0.7185568 0.2256942
0.7185568 0.2480464
0.7165145 0.2702357
0.7129382 0.2923027
0.709362 0.3143696
0.7027557 0.3356013
0.6944145 0.3563548
0.6856907 0.3769194
0.6741354 0.3960862
0.6625801 0.415253
0.6491631 0.4329346
0.6328801 0.4483296
0.6165969 0.4637247
0.5969201 0.47411
0.5764738 0.4833594
0.5553884 0.4908795
0.5337931 0.4970201
0.511753 0.5
0.4940859 0.4996467
0.4716926 0.4979323
0.452394 0.4865564
0.4321816 0.4768351
0.4121308 0.4668522
0.3937314 0.4540341
