0.4583207 0.8528228
0.4265154 0.8528228
0.3958939 0.8477814
0.366116 0.8367118
0.3386092 0.8211935
0.3161194 0.7985861
0.2949814 0.7747793
0.275838 0.7492526
0.2584233 0.7226063
0.2453847 0.6935061
0.2348778 0.6633295
0.225716 0.6327481
0.2181065 0.6017085
0.212417 0.5702526
0.2071807 0.5387435
0.2055091 0.5068161
0.2046116 0.4962699
0.2047263 0.464301
0.2062391 0.4323657
0.2094422 0.4006942
0.2176372 0.3698021
0.2336878 0.3423384
0.2503194 0.3150898
0.2668595 0.2878967
0.2907468 0.2668348
0.3197014 0.2536048
0.3463835 0.2363273
0.3771202 0.2282434
0.4088859 0.2266469
0.440596 0.2243831
0.4721835 0.2206475
0.5 0.2215581
0.5317505 0.2234355
0.563501 0.2253129
0.5947592 0.2310325
0.6259228 0.2374144
0.6568826 0.2447371
0.6873769 0.2537099
0.7175502 0.2638203
0.7442111 0.2811494
0.770932 0.2984872
0.7953074 0.3187315
0.8149621 0.3436752
0.8323419 0.3704476
0.8444774 0.3995761
0.8542825 0.42985
0.8542825 0.4618216
0.8487 0.4927756
0.8346483 0.5
0.8183813 0.5273626
0.7994133 0.5530041
0.781489 0.5793596
0.7577153 0.6005979
0.7328795 0.6205704
0.7110251 0.6437484
0.6858166 0.6620483
0.656841 0.6751634
0.6292262 0.6910258
0.6014184 0.706542
0.57355 0.7219497
0.5443814 0.7345933
0.5168886 0.750414
0.4918911 0.7619466
