0.7080529 0.7815714
0.6827607 0.800667
0.655129 0.811676
0.627284 0.8227084
0.6001405 0.8366287
0.5728709 0.8494906
0.5440629 0.8552
0.5156714 0.8635825
0.4972999 0.872458
0.4681911 0.8739372
0.4390823 0.8754165
0.4099735 0.8768957
0.3808755 0.8781855
0.3522596 0.8709838
0.3241806 0.8613554
0.2971338 0.8470612
0.2708442 0.8309371
0.2471399 0.8085662
0.2286345 0.7790784
0.2131886 0.7465899
0.2015598 0.7114885
0.1932324 0.6746331
0.1878641 0.6368039
0.1869505 0.5984277
0.1874832 0.5599523
0.1885614 0.5214902
0.1933567 0.4980971
0.204448 0.4625077
0.2152867 0.4267828
0.2288457 0.392843
0.2458207 0.362045
0.2678342 0.3368377
0.2888241 0.310178
0.3111891 0.2864641
0.3381253 0.2718097
0.365839 0.2600318
0.3937072 0.2488254
0.4226444 0.2447626
0.4516813 0.2421637
0.4808116 0.2421637
0.5 0.2436445
0.5290613 0.2462926
0.5579202 0.2506839
0.5862461 0.2596661
0.6144487 0.2692444
0.6422908 0.2805633
0.6698442 0.2927714
0.6952334 0.3116408
0.7189006 0.3339009
0.7417401 0.3577908
0.7642105 0.382253
0.785684 0.4082606
0.7969782 0.4437047
0.8115424 0.4769723
0.8190294 0.5
0.8221605 0.5382628
0.8264139 0.5763332
0.8270715 0.6147552
0.8225857 0.6526222
0.8137413 0.6891612
0.7996057 0.722075
0.7777908 0.7387614
0.7554291 0.758289
0.7332301 0.7755232
