0.3675095 0.5453845
0.3414898 0.5429387
0.319799 0.5282314
0.3018507 0.5099123
0.2833746 0.5
0.270695 0.4775115
0.2635891 0.4528092
0.2546648 0.4286277
0.2493067 0.4037114
0.2470951 0.3780995
0.2458937 0.3524471
0.2458937 0.3267465
0.2458937 0.3010458
0.2498592 0.2759662
0.2584661 0.2516533
0.2691403 0.2281075
0.280885 0.2050647
0.2940515 0.1827496
0.3088237 0.1613653
0.3275951 0.1431452
0.3482756 0.1274485
0.3720951 0.1159549
0.3965027 0.1058314
0.421767 0.09770414
0.4474818 0.09130099
0.4737189 0.08689743
0.5 0.08275688
0.5237629 0.07899052
0.5501106 0.07526731
0.5767202 0.07424009
0.60333 0.07321286
0.6299571 0.07302642
0.6565032 0.07353073
0.6817676 0.08165798
0.7055893 0.09289926
0.7272736 0.1073468
0.7416093 0.1283968
0.7498511 0.1528249
0.7576922 0.1773328
0.7601799 0.2027698
0.7601799 0.2284705
0.7601799 0.2541711
0.7601799 0.2798718
0.754905 0.3049926
0.7458994 0.3290998
0.7347106 0.3524055
0.7225586 0.3752721
0.7100263 0.3979491
0.69514 0.4192403
0.679324 0.439903
0.6628709 0.4601119
0.6441727 0.4783987
0.6244015 0.4956057
0.6044325 0.5042142
0.5821986 0.5182659
0.5599453 0.5323633
0.5372818 0.5457298
0.5134374 0.5571726
0.4916823 0.5676106
0.4666679 0.5756297
0.4401837 0.5783209
0.413732 0.581282
0.3871149 0.5814974
