0.5900728 0.6846536
0.5594993 0.6846536
0.5289257 0.6846536
0.4987507 0.6823516
0.4693895 0.6737986
0.4400283 0.6652455
0.4111412 0.6556696
0.3857025 0.6386531
0.3602638 0.6216367
0.3368933 0.6023927
0.318177 0.5781357
0.2994606 0.5538788
0.2807444 0.5296218
0.2640713 0.5040324
0.2495764 0.4923517
0.2350815 0.4653416
0.2205866 0.4383315
0.2077172 0.410777
0.2031371 0.3804463
0.198557 0.3501155
0.193977 0.3197849
0.1979482 0.2894897
0.2027785 0.2591981
0.2126068 0.2307863
0.2288108 0.2047724
0.2474262 0.1805629
0.2676542 0.1575602
0.2911655 0.1393686
0.319854 0.1287634
0.3489726 0.1195822
0.3787019 0.112423
0.4084312 0.1052639
0.4389251 0.104589
0.4694986 0.104589
0.5 0.104589
0.5305735 0.104589
0.5601367 0.1111655
0.5892911 0.1204033
0.6184455 0.129641
0.6475999 0.1388787
0.6724762 0.1562078
0.6964473 0.1752491
0.7204183 0.1942903
0.7360334 0.2202345
0.7500558 0.2474946
0.7640781 0.2747548
0.7744917 0.3032682
0.7802654 0.3333931
0.7860391 0.363518
0.787601 0.3941048
0.7884499 0.4247699
0.7892988 0.4554349
0.7870992 0.4857335
0.7790548 0.5
0.7699933 0.5291399
0.7533841 0.5548952
0.7364469 0.5804155
0.717558 0.6045374
0.6955847 0.6250935
0.6691256 0.6404637
0.641765 0.6535138
0.6119195 0.6601686
0.5818044 0.6651381
