0.3667944 0.7050744
0.3389088 0.6899126
0.3123145 0.671524
0.2866071 0.6509193
0.2615742 0.6291145
0.2384305 0.6039473
0.2199022 0.5738105
0.2048907 0.5398872
0.1966384 0.502405
0.1906924 0.4740693
0.188805 0.4350742
0.1877646 0.3961566
0.1938948 0.3578957
0.2007122 0.3199567
0.2150001 0.2855161
0.229288 0.2510757
0.2500861 0.2228762
0.2714808 0.1952487
0.2973594 0.1750371
0.3233043 0.1549351
0.349998 0.137354
0.3796985 0.1298965
0.4093989 0.122439
0.4394866 0.1201724
0.4697433 0.1201724
0.5 0.1201724
0.5141911 0.1224882
0.5443559 0.1255314
0.5745207 0.1285746
0.6046855 0.1316177
0.6345763 0.1369213
0.6640186 0.1459259
0.6934608 0.1549305
0.7214764 0.1692506
0.7489195 0.185704
0.7730598 0.2084486
0.7950569 0.2352758
0.8070337 0.2708446
0.8180971 0.3072102
0.8219074 0.3457804
0.8245667 0.3847004
0.8251631 0.4236843
0.8239537 0.4627243
0.8155377 0.5
0.8043615 0.5262597
0.7868506 0.5581226
0.7693396 0.5899854
0.7488702 0.6184076
0.7261561 0.6442191
0.7024873 0.6683435
0.6765423 0.6884455
0.6498502 0.7065332
0.621459 0.7200403
0.5930678 0.7335474
0.5638898 0.7432207
0.5340447 0.7496439
0.5041105 0.7552662
0.4900693 0.7599677
0.4599893 0.7637465
0.4297326 0.7637465
0.3995385 0.7624065
0.3695017 0.7577051
0.3394861 0.7528809
0.3192934 0.7397444
