0.6350893 0.8167679
0.5914795 0.8167679
0.5478698 0.8167679
0.5042641 0.8166369
0.4793906 0.8146672
0.4358287 0.8131032
0.3922189 0.8131032
0.3486092 0.8131032
0.3055614 0.8082258
0.2625263 0.8022419
0.2251623 0.784966
0.2024943 0.7530992
0.181778 0.7201511
0.1685933 0.6844875
0.1580164 0.6481293
0.1487455 0.6115513
0.1463079 0.574223
0.1463079 0.5367459
0.1463079 0.5
0.1513388 0.4630551
0.1639033 0.4271943
0.1810376 0.3950115
0.2029985 0.3649478
0.2283226 0.3345997
0.2629105 0.3129768
0.2955498 0.2882671
0.3284627 0.2637219
0.3632987 0.2412049
0.3995842 0.2204163
0.4375052 0.2021815
0.477843 0.1879825
0.5 0.1748234
0.5424246 0.1664551
0.58574 0.1623794
0.6266787 0.1505283
0.6702109 0.1508744
0.7014329 0.1735383
0.7337281 0.1965262
0.7554755 0.2290092
0.776405 0.2618679
0.7913083 0.2970887
0.8078853 0.3317486
0.8195288 0.3676876
0.8249907 0.404812
0.8291489 0.4421149
0.8312494 0.4794921
0.8312494 0.5162379
0.8312494 0.5537151
0.8162895 0.5887163
0.7972148 0.6224022
0.7749059 0.6545703
0.7568651 0.68863
0.7371249 0.7218844
0.7115562 0.752056
0.6920841 0.7839971
0.6718978 0.8169602
0.6426786 0.8403705
0.6041855 0.8497499
0.5612677 0.8534147
0.5176579 0.8534147
0.4927242 0.8534147
0.4493712 0.8503096
0.4094329 0.8356725
0.3680542 0.8240973
