0.3359419 0.7615948
0.3085265 0.7454869
0.2836247 0.7237972
0.2598451 0.6996155
0.2373792 0.6734558
0.2161652 0.6454112
0.1979865 0.6141069
0.1815684 0.5809118
0.1695874 0.5449891
0.1609666 0.5070007
0.1523459 0.4807758
0.1520166 0.4415161
0.1538315 0.4019277
0.1637926 0.3656761
0.179228 0.331667
0.1984837 0.3016011
0.2196977 0.2735565
0.2438051 0.2505327
0.2698898 0.2309398
0.2959744 0.2113468
0.3226255 0.1934501
0.3511527 0.1811716
0.3796799 0.1688931
0.4084709 0.1581058
0.438158 0.1523825
0.4678451 0.1466591
0.4975336 0.140963
0.5221975 0.140963
0.5521985 0.140963
0.5821996 0.140963
0.6115705 0.1485532
0.6408572 0.1571569
0.6701438 0.1657606
0.6967258 0.1835566
0.7227123 0.2033762
0.7451814 0.229413
0.7669064 0.2567655
0.7837545 0.2894613
0.8000526 0.3227595
0.8148754 0.3569835
0.8240858 0.3947293
0.8329615 0.432557
0.8345808 0.4721603
0.8362001 0.5
0.8361782 0.5396185
0.8349792 0.5792478
0.8188396 0.6121095
0.8002261 0.642932
0.7770674 0.6681448
0.750949 0.6871772
0.7238034 0.7040648
0.6963342 0.7198839
0.6678727 0.7324258
0.6394112 0.7449677
0.6107919 0.7568152
0.5818124 0.767077
0.5528329 0.7773387
0.5238534 0.7876005
0.5 0.7966546
0.4705542 0.8042501
0.4411084 0.8118457
0.4113314 0.8160821
0.3813967 0.8187203
