0.3374382 0.4646756
0.3282427 0.4416786
0.3195212 0.4184233
0.3123015 0.394349
0.3054825 0.3700973
0.2997555 0.345448
0.295723 0.320236
0.292703 0.2948757
0.2919691 0.2691807
0.2912352 0.2434857
0.2951058 0.2187933
0.3027422 0.1949209
0.3124025 0.1724708
0.3247395 0.1519017
0.3369384 0.1312056
0.3489771 0.110362
0.3627267 0.09198305
0.3809221 0.08000806
0.3994556 0.06926525
0.419697 0.0647454
0.4399384 0.06022564
0.4602972 0.05736274
0.4808588 0.05736274
0.5 0.05881244
0.5203549 0.06244853
0.5401736 0.06833813
0.5588062 0.07921115
0.5774388 0.09008411
0.5960127 0.1010937
0.6135575 0.1145009
0.6311024 0.1279081
0.6486472 0.1413153
0.6661921 0.1547225
0.6807293 0.1727986
0.6949419 0.1913788
0.7091545 0.2099589
0.7182978 0.2326186
0.7259342 0.256491
0.7325345 0.2805838
0.7316413 0.3062709
0.7307482 0.3319581
0.7236846 0.3558859
0.715585 0.3795183
0.7032087 0.3993655
0.6880768 0.4167735
0.6729449 0.4341816
0.6567349 0.4494176
0.6375438 0.4586475
0.6183528 0.4678773
0.5988705 0.4760258
0.5791242 0.4831944
0.5593779 0.490363
0.5393534 0.4953923
0.5188082 0.49642
0.499601 0.4974476
0.4790521 0.4983497
0.4585027 0.4992358
0.4379573 0.5
0.4175366 0.4969958
0.3975773 0.4917203
0.3784864 0.4821713
0.3608971 0.4690525
0.343951 0.4544992
