0.3822117 0.4949604
0.3651092 0.4810242
0.3480066 0.467088
0.3326318 0.4499869
0.3181894 0.4311776
0.3047931 0.4111038
0.2931621 0.388896
0.2844705 0.3650634
0.2817562 0.3379262
0.2790418 0.3107891
0.2807435 0.2838865
0.2849635 0.2571177
0.2907412 0.2310161
0.2982629 0.2056617
0.3074414 0.1817456
0.3207693 0.1614319
0.3340971 0.1411182
0.3497756 0.1246532
0.3665581 0.109996
0.3833407 0.0953387
0.4010358 0.0834142
0.4200226 0.07535797
0.4390094 0.06730178
0.4585151 0.06220016
0.478071 0.05738455
0.4977146 0.0537028
0.509096 0.05272508
0.5289485 0.05174738
0.5488102 0.05147189
0.5686755 0.05147189
0.5885408 0.05147189
0.6079764 0.05645183
0.6272871 0.06287953
0.6465067 0.06958777
0.6628398 0.08518073
0.676111 0.1049225
0.6871303 0.1277157
0.695799 0.1523388
0.7038447 0.1773534
0.7101266 0.2033416
0.7155532 0.2296835
0.7190986 0.2564369
0.7188781 0.2838157
0.7157618 0.3106575
0.7076937 0.3356905
0.6973823 0.3585988
0.6833354 0.3779694
0.6692886 0.3973399
0.6542475 0.4151688
0.6386556 0.4321433
0.6223736 0.447708
0.6051257 0.4612992
0.5876594 0.4742727
0.5692731 0.484645
0.5508794 0.4949769
0.5311356 0.4980021
0.5113506 0.5
0.5 0.4995922
0.481294 0.4908754
0.4657818 0.4737624
0.4493409 0.4584011
0.4325154 0.4438519
0.415481 0.4297578
