0.3982949 0.4018006
0.3823852 0.3903816
0.3664755 0.3789625
0.3517447 0.3659431
0.3395272 0.3495114
0.3273097 0.3330797
0.3150923 0.316648
0.3038433 0.2995625
0.29755 0.2791318
0.2912566 0.2587011
0.2849633 0.2382705
0.2838018 0.2166754
0.2829891 0.1950014
0.2861939 0.1743206
0.2945619 0.1549163
0.30293 0.1355121
0.3115355 0.1163253
0.3258721 0.1023841
0.3402086 0.08844289
0.3545452 0.07450169
0.3688818 0.06056049
0.3860432 0.05504659
0.4047369 0.05410424
0.4230766 0.05488804
0.4394025 0.0654881
0.4557284 0.0760881
0.4719605 0.08684045
0.4859181 0.1012894
0.4998757 0.1157383
0.5111717 0.1301872
0.5251293 0.1446362
0.5396435 0.1583267
0.5541778 0.1719899
0.568712 0.1856532
0.5832462 0.1993165
0.5977805 0.2129798
0.6112784 0.2279768
0.6245093 0.2433172
0.6377404 0.2586575
0.6509714 0.2739979
0.6642024 0.2893383
0.6773238 0.3048019
0.690148 0.3205999
0.7029722 0.3363979
0.7136585 0.3541072
0.7246693 0.371545
0.7262232 0.3931647
0.7246561 0.4146585
0.7193974 0.4349039
0.7079887 0.4520995
0.6944073 0.4665539
0.6786677 0.4782854
0.6619138 0.4878023
0.6446549 0.4960718
0.6260203 0.4980359
0.6073856 0.5
0.588885 0.4982696
0.5704582 0.4944994
0.5522426 0.4895798
0.5340898 0.4843181
0.5169275 0.4756893
0.5 0.466581
0.4880504 0.4530285
