0.3929011 0.5148163
0.370606 0.4950791
0.3478514 0.4755175
0.3241167 0.4574262
0.3010464 0.4384834
0.2817914 0.4146512
0.2625364 0.390819
0.2432813 0.3669868
0.2280445 0.3399563
0.2142006 0.3118172
0.2066958 0.2809433
0.2010453 0.2496019
0.2026387 0.2175369
0.2144286 0.1896264
0.2316645 0.1639348
0.2489005 0.1382433
0.2714579 0.1188405
0.2955256 0.1015938
0.3242251 0.1001988
0.3529255 0.09921819
0.3816309 0.1004525
0.4103122 0.1018945
0.4383547 0.1088611
0.4663973 0.1158277
0.4938845 0.1250747
0.5189127 0.1349601
0.5462444 0.1448457
0.5721549 0.1586158
0.5978487 0.1729778
0.621966 0.1902671
0.6453418 0.2089332
0.667816 0.2288861
0.6896269 0.2497859
0.7104634 0.271779
0.7292397 0.2960839
0.748016 0.3203889
0.7620173 0.3483918
0.775773 0.3765849
0.7895288 0.4047781
0.7919397 0.4364313
0.7928968 0.4685279
0.7918019 0.5
0.7880864 0.5318447
0.7798473 0.5622366
0.7678782 0.5914307
0.7523683 0.6177825
0.7314496 0.6397926
0.7095953 0.6605709
0.686776 0.6800788
0.660091 0.6904024
0.6316147 0.6928594
0.6032077 0.6903788
0.5756484 0.6813172
0.5500845 0.6669064
0.5249322 0.6513927
0.5 0.6354865
0.478862 0.6169238
0.4554203 0.5983611
0.4329045 0.5784444
0.4107296 0.558029
0.3925107 0.5332533
0.3746794 0.5080755
0.3634017 0.4803522
0.3741644 0.4524917
