0.4239722 0.7871531
0.3922544 0.7871531
0.3605365 0.7871531
0.3303034 0.7761111
0.299413 0.7677077
0.2689865 0.7572104
0.239465 0.7436303
0.2181035 0.7165354
0.1966115 0.6913399
0.1822038 0.6611847
0.1762989 0.6246495
0.1762989 0.5874295
0.1762989 0.5502096
0.1837904 0.5153243
0.1930141 0.4870821
0.2000712 0.45081
0.2132334 0.4172618
0.2298139 0.38587
0.2441204 0.3529786
0.2640285 0.324044
0.2850406 0.2961632
0.3069056 0.2692918
0.3314526 0.2459075
0.3586504 0.2267581
0.3850791 0.2062175
0.4117874 0.1862006
0.4399411 0.1695631
0.4703601 0.1591174
0.5 0.1458672
0.5129974 0.1338454
0.5445317 0.1300449
0.57574 0.1240065
0.6074579 0.1240065
0.6385421 0.129315
0.6652073 0.1489417
0.688794 0.1719444
0.710165 0.1992795
0.7217462 0.2333474
0.736784 0.2660192
0.7554449 0.2961021
0.7712576 0.3281285
0.7827273 0.3627893
0.796912 0.3960798
0.8120558 0.4287821
0.8200264 0.4645334
0.8295535 0.5
0.829589 0.5301848
0.8280511 0.5672765
0.8165789 0.6014787
0.7986361 0.632165
0.7766755 0.6586659
0.7498273 0.678216
0.7199278 0.6905688
0.6894303 0.7007939
0.6581759 0.7050908
0.6264581 0.7050908
0.5949814 0.7085101
0.5668274 0.7227626
0.535629 0.7293184
0.5044448 0.7358642
0.4932324 0.7461219
0.4615146 0.7461219
0.4304846 0.7495412
