0.4096565 0.8163571
0.3845132 0.7982922
0.3593699 0.7802272
0.3342267 0.7621623
0.3113274 0.7398179
0.2884596 0.7174132
0.2679717 0.6918655
0.2493837 0.6638086
0.2307957 0.6357517
0.2153616 0.6049349
0.2012638 0.5729486
0.1871659 0.5409623
0.1761754 0.5076767
0.1725004 0.4815337
0.1688254 0.4451892
0.1651504 0.4088448
0.1667089 0.3723532
0.1691089 0.3358378
0.1826625 0.3046307
0.1998056 0.2751319
0.2225485 0.2536772
0.2477635 0.2357738
0.2736596 0.2207199
0.3024714 0.2178659
0.3312832 0.2150119
0.360095 0.212158
0.3889067 0.2093041
0.4177185 0.2064501
0.4464607 0.2077867
0.475152 0.2121772
0.5 0.2165676
0.5286914 0.2209581
0.5573828 0.2253485
0.585841 0.2314558
0.6140388 0.2394818
0.6422366 0.2475078
0.6704344 0.2555338
0.6983782 0.2643937
0.7235118 0.2824803
0.7486453 0.3005669
0.7737789 0.3186536
0.7955955 0.341259
0.8116261 0.3717469
0.8276567 0.4022348
0.8326768 0.4377481
0.8356506 0.4741955
0.8351866 0.5
0.8265084 0.5349509
0.8178303 0.5699017
0.8091522 0.6048526
0.800474 0.6398034
0.7877177 0.671618
0.7672826 0.6975278
0.7468475 0.7234375
0.7264124 0.7493473
0.7049396 0.7736245
0.6806299 0.7934389
0.6563202 0.8132533
0.6310826 0.8307676
0.6041843 0.8441659
0.5772859 0.8575641
0.5491617 0.8651569
0.5205818 0.8705924
