0.4515992 0.7950236
0.4139301 0.7910557
0.3817094 0.7773486
0.348585 0.762567
0.3166833 0.7459315
0.2828144 0.7320369
0.252881 0.7133694
0.2210294 0.6969983
0.1921119 0.6771215
0.1634616 0.6588302
0.1527937 0.6299879
0.14305 0.6017036
0.14305 0.5709836
0.1493957 0.5408268
0.1642027 0.5126492
0.1837494 0.4924622
0.2048674 0.4669397
0.2259961 0.4414154
0.247887 0.4164208
0.2734241 0.3936764
0.2979647 0.3702251
0.3220509 0.3464716
0.3464897 0.3229644
0.3736717 0.3016576
0.400821 0.2805229
0.423985 0.2562439
0.4494226 0.233489
0.4768542 0.2131998
0.5027639 0.19706
0.5323266 0.1778784
0.5668908 0.1651286
0.6011778 0.1522277
0.6390085 0.1498761
0.6770004 0.1498761
0.7128445 0.159734
0.7402536 0.1807647
0.767118 0.202487
0.7842913 0.2285109
0.7914746 0.2586721
0.8059857 0.2864916
0.8076776 0.3171359
0.8092335 0.3477862
0.8092335 0.3785062
0.8092335 0.4092262
0.8071916 0.4398912
0.8027202 0.4703602
0.7933207 0.5
0.780937 0.5228798
0.7696697 0.5522146
0.7538263 0.579934
0.7366223 0.6072447
0.7190357 0.6344588
0.6997536 0.6609102
0.6757531 0.6846402
0.6507353 0.7077594
0.6271916 0.7317795
0.597675 0.7509591
0.5646889 0.7662004
0.5295407 0.7777141
0.5 0.7882896
0.4643303 0.7988651
0.4278593 0.8065573
0.3901196 0.810004
0.3541628 0.8160334
