0.5719638 0.7606113
0.5408947 0.7606113
0.5102481 0.7638856
0.490512 0.765827
0.459443 0.765827
0.4284698 0.76413
0.3984678 0.7551504
0.3697887 0.7401201
0.3399871 0.7297177
0.309177 0.7247233
0.2809979 0.708867
0.2521931 0.6951144
0.2229231 0.6826419
0.1994918 0.6576073
0.1857795 0.6248836
0.176676 0.5877787
0.1740314 0.5491092
0.1725294 0.5102628
0.1725294 0.4965042
0.1725294 0.4574252
0.1769834 0.4189009
0.1839798 0.3808562
0.1990146 0.3489073
0.2173862 0.3181048
0.2345612 0.2855421
0.260149 0.2635134
0.2810095 0.2352567
0.3081017 0.2163243
0.3338465 0.1946747
0.3626934 0.1801611
0.3923209 0.168577
0.4224287 0.1591061
0.4525121 0.1508682
0.4808601 0.1350888
0.5 0.1275667
0.5310085 0.125129
0.5620382 0.1235392
0.5931072 0.1235392
0.6241763 0.1235392
0.6552385 0.1236253
0.6848191 0.1345342
0.7117661 0.1539403
0.7279131 0.18624
0.751889 0.2090277
0.7732426 0.2372955
0.7867817 0.272256
0.8030602 0.3051895
0.8158805 0.3407497
0.8238481 0.3747417
0.8290552 0.4103155
0.8290552 0.4493946
0.8290552 0.4884736
0.8247709 0.5
0.8127298 0.5353509
0.7981373 0.5684238
0.774938 0.5892895
0.7547514 0.6144313
0.7251535 0.6255966
0.7042974 0.6490858
0.6753433 0.6615132
0.6463407 0.6722748
0.6209887 0.6928073
0.5905925 0.698023
