0.4111122 0.6615244
0.3862711 0.6551481
0.3623504 0.6445886
0.3388399 0.6325385
0.3158106 0.6189919
0.2938422 0.6031564
0.2735758 0.5836488
0.2533094 0.5641412
0.2376949 0.5389266
0.2234239 0.5120637
0.2141093 0.5
0.2060983 0.4691557
0.2018251 0.4372934
0.199385 0.4049319
0.2005456 0.3730768
0.2083883 0.3421614
0.216231 0.311246
0.2240738 0.2803306
0.2375164 0.2527957
0.2510708 0.2253283
0.2663169 0.199671
0.2849317 0.1776183
0.3035464 0.1555656
0.3253248 0.1396855
0.3484743 0.1264808
0.3716239 0.1132762
0.3963758 0.108158
0.4216281 0.1055653
0.4468804 0.1029725
0.4721345 0.100462
0.4974599 0.1012548
0.5 0.1020475
0.5253255 0.1028403
0.5503245 0.1080406
0.5753128 0.1133856
0.5998439 0.1206847
0.6229935 0.1338893
0.6461431 0.147094
0.6692927 0.1602986
0.6898327 0.1786042
0.708476 0.2006171
0.726841 0.2229181
0.7396524 0.2509668
0.7524638 0.2790154
0.7639058 0.3079662
0.7741945 0.3376766
0.7844832 0.3673871
0.789223 0.3987788
0.7903732 0.431258
0.7915235 0.4637371
0.7898588 0.4957522
0.7823501 0.5088525
0.7745785 0.5397652
0.7628604 0.5685905
0.7504283 0.5967691
0.7331905 0.6205941
0.7136245 0.6410396
0.6929088 0.6596276
0.6688758 0.669909
0.6445812 0.6789973
0.619897 0.686308
0.5950664 0.6926405
0.5700107 0.6974345
