0.2820706 0.6230904
0.2609498 0.6000198
0.2402081 0.5764496
0.2229815 0.5475948
0.2085008 0.5161843
0.2034598 0.5
0.2018153 0.4619968
0.2018153 0.4239199
0.2021959 0.3859454
0.2118215 0.3504577
0.2238695 0.3166263
0.2393007 0.2858447
0.256584 0.2569346
0.2766726 0.2325087
0.2985906 0.2110074
0.3226759 0.1949807
0.3467889 0.1790243
0.3714921 0.1650503
0.3962105 0.1511274
0.4219801 0.1421612
0.44792 0.1339972
0.4738598 0.1258332
0.5 0.1191266
0.5179972 0.112563
0.5441753 0.1062064
0.5706545 0.103286
0.5971337 0.1003656
0.6236343 0.09864497
0.650183 0.09962097
0.6767317 0.100597
0.7029628 0.1054616
0.728336 0.1155924
0.7505796 0.1361549
0.7676778 0.1645706
0.7784611 0.1991498
0.785485 0.2358659
0.7907209 0.2731444
0.792768 0.3110127
0.792768 0.3490895
0.792183 0.3870211
0.7832315 0.4228691
0.7733683 0.4582226
0.7606801 0.4913614
0.7447778 0.500679
0.7270541 0.5288823
0.7064425 0.5528933
0.684715 0.5747335
0.6626179 0.5958548
0.6393213 0.6140125
0.6152585 0.6300412
0.5905068 0.643842
0.5658444 0.6579672
0.5397536 0.6638108
0.5135729 0.6698246
0.4956976 0.6766097
0.4691402 0.6766097
0.4426004 0.6754474
0.4160934 0.6734301
0.389861 0.6674916
0.3651351 0.6543568
0.3393645 0.6458335
0.3145286 0.6323588
0.2903007 0.617218
