0.4673783 0.8567148
0.4343753 0.8567148
0.4033187 0.8462837
0.3727728 0.8331158
0.3470525 0.8113288
0.3213427 0.789523
0.2956329 0.7677172
0.2700925 0.7457449
0.2512216 0.7172136
0.2323507 0.6886822
0.2134798 0.6601509
0.2011451 0.6279049
0.1888881 0.5956149
0.178477 0.5629712
0.1791645 0.5282013
0.1798519 0.4997656
0.1805393 0.4649957
0.1888081 0.43228
0.2041218 0.401473
0.2194354 0.370666
0.2347491 0.3398591
0.2537707 0.3114631
0.2730325 0.2832233
0.2922943 0.2549835
0.3177397 0.2329034
0.3434142 0.2110514
0.3714925 0.1937351
0.4026141 0.1821604
0.4337357 0.1705858
0.4662014 0.168054
0.499191 0.1690473
0.5088927 0.1709505
0.5395352 0.1838665
0.5701778 0.1967825
0.6008204 0.2096985
0.6298639 0.2261175
0.6585662 0.2432838
0.6872685 0.2604502
0.7134348 0.2813296
0.7379971 0.3045578
0.7625594 0.327786
0.7871217 0.3510142
0.8072367 0.3782247
0.8250271 0.4075167
0.8393611 0.4384809
0.8488444 0.4717917
0.8503634 0.5
0.8503634 0.5347775
0.836799 0.5663127
0.822305 0.5974967
0.7989682 0.6220881
0.7756315 0.6466795
0.7522949 0.6712708
0.7289582 0.6958622
0.7028161 0.7170135
0.6762342 0.7376255
0.6496524 0.7582374
0.6230704 0.7788494
0.5964885 0.7994612
0.567272 0.815535
0.5377532 0.8310879
0.5081932 0.8465401
0.5 0.8567148
