0.4269219 0.6014542
0.3997519 0.5901086
0.3737792 0.5764119
0.3510708 0.5585696
0.3289825 0.5398979
0.3114041 0.5176606
0.2935977 0.5
0.2761758 0.4776061
0.2637743 0.4524378
0.2532234 0.4266987
0.2467221 0.3997107
0.244845 0.3721462
0.2439692 0.34452
0.2439692 0.3168736
0.246318 0.2893138
0.2492299 0.2618408
0.2572511 0.235203
0.2683794 0.209617
0.2809384 0.1845152
0.2976227 0.1619636
0.3182766 0.1419637
0.3416789 0.1246931
0.3670522 0.1101927
0.3941144 0.09880951
0.4236408 0.09407252
0.453123 0.08911356
0.4825466 0.08386016
0.5 0.07887048
0.5299696 0.07887048
0.559933 0.07909971
0.5898652 0.08048034
0.6197974 0.0818609
0.6495081 0.08432871
0.6779397 0.09307125
0.7052156 0.1041982
0.7302474 0.1191768
0.7498339 0.1394291
0.7594756 0.1654371
0.7647898 0.1926213
0.7695365 0.2197286
0.7695365 0.247375
0.7695365 0.2750213
0.7695365 0.3026677
0.7662318 0.3299146
0.7577872 0.3564142
0.7472642 0.3823003
0.7377558 0.4085178
0.7263049 0.4340454
0.7123538 0.4584156
0.6963577 0.4817904
0.6811625 0.5010566
0.6628586 0.5228378
0.642061 0.542594
0.6175925 0.5583861
0.5917156 0.5723021
0.5652102 0.5848867
0.5381482 0.5967081
0.5085076 0.6001936
0.4911273 0.6053254
0.4619681 0.6105832
0.4320396 0.6118721
0.40207 0.6118721
0.3725324 0.6076213
0.3478683 0.5952036
