0.3544785 0.4796271
0.3405039 0.4599532
0.3273294 0.4397573
0.3169134 0.4177612
0.3081414 0.3951074
0.3021402 0.3713455
0.295409 0.3478144
0.2880438 0.3244841
0.2818581 0.3008597
0.2785643 0.2765145
0.278254 0.2520506
0.2798033 0.2275127
0.2878689 0.2046548
0.2972044 0.1821243
0.311666 0.1631759
0.3276581 0.1452969
0.3436502 0.1274179
0.3627993 0.1136086
0.38255 0.1005748
0.403614 0.09039623
0.4255281 0.08206636
0.4474422 0.0737364
0.4697472 0.06684285
0.4925066 0.06161875
0.5017342 0.05639458
0.5248371 0.05395097
0.548104 0.0528343
0.5713715 0.05186084
0.5946465 0.05277103
0.6179214 0.05368125
0.6411964 0.05459145
0.6605958 0.06733614
0.6768298 0.08397031
0.6857878 0.106671
0.6935911 0.1298281
0.7009563 0.1531585
0.7042295 0.1774378
0.7068016 0.2018798
0.7093737 0.2263218
0.7109222 0.2508462
0.7118919 0.2754173
0.7128615 0.2999883
0.7105263 0.3243927
0.7073439 0.3487545
0.7041616 0.3731162
0.6977522 0.3961855
0.6848327 0.4166476
0.6696962 0.4351906
0.653227 0.45258
0.6361005 0.4688224
0.6138698 0.4761576
0.5915916 0.4833144
0.5689961 0.4892789
0.5463019 0.4946637
0.5231535 0.4973795
0.5 0.5
0.4902408 0.5
0.4670144 0.4985662
0.4438284 0.4962346
0.4207006 0.4935243
0.3980061 0.4879945
0.3753525 0.482289
0.3599913 0.4692946
0.3599913 0.4447022
