0.393005 0.4637339
0.3763445 0.4484117
0.359684 0.4330896
0.3430235 0.4177674
0.3289831 0.3975585
0.3159477 0.3754749
0.3031641 0.3531151
0.2937284 0.3270819
0.2854716 0.3005266
0.2843939 0.2707915
0.2871498 0.2420504
0.2945474 0.2145126
0.3045545 0.1891356
0.3155259 0.1645572
0.3280845 0.141998
0.3418231 0.1209397
0.3573846 0.1033252
0.3736588 0.08705676
0.3902662 0.07187217
0.408811 0.06298929
0.4278236 0.05773991
0.4471798 0.05515999
0.4665663 0.05364776
0.4859956 0.05364776
0.5 0.05364776
0.519335 0.05654678
0.5386678 0.05951011
0.5580007 0.06247339
0.5773125 0.06570217
0.5965465 0.0699138
0.6157805 0.07412547
0.6335652 0.08459398
0.6502257 0.0999161
0.666288 0.1165463
0.6813673 0.1353258
0.6947905 0.1565037
0.7061662 0.1806464
0.7152191 0.2064838
0.7202702 0.2352407
0.7253213 0.2639976
0.7237824 0.2933668
0.7210346 0.3228484
0.71319 0.3498896
0.703581 0.3755101
0.6898425 0.3965684
0.6753396 0.4162924
0.6599395 0.4344502
0.6440088 0.4514939
0.6275873 0.4673442
0.6097615 0.4786388
0.5908908 0.4856566
0.5718389 0.4914971
0.5525776 0.4953945
0.5333115 0.4992463
0.5139142 0.5
0.4999098 0.5
0.4804917 0.4992479
0.4610824 0.4978957
0.4419494 0.493648
0.4231002 0.4864251
0.4051182 0.4751897
0.3884755 0.4600353
0.3769986 0.4387023
0.3857248 0.4135193
