0.3363571 0.7008124
0.3096671 0.684058
0.2851541 0.6637028
0.2612418 0.6423542
0.2395251 0.6183956
0.218926 0.5931086
0.2039202 0.5637354
0.1913938 0.5325509
0.1826974 0.5
0.1766919 0.474559
0.1765802 0.4408852
0.1810913 0.4070836
0.1856024 0.373282
0.1930891 0.3404011
0.2048181 0.3088327
0.216547 0.2772644
0.2310563 0.2474037
0.2486795 0.2194556
0.2676046 0.1927617
0.2898061 0.1692241
0.3149029 0.1507797
0.3434434 0.1383933
0.371984 0.1260069
0.4023557 0.123127
0.4329361 0.1213308
0.4633619 0.1224164
0.4935318 0.1282718
0.5228831 0.1341273
0.5528359 0.1410283
0.5822397 0.1505742
0.6116436 0.1601201
0.6410474 0.1696661
0.6689153 0.183137
0.695174 0.2007196
0.7214329 0.2183022
0.7427958 0.2423791
0.7628114 0.268243
0.7777734 0.2979319
0.7919012 0.3282521
0.8011249 0.3608348
0.8103064 0.393437
0.8178182 0.4265235
0.8240225 0.4599892
0.8265114 0.4938793
0.8265114 0.5199839
0.8229313 0.5539097
0.8149045 0.5861431
0.7986744 0.6151229
0.7802519 0.64222
0.7592404 0.6670567
0.7327154 0.6841345
0.7061387 0.701089
0.6774041 0.7129033
0.6486694 0.7247176
0.6196296 0.7354466
0.5899985 0.744073
0.5603674 0.7526994
0.5305592 0.7600994
0.5 0.7622997
0.4702548 0.7640107
0.4396609 0.7625263
0.4100821 0.7551229
0.381159 0.7438959
0.3566453 0.7279823
