0.4104001 0.5
0.3875449 0.4848844
0.3646898 0.4697689
0.3431756 0.4528197
0.3221978 0.4351372
0.3015409 0.4170817
0.2813354 0.3985019
0.2621179 0.3790336
0.246246 0.3565575
0.2337336 0.3325858
0.2280672 0.305566
0.2224009 0.2785463
0.2274533 0.2517962
0.234441 0.2250949
0.2431294 0.1990986
0.2566774 0.175117
0.2702255 0.1511353
0.2859739 0.1290272
0.3070266 0.1114359
0.328613 0.09491354
0.3551047 0.08821449
0.3817854 0.08414093
0.4089569 0.0868893
0.4360966 0.0898363
0.462733 0.09592012
0.4893694 0.1020039
0.5044862 0.1103615
0.5302211 0.1195982
0.5553464 0.1301792
0.5790556 0.143883
0.6027648 0.1575868
0.6250367 0.1735507
0.6471974 0.1896898
0.6657324 0.2096193
0.6824117 0.2314891
0.6990909 0.2533588
0.7140896 0.2763127
0.7266595 0.3008333
0.7382115 0.3257434
0.7448344 0.3525397
0.7513104 0.3793641
0.7548423 0.4067531
0.75717 0.4342211
0.75717 0.4618421
0.75717 0.489463
0.7493382 0.5125912
0.7395136 0.5383183
0.7259656 0.5623
0.7100276 0.584295
0.689392 0.6023848
0.6646197 0.6136085
0.6392658 0.6238667
0.6121763 0.6257623
0.5848844 0.6266825
0.5589788 0.6197861
0.5337048 0.6093279
0.5111541 0.5938219
0.5 0.5775498
0.4800785 0.5586587
0.4599305 0.5400177
0.4395802 0.5216001
0.419909 0.5024565
0.4030785 0.4846031
