0.5125042 0.822866
0.486555 0.822866
0.4480965 0.822866
0.414174 0.8088388
0.3783332 0.7977736
0.3455455 0.7804853
0.3144084 0.7601993
0.2860905 0.7368318
0.255186 0.7166255
0.2304215 0.6901448
0.2080068 0.6622072
0.188926 0.632155
0.1769802 0.5996492
0.1663416 0.56719
0.1577789 0.5337906
0.1554292 0.5
0.1554292 0.4653874
0.1554292 0.4307747
0.1604026 0.3967837
0.1740084 0.3658903
0.1936467 0.3363675
0.2120515 0.3061911
0.2384259 0.2811114
0.2631058 0.2549811
0.2940532 0.2345964
0.3263118 0.2157581
0.3584566 0.1967652
0.3914345 0.1789571
0.4278431 0.1678388
0.4633432 0.1545262
0.5 0.1442134
0.5251531 0.1376866
0.5636116 0.1376866
0.6014638 0.139998
0.6384275 0.1480759
0.6701441 0.1675166
0.6989256 0.1901974
0.7210106 0.2184084
0.7400059 0.2483764
0.7587858 0.2778444
0.7685727 0.3112729
0.7883942 0.3405988
0.7988317 0.373672
0.8057114 0.4077263
0.8198072 0.4399119
0.8286985 0.4735478
0.8287463 0.5075087
0.8287463 0.5421213
0.8286524 0.5767293
0.8244054 0.6111302
0.818355 0.6451747
0.8000653 0.6752026
0.7835699 0.7062733
0.7612209 0.7329949
0.737257 0.7584066
0.7034671 0.7732405
0.6686513 0.7874523
0.6318628 0.7954329
0.5935478 0.796993
0.5556088 0.8007903
0.5180392 0.8057203
0.4920901 0.8057203
0.4536316 0.8057203
0.4183295 0.8125785
