0.374162 0.806724
0.345997 0.7890406
0.317832 0.7713574
0.2923549 0.7476298
0.2677677 0.7219015
0.244767 0.6942804
0.2292248 0.6577615
0.2136826 0.6212426
0.1981404 0.5847237
0.1861028 0.5459669
0.175379 0.506371
0.1646552 0.4974564
0.1582627 0.4565316
0.1554543 0.4145074
0.1526459 0.3724831
0.1506407 0.3305432
0.1581642 0.2896056
0.1656877 0.2486679
0.1809244 0.2141413
0.2042695 0.186354
0.2338282 0.1788374
0.2647695 0.175831
0.2956287 0.1716439
0.3264364 0.1667135
0.357244 0.1617831
0.388119 0.1577129
0.4189993 0.1537122
0.4498797 0.1497115
0.4808316 0.1471671
0.5 0.1455453
0.5309972 0.1439235
0.5619944 0.1423017
0.5924926 0.1470426
0.6225407 0.1575234
0.6525887 0.1680043
0.6826367 0.1784851
0.7126848 0.1889659
0.7427328 0.1994468
0.770466 0.2146392
0.7890781 0.2483973
0.8076901 0.2821554
0.8169148 0.3219916
0.8244383 0.3629293
0.8303387 0.4041819
0.8315308 0.4463483
0.832723 0.4885148
0.8339152 0.5
0.8332384 0.5418038
0.8234289 0.581836
0.8136195 0.6218681
0.80381 0.6619002
0.7892551 0.6988597
0.7726012 0.7344602
0.7546831 0.7688712
0.7274144 0.7802145
0.6963943 0.7802145
0.6653742 0.7802145
0.6343697 0.78
0.603952 0.7717243
0.5735343 0.7634488
0.542741 0.7603324
0.5117209 0.7603324
0.4925641 0.7596728
0.4618557 0.7537051
