0.3849885 0.8713115
0.3550559 0.8592079
0.3251234 0.8471043
0.2991406 0.8254797
0.2732924 0.8035305
0.2509308 0.7768151
0.2298923 0.748291
0.2113626 0.7176687
0.196867 0.6836721
0.1823715 0.6496756
0.1721137 0.6141226
0.1686294 0.5760818
0.1651451 0.5380409
0.1678623 0.5
0.1713466 0.472796
0.1798662 0.4368169
0.1960994 0.4039964
0.2123326 0.3711759
0.2344385 0.3445129
0.2588581 0.3202757
0.2832778 0.2960385
0.3076974 0.2718014
0.3367667 0.2581749
0.3669878 0.2471766
0.3972088 0.2361784
0.4274298 0.2251802
0.4587149 0.2203578
0.4900373 0.2157522
0.5120319 0.2111464
0.5435637 0.2107466
0.5751153 0.2107466
0.606667 0.2107466
0.6371732 0.2199152
0.6675401 0.2303054
0.697907 0.2406955
0.7271612 0.2535339
0.7506133 0.2791385
0.7740656 0.3047431
0.7910743 0.3362999
0.8051846 0.3705341
0.8170246 0.4056081
0.8210623 0.4435683
0.8250999 0.4815286
0.8272191 0.5087509
0.8258487 0.5469897
0.8221853 0.5846698
0.8112777 0.6205849
0.7997909 0.6562201
0.787362 0.6914004
0.7737528 0.7258359
0.7571455 0.7583798
0.7404013 0.7907633
0.7141488 0.8119943
0.6860661 0.8291636
0.6569602 0.8436539
0.6257256 0.8490669
0.5944554 0.8540539
0.5629615 0.8563694
0.5314677 0.8586848
0.5 0.8613136
0.4780932 0.8667265
0.4468102 0.8713115
0.4153202 0.8707767
0.3878862 0.857251
