0.5347999 0.860683
0.5046008 0.8455834
0.4812127 0.8284262
0.4527961 0.811317
0.424484 0.7930592
0.398307 0.7715386
0.3710614 0.7512742
0.3432159 0.7318575
0.316198 0.7112867
0.2892792 0.6905863
0.2614304 0.6712247
0.234936 0.6501108
0.2091937 0.6279706
0.1879797 0.6014532
0.1687869 0.5751744
0.1610721 0.5422071
0.153723 0.5092952
0.153723 0.4968058
0.1552767 0.4632136
0.1685874 0.4321737
0.17998 0.4007414
0.1982045 0.3721072
0.2199564 0.3467328
0.2388613 0.3189718
0.2628739 0.2949592
0.2907453 0.2756536
0.3214793 0.2618534
0.3543604 0.253786
0.3862408 0.2423525
0.4195403 0.2356927
0.4526878 0.2283269
0.4861569 0.2240257
0.5148298 0.2240257
0.5487888 0.2240257
0.5827415 0.2241874
0.6166004 0.2267919
0.6496429 0.2328359
0.6782084 0.2511994
0.7044135 0.2724916
0.7263749 0.2982832
0.7436385 0.3273736
0.7597877 0.3572398
0.771265 0.3890411
0.7817468 0.4213387
0.7900676 0.4541745
0.7951651 0.4877302
0.799021 0.5
0.8028768 0.5337393
0.8065637 0.5674883
0.8065637 0.6014472
0.806448 0.6353957
0.8003732 0.6688069
0.7857232 0.6993597
0.7717082 0.7302769
0.7541049 0.7592797
0.7328833 0.7853813
0.7032529 0.7984719
0.669329 0.798932
0.635765 0.8040957
0.6018768 0.8050205
0.5679179 0.8050205
0.5339589 0.8050205
0.5 0.8050205
0.471327 0.8050205
