0.5 0.8789313
0.4670309 0.8789313
0.4356606 0.8722599
0.409916 0.8531011
0.3819686 0.837145
0.3546897 0.8203338
0.3302932 0.7997363
0.3066573 0.7783792
0.2820363 0.7580669
0.2601328 0.7351446
0.2414872 0.7099536
0.2230286 0.6845591
0.2071528 0.657882
0.1931079 0.6301491
0.1831135 0.6012812
0.1770421 0.5711405
0.1737929 0.5407217
0.1737929 0.5100528
0.1737929 0.4962482
0.1830352 0.4674309
0.2044913 0.4441453
0.2156982 0.4154616
0.2401437 0.3970581
0.2606488 0.3737496
0.2862532 0.3546697
0.3137095 0.337735
0.3410677 0.3206464
0.3678958 0.3028204
0.3965076 0.2881468
0.4274917 0.2776659
0.4554512 0.2614147
0.4875391 0.2565766
0.5078511 0.2526722
0.5407102 0.251436
0.5736793 0.251436
0.6061209 0.2544596
0.6368731 0.2654427
0.6629197 0.2833726
0.6862324 0.3050589
0.7058873 0.3296275
0.7199204 0.3572692
0.7375768 0.3831056
0.7504381 0.4113418
0.7618996 0.4400932
0.7701805 0.4697296
0.7751216 0.5
0.7852879 0.5122578
0.795144 0.5412363
0.8001056 0.5715368
0.8057867 0.6016824
0.8057867 0.6323514
0.8057867 0.6630203
0.8057867 0.6936893
0.7884109 0.7185062
0.7697543 0.7437683
0.7560059 0.7714485
0.7309738 0.7914076
0.7033934 0.8078305
0.6754661 0.823074
0.6446162 0.8302297
0.6116471 0.8302297
0.5812694 0.8210204
0.5509196 0.8114983
