0.5467137 0.8682517
0.5176262 0.8658295
0.5 0.8604827
0.4710644 0.8551359
0.4421289 0.8497891
0.4131934 0.8444422
0.3860313 0.8322523
0.360768 0.812736
0.3357426 0.792859
0.3179126 0.7620711
0.3000826 0.7312833
0.2822526 0.7004955
0.2644227 0.6697077
0.2465926 0.6389198
0.231606 0.6056507
0.2174836 0.5716274
0.2033612 0.5376041
0.1892389 0.5035807
0.1751165 0.4981775
0.1675602 0.4616092
0.1657379 0.4228182
0.1639156 0.3840273
0.166155 0.3465178
0.1808748 0.3129457
0.1995862 0.2850967
0.2258486 0.2680743
0.2521111 0.251052
0.2793227 0.2379097
0.308085 0.2311067
0.3368473 0.2243038
0.3657166 0.2187771
0.3948988 0.2169851
0.424081 0.2151932
0.4532632 0.2134012
0.4824454 0.2116093
0.5003433 0.2112612
0.5295566 0.2112612
0.5587699 0.2112612
0.5878183 0.2146107
0.6167819 0.219681
0.6456851 0.2250802
0.6731396 0.2383626
0.7005941 0.251645
0.7257373 0.2707974
0.749576 0.293263
0.7700597 0.3205135
0.7885587 0.3505946
0.8070576 0.3806757
0.818953 0.4155991
0.8281912 0.4524712
0.83531 0.4899464
0.8382169 0.5
0.8373304 0.5388352
0.8360347 0.5776318
0.8293437 0.6154653
0.8172306 0.6506869
0.8014619 0.6827463
0.7798107 0.7088172
0.7566947 0.7325821
0.7332441 0.755711
0.7085446 0.7764654
0.6837434 0.7969868
0.6571266 0.8129253
0.6286066 0.8204185
