0.4764002 0.8180027
0.4501809 0.8105731
0.4283417 0.7834429
0.4050566 0.7592832
0.3852858 0.7287986
0.3664981 0.6965187
0.3475878 0.6644123
0.3314227 0.6290898
0.3168298 0.5919254
0.3013309 0.5557175
0.2845398 0.5208738
0.270566 0.5
0.2547105 0.4643997
0.2388277 0.4287753
0.2238149 0.3920445
0.2093855 0.3571784
0.1961523 0.3226056
0.1860087 0.2844135
0.176739 0.2471197
0.1904342 0.2276483
0.2183878 0.2255766
0.2463513 0.2241637
0.2743365 0.2241637
0.3023217 0.2241637
0.3302896 0.2228995
0.3582495 0.2210478
0.3862093 0.2191961
0.4141692 0.2173444
0.4421291 0.2154927
0.4700793 0.2133243
0.4980258 0.2110351
0.5254462 0.2087459
0.5533926 0.2064568
0.5813391 0.2041676
0.6092857 0.2018784
0.6370891 0.1971756
0.6648334 0.1914726
0.6925777 0.1857696
0.7203219 0.1800666
0.7480661 0.1743636
0.7758144 0.1687116
0.8036152 0.1637192
0.8314159 0.1587268
0.859013 0.1519918
0.8414814 0.1709758
0.8201098 0.1990058
0.7985923 0.2268469
0.777 0.2545531
0.7555938 0.2826082
0.7341877 0.3106633
0.7138274 0.3404918
0.6940389 0.3712896
0.6742504 0.4020874
0.6547992 0.433401
0.6353608 0.4647342
0.6159225 0.4960675
0.5964841 0.5106116
0.5775189 0.5426331
0.5587433 0.5749304
0.5399677 0.6072278
0.5226381 0.6413807
0.5068744 0.6771002
0.5 0.7185663
