0.4320547 0.7503163
0.4236793 0.7174579
0.4067369 0.689756
0.3854232 0.6654316
0.3641096 0.6411073
0.3442328 0.6153606
0.3261475 0.5878407
0.3085377 0.5599669
0.2937602 0.5299848
0.2789871 0.5
0.2643488 0.4890154
0.2497105 0.4589446
0.2384528 0.4271765
0.228921 0.3945419
0.2166654 0.3632562
0.2116512 0.3296618
0.2025384 0.2975041
0.1935112 0.2707432
0.2195782 0.2550834
0.2479292 0.2438264
0.2755676 0.230254
0.3049085 0.222375
0.3342211 0.2143705
0.3632635 0.2051635
0.392306 0.1959566
0.4209259 0.1851703
0.4495212 0.1742921
0.4788489 0.1665615
0.5 0.1598062
0.528133 0.1474574
0.5568735 0.1375797
0.5865579 0.1316382
0.6165102 0.1281595
0.6466523 0.1281595
0.676625 0.1316505
0.706498 0.1360761
0.7364922 0.1384501
0.7665357 0.1400344
0.7966778 0.1400344
0.8268199 0.1400344
0.8342674 0.1631236
0.8253543 0.1959766
0.8106331 0.225403
0.7953889 0.2548448
0.782025 0.2854953
0.761861 0.3110645
0.7438911 0.3385456
0.7275916 0.367482
0.7080193 0.3934082
0.6867056 0.4177326
0.6676517 0.4442936
0.6495664 0.4718135
0.6299248 0.497742
0.607935 0.5021831
0.5859452 0.5257106
0.564547 0.5499353
0.5432333 0.5742598
0.5219196 0.5985841
0.5013126 0.6236877
0.4891496 0.6488359
0.4686542 0.6740595
0.4482095 0.6993366
0.4320547 0.7277544
0.4216496 0.7582327
