0.4624497 0.4599653
0.4519435 0.4418921
0.444115 0.4214272
0.4360445 0.4010454
0.4263844 0.3812687
0.418745 0.3607228
0.4114694 0.3400359
0.4036629 0.3195257
0.3958563 0.2990155
0.3892202 0.2781346
0.3826478 0.2572333
0.375769 0.2364222
0.3684463 0.2157697
0.3593381 0.1957554
0.35023 0.1757412
0.340519 0.1559883
0.3307401 0.136265
0.3200789 0.1169642
0.3088939 0.09796667
0.2959469 0.07999507
0.2860396 0.06043714
0.3017674 0.05376303
0.3246018 0.05360958
0.347445 0.05360958
0.3702882 0.05360958
0.3931314 0.05360958
0.4159746 0.05360958
0.4388178 0.05360958
0.4616325 0.05431938
0.4844085 0.05599326
0.5 0.05766708
0.5227759 0.05934095
0.5456081 0.05961481
0.5684514 0.05961481
0.5912946 0.05961481
0.6141303 0.06008935
0.636963 0.0607504
0.6597957 0.06141138
0.6826357 0.06161657
0.7054788 0.06161657
0.7252456 0.06419775
0.7155296 0.08387303
0.7053057 0.1033641
0.6947452 0.1226763
0.6829925 0.1413903
0.6730754 0.1610365
0.6628147 0.180516
0.6514813 0.1994646
0.6416205 0.2191419
0.6315372 0.2387156
0.6206858 0.2579181
0.6072156 0.2755235
0.5955716 0.2942354
0.5830001 0.3120468
0.5744447 0.3322483
0.5619682 0.350455
0.5538056 0.3707322
0.5438309 0.3903367
0.5338583 0.4098364
0.5221903 0.4280538
0.5138804 0.4480523
0.5015395 0.4663523
0.4965101 0.4834237
0.483402 0.5
