0.4913673 0.9172882
0.5 0.8884459
0.5094687 0.8667385
0.5264553 0.8424388
0.5461796 0.8217205
0.5663226 0.8015499
0.5866697 0.781703
0.6070316 0.7618797
0.6273935 0.7420564
0.6475625 0.7219304
0.6675273 0.7014841
0.6869093 0.6802316
0.7051495 0.6574001
0.7165881 0.6288045
0.7267496 0.5991266
0.7376535 0.5698797
0.7477038 0.5404189
0.7517637 0.5085647
0.7588713 0.4925024
0.7665084 0.4617651
0.7572113 0.4430537
0.7357481 0.4251432
0.7100944 0.4226822
0.6843558 0.4205344
0.6586771 0.4175138
0.6330231 0.4141337
0.6073692 0.4107536
0.5816188 0.4089971
0.5558474 0.4075946
0.530076 0.4061921
0.5043916 0.4036513
0.4883129 0.3989194
0.4627957 0.3941876
0.4372784 0.3894557
0.4117105 0.3853393
0.3859593 0.3834432
0.360208 0.3815472
0.3344282 0.3808711
0.3086325 0.3808711
0.2828367 0.3808711
0.257041 0.3808711
0.2312453 0.3808711
0.224554 0.3942568
0.2429537 0.4157047
0.263593 0.4339901
0.2794365 0.4593832
0.2924342 0.4872735
0.3056581 0.5
0.3211355 0.5258309
0.3333906 0.5539666
0.3433121 0.5837715
0.3546539 0.6127298
0.3668837 0.641159
0.3785681 0.669929
0.389378 0.6992458
0.4010412 0.7279525
0.4157243 0.7545
0.4304075 0.7810474
0.4451818 0.8075155
0.4599747 0.8339673
0.4761099 0.8591539
0.4943502 0.8819853
0.5026804 0.9052778
