0.454327 0.9107559
0.445989 0.8718964
0.4304928 0.84426
0.4181747 0.8096343
0.4029099 0.7804369
0.3873432 0.7517955
0.3726853 0.7213875
0.3594789 0.6881586
0.3457047 0.6559523
0.3312441 0.6249822
0.3167836 0.594012
0.3018305 0.5640579
0.2865519 0.5347753
0.2729703 0.5024562
0.2607975 0.4912156
0.2441756 0.4653941
0.230119 0.4342357
0.2178368 0.3995597
0.2273639 0.3870476
0.2475428 0.3755886
0.2679051 0.3658228
0.2885631 0.3587841
0.3093678 0.3541834
0.3302439 0.3507692
0.3511416 0.348454
0.3720845 0.348454
0.3930273 0.348454
0.4139702 0.348454
0.4349131 0.348454
0.4558559 0.348454
0.4767988 0.348454
0.4977221 0.350167
0.5 0.3521718
0.5209199 0.3541765
0.5418398 0.3561813
0.5627597 0.3581859
0.5836796 0.3601907
0.604554 0.363598
0.6254204 0.3672544
0.6462867 0.3709108
0.6669181 0.3777016
0.6873623 0.3869894
0.7078064 0.3962772
0.7281286 0.4066219
0.7484365 0.4170763
0.7684532 0.4296674
0.7826715 0.4579897
0.7850957 0.5
0.7732931 0.5105141
0.7590005 0.5416982
0.7426469 0.5684443
0.7272146 0.5973812
0.7115824 0.6258492
0.6953735 0.652961
0.67726 0.6744112
0.6600717 0.6985597
0.6440842 0.7262154
0.6273488 0.7519358
0.6104886 0.7773334
0.5949513 0.805876
0.5784179 0.8317187
0.5593631 0.8490478
0.5419775 0.8726759
