0.5281128 0.8493872
0.5057544 0.8296803
0.4902292 0.8097554
0.4681383 0.7893288
0.4462256 0.7684287
0.4243733 0.7473741
0.4025789 0.7261761
0.3811212 0.7041474
0.3596931 0.6820495
0.3385216 0.6593512
0.3173501 0.6366528
0.2970909 0.6121538
0.2781807 0.584992
0.2594126 0.5575914
0.2407899 0.5299464
0.2236832 0.5
0.2078078 0.4909658
0.1930635 0.4580735
0.1806677 0.423059
0.1954763 0.4075207
0.2210129 0.4048362
0.2464358 0.3994666
0.2718805 0.3943551
0.2973251 0.3892435
0.3226559 0.3829086
0.3479721 0.3764173
0.3732883 0.369926
0.3986186 0.3635721
0.4239576 0.357303
0.4492966 0.3510339
0.4746404 0.3448135
0.5 0.3387519
0.5186052 0.3326904
0.5439647 0.3266288
0.5693443 0.3207784
0.5947312 0.3150039
0.620118 0.3092295
0.6455129 0.3035561
0.6710296 0.2994199
0.6964189 0.2939643
0.7216459 0.2869822
0.747263 0.2848595
0.7728735 0.2825981
0.7985264 0.2825981
0.7976282 0.3023137
0.7814314 0.3334493
0.7637231 0.3623717
0.7462929 0.3916671
0.7309012 0.4238243
0.7155094 0.4559815
0.7013287 0.4894512
0.6877143 0.5010467
0.6746639 0.5356529
0.6605454 0.5691911
0.6457927 0.6020736
0.6308823 0.6347829
0.6158816 0.6673828
0.5994589 0.6982626
0.583167 0.7293081
0.5668972 0.7603302
0.5499649 0.7903334
0.5380411 0.822987
0.5242237 0.8554811
0.5070536 0.8847426
