0.5590118 0.8213138
0.5717846 0.7987295
0.5806253 0.7740397
0.5898785 0.7494736
0.5999115 0.7251409
0.6099445 0.7008082
0.6199774 0.6764755
0.629961 0.6521271
0.6397963 0.6277318
0.6496316 0.6033364
0.6594669 0.578941
0.6693021 0.5545456
0.6791374 0.5301502
0.6891069 0.5057974
0.69914 0.5
0.709173 0.4756673
0.7192059 0.4513346
0.7306286 0.4275096
0.7430437 0.4040471
0.752009 0.3807949
0.7339135 0.3813471
0.7046124 0.3829622
0.6753114 0.3845773
0.6460103 0.3861924
0.616774 0.3884841
0.5875805 0.391223
0.558387 0.393962
0.5291935 0.3967009
0.5 0.3994399
0.4823447 0.4019845
0.4529931 0.4025352
0.4236415 0.403086
0.3942899 0.4036368
0.3649383 0.4041875
0.3355867 0.4047382
0.3062311 0.4049556
0.2768729 0.4049556
0.2475146 0.4049556
0.2181564 0.4049556
0.2149992 0.4145269
0.2328125 0.4349878
0.2493511 0.45638
0.2658896 0.4777723
0.2819365 0.4994496
0.2976447 0.5027881
0.3133529 0.5246617
0.3290611 0.5465354
0.3440906 0.5687635
0.3582909 0.5914249
0.372491 0.6140862
0.3866912 0.6367475
0.4008914 0.6594089
0.4147933 0.6822105
0.4282202 0.7052355
0.4416471 0.7282606
0.455074 0.7512856
0.468501 0.7743106
0.4834498 0.7965806
0.4987914 0.8186557
0.5025806 0.8407308
0.5179221 0.862806
0.5299087 0.886259
0.5391926 0.9108218
