0.5028498 0.5
0.4987648 0.493558
0.4856229 0.474981
0.4729778 0.455526
0.460588 0.4358115
0.4492002 0.4151095
0.4359152 0.396369
0.4230502 0.3771489
0.4108981 0.3571512
0.4000682 0.3358723
0.3881447 0.3156409
0.3759483 0.2956709
0.3637519 0.275701
0.3502178 0.2572993
0.3373514 0.2381026
0.3236951 0.2201774
0.3101402 0.2021483
0.2964897 0.184083
0.2834622 0.1651138
0.2784135 0.1411662
0.2859064 0.1199825
0.3030065 0.1079891
0.3210597 0.09825173
0.3402174 0.0938862
0.3595621 0.09043083
0.3789016 0.08692545
0.3982398 0.08340725
0.417578 0.07988906
0.4369566 0.07681999
0.4563896 0.07435653
0.4758226 0.07189313
0.4952059 0.06887549
0.5 0.06538105
0.5193408 0.0618867
0.5388202 0.06045923
0.5583295 0.05947632
0.5778366 0.05842027
0.5973402 0.05725899
0.6168446 0.05611631
0.6363499 0.0550054
0.6558526 0.05382279
0.6753464 0.05240428
0.694857 0.05178195
0.712085 0.05348465
0.7016186 0.07506484
0.6916289 0.0970048
0.6820058 0.1192198
0.6705225 0.1399025
0.6609673 0.162183
0.6498644 0.1831572
0.642 0.2063788
0.6306663 0.2271262
0.6225713 0.2503869
0.6113539 0.2710241
0.603459 0.2943608
0.5939092 0.3159892
0.5875981 0.3400878
0.5788494 0.3625836
0.5713758 0.3862078
0.5623466 0.4088444
0.5539799 0.4318804
0.542986 0.4517683
0.535625 0.4753064
