0.4206809 0.8036772
0.4070078 0.7681603
0.3900945 0.7343286
0.3737242 0.699948
0.3581869 0.6647249
0.3416954 0.630478
0.3245351 0.596915
0.3060301 0.564951
0.2871966 0.5333776
0.2698804 0.5
0.2527202 0.4689527
0.2355599 0.4353898
0.2185811 0.401632
0.2019574 0.3674929
0.1891799 0.3300977
0.1759958 0.2928922
0.1681607 0.2532066
0.1728135 0.222281
0.2014139 0.222281
0.2299095 0.2191979
0.258446 0.2164639
0.2869751 0.2135697
0.3154581 0.2097714
0.3439462 0.2060577
0.3724436 0.2025
0.400941 0.1989424
0.4294385 0.1953847
0.4579494 0.1921866
0.4865409 0.191138
0.5142844 0.1900895
0.5428759 0.189041
0.5714655 0.1878865
0.6000535 0.186653
0.6286416 0.1854197
0.6572364 0.1848508
0.6858369 0.1848508
0.7144372 0.1848508
0.7430377 0.1848508
0.7716382 0.1848508
0.8002386 0.1848508
0.8288391 0.1848508
0.8459625 0.2016862
0.830296 0.2363958
0.8151832 0.272003
0.8002695 0.3078013
0.7839594 0.3422629
0.7676266 0.3767029
0.7506462 0.4104401
0.7329762 0.443429
0.7153063 0.476418
0.6971272 0.5062571
0.6778011 0.5371835
0.6584751 0.5681098
0.6387876 0.5985285
0.6185641 0.6281942
0.598537 0.6581378
0.5790758 0.6888812
0.5591928 0.7190284
0.5396341 0.7496137
0.520633 0.7809703
0.5 0.8096865
0.4778626 0.834641
0.455612 0.8609847
