0.4606108 0.8519139
0.436674 0.8264945
0.4194671 0.7947507
0.4035478 0.7622006
0.3866671 0.7302604
0.3690833 0.6987659
0.3518077 0.6670652
0.3367703 0.6342759
0.3271217 0.598866
0.3165003 0.5638691
0.302064 0.5304912
0.2876278 0.5
0.2737663 0.4663291
0.2599871 0.4326163
0.243674 0.400376
0.2261648 0.368831
0.2106069 0.3361388
0.1971295 0.302325
0.1872295 0.2670118
0.1685587 0.2371882
0.1776751 0.218259
0.2111335 0.2158819
0.244578 0.2126421
0.2780722 0.210053
0.3115922 0.2078821
0.3451366 0.206278
0.3786932 0.2049586
0.4122497 0.2036391
0.445587 0.1993822
0.4788889 0.1946512
0.5030584 0.1899202
0.5364935 0.1866285
0.5699774 0.1838636
0.6034614 0.1810986
0.6369453 0.1783337
0.6704773 0.1764912
0.7040285 0.1750136
0.7375853 0.1738491
0.7711632 0.1738491
0.8019565 0.1664475
0.8355346 0.1664475
0.8514801 0.1880285
0.8490533 0.2248311
0.8398831 0.2602646
0.8221309 0.2913839
0.8016629 0.3206592
0.7808779 0.3496608
0.7622522 0.3804208
0.7433337 0.4109626
0.7243108 0.4414266
0.7034441 0.4703614
0.6820984 0.4988989
0.6597454 0.5235715
0.63669 0.5504485
0.6139816 0.5776446
0.5940632 0.6074067
0.5741448 0.6371688
0.5548289 0.6674048
0.5358953 0.6979316
0.5178682 0.7291209
0.5 0.7604105
0.4942244 0.7921203
0.4804811 0.8229632
0.4673335 0.8556145
