0.2719648 0.09521917
0.2848596 0.1145197
0.2993786 0.1310172
0.3135305 0.1481821
0.3269732 0.1666261
0.3393623 0.1865955
0.3512301 0.2073195
0.3633108 0.2277643
0.3754705 0.2481058
0.387561 0.2685308
0.3982869 0.2906054
0.4057002 0.315159
0.4119525 0.3406151
0.4217863 0.3635125
0.426596 0.3898097
0.4331423 0.4152855
0.4425958 0.4384196
0.4512094 0.46242
0.4638512 0.4815377
0.4727101 0.5
0.4854134 0.4808535
0.4971531 0.459969
0.5085211 0.4388437
0.5200251 0.4176652
0.5315245 0.396481
0.543024 0.3752969
0.5545235 0.3541128
0.5664062 0.3334184
0.5785795 0.3130953
0.5907528 0.2927722
0.6029262 0.2724491
0.6148847 0.2518472
0.6266034 0.2309339
0.6383221 0.2100206
0.6500407 0.1891073
0.6618454 0.1683053
0.6739607 0.1479046
0.686076 0.1275041
0.6981183 0.1070069
0.7096668 0.08589724
0.7167569 0.06224328
0.7000529 0.05502814
0.6818169 0.05502814
0.6635809 0.05502814
0.645345 0.05502814
0.627109 0.05502814
0.6088964 0.05583608
0.5907291 0.0582006
0.5725617 0.06056517
0.5544143 0.06325078
0.5362689 0.06596676
0.5181234 0.06868267
0.5 0.0717051
0.482064 0.07483375
0.4639482 0.07796246
0.4457384 0.07941437
0.4275277 0.08084899
0.4094502 0.0844318
0.3913602 0.08787313
0.3732492 0.09106228
0.355173 0.09465188
0.3371125 0.09841949
0.3189705 0.1009607
