0.4592783 0.5059174
0.4492095 0.5
0.4391406 0.4790394
0.4287605 0.4582783
0.4179406 0.437799
0.4071208 0.4173198
0.396301 0.3968405
0.3854811 0.3763612
0.3749224 0.3557185
0.3652264 0.3345355
0.3555305 0.3133526
0.3458346 0.2921696
0.3361386 0.2709867
0.3264427 0.2498037
0.3167467 0.2286208
0.3087084 0.2066301
0.3016724 0.1841511
0.2946364 0.1616721
0.2879307 0.1390779
0.2824836 0.1160448
0.286604 0.09813464
0.3076508 0.09589744
0.3286726 0.09337568
0.3496946 0.09085399
0.3707164 0.08833227
0.3917383 0.08581051
0.4127908 0.0836485
0.4338541 0.08161268
0.4549174 0.07957688
0.4759807 0.07754108
0.497044 0.07550526
0.5 0.07346949
0.5210618 0.0714159
0.5421084 0.06917098
0.5631549 0.06692603
0.5842015 0.06468111
0.6052481 0.06243619
0.6262946 0.06019127
0.6473411 0.05794635
0.6683919 0.05580062
0.6895324 0.05580062
0.7106729 0.05580062
0.7295363 0.05836833
0.7228401 0.08069623
0.7133132 0.1019266
0.7028245 0.1226238
0.692336 0.1433209
0.6818473 0.1640181
0.671602 0.1848691
0.661428 0.2057649
0.6512539 0.2266608
0.6410799 0.2475567
0.6309058 0.2684526
0.6206818 0.2893172
0.6103174 0.3100939
0.5999531 0.3308705
0.5895886 0.3516471
0.5792243 0.3724238
0.5687977 0.3931574
0.557071 0.4129918
0.5453444 0.4328263
0.5336177 0.4526607
0.5218911 0.4724951
0.5092573 0.4916058
