0.6726385 0.4395287
0.6468777 0.4340381
0.6211169 0.4285476
0.5952998 0.4233844
0.5693863 0.4187818
0.5432817 0.4157363
0.5171291 0.413082
0.5 0.4122761
0.4737392 0.4114988
0.4474784 0.4107214
0.4212085 0.4106339
0.3949376 0.4106339
0.3686666 0.4106339
0.3424259 0.4098277
0.3162386 0.4075952
0.2900342 0.405818
0.2637632 0.405818
0.2374923 0.405818
0.2199099 0.4096533
0.2358601 0.4314669
0.2504972 0.454289
0.2690735 0.4740855
0.2868859 0.4946254
0.3035203 0.5091214
0.3183196 0.5322527
0.333119 0.5553841
0.3483846 0.5781668
0.363766 0.6008629
0.37735 0.6248128
0.3907148 0.6489156
0.4037759 0.6732055
0.4167027 0.6975781
0.4298778 0.7217966
0.4433941 0.7458032
0.4570507 0.7697186
0.4709051 0.7935055
0.4847594 0.8172923
0.4982204 0.841329
0.5021243 0.8656366
0.5155857 0.8896695
0.5284819 0.9139487
0.5418469 0.9141854
0.5487401 0.8871709
0.5563105 0.8603857
0.5651463 0.8340203
0.5739822 0.807655
0.5837118 0.7816535
0.5936238 0.7557262
0.6034856 0.7297775
0.6132424 0.7037835
0.6229991 0.6777895
0.6327559 0.6517955
0.6433483 0.6261871
0.6544579 0.6008172
0.6655675 0.5754474
0.6766771 0.5500776
0.6881123 0.5248781
0.7001613 0.5
0.7122103 0.4822812
0.7243679 0.4574638
0.7367307 0.4327612
0.7494432 0.4082613
0.7618986 0.3836116
0.7720566 0.3600679
