0.60616 0.8755084
0.5862646 0.8551911
0.5647964 0.8352438
0.5448981 0.8134627
0.5254402 0.791167
0.5059823 0.7688713
0.5 0.746305
0.4809971 0.7235411
0.4619943 0.7007771
0.4429914 0.678013
0.4239885 0.655249
0.4059288 0.6315832
0.3880075 0.607785
0.3700862 0.5839868
0.3521649 0.5601885
0.3342436 0.5363902
0.3163223 0.512592
0.2982795 0.5
0.2800297 0.4765047
0.2617798 0.4530095
0.24353 0.4295142
0.2255221 0.405828
0.2110534 0.3793478
0.1965846 0.3528676
0.1886855 0.3334642
0.2166532 0.3366969
0.2446588 0.339295
0.2727713 0.3401074
0.3008838 0.3409198
0.3289962 0.3417321
0.3571127 0.3423339
0.3852318 0.3427947
0.4133508 0.3432556
0.4414699 0.3437164
0.469589 0.3441773
0.4977081 0.3446382
0.5126107 0.3452332
0.540704 0.3466354
0.5687972 0.3480377
0.5968904 0.3494399
0.6249835 0.3508421
0.6528489 0.354908
0.6806885 0.3592752
0.7083718 0.3644217
0.7332271 0.376234
0.7443613 0.4029117
0.7410527 0.4335076
0.7366667 0.4640106
0.7300875 0.4940235
0.7232668 0.5128882
0.7159848 0.5426808
0.7053108 0.5712509
0.6946368 0.599821
0.6839629 0.628391
0.6733918 0.657003
0.6644988 0.6862993
0.6556058 0.7155955
0.6467127 0.7448918
0.6378197 0.7741879
0.6291321 0.8035581
0.6204985 0.8329479
0.6118649 0.8623375
0.6020488 0.8912586
