0.5383176 0.9064699
0.5191232 0.8877717
0.5 0.8690157
0.4949556 0.8502063
0.4758978 0.8313969
0.4589521 0.8110477
0.4421249 0.7906121
0.4252977 0.7701764
0.4084464 0.7497567
0.391403 0.7294644
0.3743596 0.7091721
0.3573163 0.6888797
0.3402729 0.6685874
0.3243579 0.6476042
0.3093029 0.6260944
0.294248 0.6045846
0.279193 0.5830748
0.2641381 0.5615649
0.2495808 0.5397921
0.2357018 0.5176606
0.2218227 0.4961326
0.2088262 0.4736175
0.2249191 0.4636277
0.2513299 0.4543455
0.27869 0.4475273
0.3060502 0.4407091
0.3334104 0.4338909
0.3608064 0.4272056
0.3886436 0.4221563
0.4164807 0.4171071
0.4443178 0.4120578
0.4721549 0.4070086
0.4999921 0.4019594
0.5138367 0.3970085
0.5418223 0.3926624
0.5698078 0.3883163
0.5977933 0.3839701
0.6257789 0.379624
0.6537644 0.3752778
0.6817499 0.3709317
0.7100611 0.3699539
0.7319324 0.3757888
0.7312099 0.4011185
0.728073 0.4263287
0.7223548 0.4510959
0.7148008 0.4755479
0.707247 0.5
0.6988578 0.5236283
0.6903218 0.5478213
0.6817857 0.5720143
0.6732497 0.5962074
0.6647136 0.6204004
0.6561775 0.6445934
0.6476415 0.6687864
0.6392098 0.6930085
0.6307904 0.7172341
0.622371 0.7414597
0.6139516 0.7656853
0.6055322 0.7899109
0.5969013 0.8140757
0.5879186 0.8381394
0.578936 0.8622032
0.5699534 0.8862669
