0.5922577 0.8826689
0.5721357 0.8605489
0.5520138 0.8384289
0.5342976 0.8144194
0.5168189 0.7902235
0.5 0.7660276
0.4825158 0.7418355
0.4649757 0.7176825
0.4474356 0.6935295
0.4298955 0.6693766
0.4123555 0.6452236
0.3948284 0.6210616
0.3773731 0.5968492
0.3599178 0.5726369
0.3424625 0.5484246
0.3250072 0.5242123
0.3075519 0.5
0.2917385 0.4977367
0.2769036 0.4718892
0.2620687 0.4460417
0.2472339 0.4201941
0.232399 0.3943467
0.2175641 0.3684992
0.2043685 0.3418218
0.1916071 0.3149249
0.1781856 0.2884826
0.1875234 0.2973968
0.2135381 0.3112962
0.2424077 0.3199383
0.2719462 0.3241596
0.3021232 0.3241596
0.3323003 0.3241596
0.3624774 0.3241596
0.3926545 0.3241596
0.4228316 0.3241596
0.4528486 0.3219441
0.4827223 0.3177465
0.5119362 0.3135489
0.54181 0.3093513
0.5716838 0.3051536
0.6015576 0.300956
0.6314314 0.2967584
0.6614501 0.2939851
0.6915771 0.2922755
0.7217041 0.290566
0.7518311 0.2888564
0.7819732 0.2876648
0.7955032 0.3018658
0.7853839 0.3297615
0.7746812 0.3575132
0.7645897 0.385486
0.7544982 0.4134588
0.7440854 0.441314
0.7331148 0.4689648
0.7221441 0.4966155
0.7111735 0.5012927
0.7015467 0.5294124
0.6923495 0.5576819
0.6831523 0.5859514
0.673955 0.614221
0.6653724 0.6426685
0.6575271 0.6713296
0.6500034 0.7000684
0.6466767 0.7293909
