0.4502712 0.6931296
0.4253483 0.693531
0.4077153 0.6695521
0.3908396 0.6422475
0.3737563 0.6150209
0.3582143 0.5859169
0.3474507 0.5528728
0.3369303 0.5196283
0.3264973 0.4928314
0.316065 0.4595322
0.3053183 0.4264403
0.293734 0.393901
0.2842551 0.3601983
0.276946 0.3252965
0.268335 0.2910056
0.2591695 0.2569849
0.2475851 0.2244456
0.2323776 0.1950511
0.2194661 0.1635656
0.2218186 0.1492805
0.2475666 0.1466419
0.2734121 0.1456598
0.2992741 0.1441476
0.3251013 0.1413573
0.3509284 0.1385671
0.3767431 0.1355583
0.402557 0.1325371
0.428404 0.1302255
0.4542781 0.1284951
0.4801581 0.1269622
0.5 0.1256638
0.5258869 0.1243654
0.5517297 0.1219948
0.5775506 0.1190937
0.6033636 0.1160683
0.6291385 0.1124484
0.6549133 0.1088284
0.6807103 0.1058318
0.7066138 0.1058318
0.7324882 0.1063232
0.7580392 0.112304
0.7828779 0.1216186
0.802981 0.1441353
0.8076222 0.1749792
0.7961472 0.207403
0.7809115 0.2368249
0.7629064 0.2629232
0.74459 0.2886478
0.7258093 0.3136939
0.7067754 0.3383698
0.6889891 0.3648031
0.6713631 0.3914621
0.6560095 0.4207583
0.6405556 0.4499483
0.6242211 0.4781834
0.6079631 0.5
0.5925664 0.529256
0.5771697 0.558512
0.5610862 0.5869374
0.5427697 0.612662
0.5239948 0.6376752
0.5039467 0.6607124
0.4947722 0.6898988
