0.505186 0.8771323
0.4920476 0.847759
0.4727372 0.8213571
0.4589157 0.7908548
0.4437877 0.7612682
0.4246371 0.7345015
0.4061995 0.7072246
0.391859 0.6770153
0.3772866 0.6469554
0.360497 0.6183237
0.3439369 0.5895328
0.3278211 0.5604335
0.3111777 0.531706
0.2940343 0.5033308
0.2771773 0.4758278
0.2609099 0.4468315
0.2442841 0.4181008
0.2261553 0.3904888
0.213204 0.3595249
0.2018676 0.3278169
0.194151 0.2952581
0.2203246 0.2871569
0.2510937 0.2839851
0.2819311 0.2817166
0.3127162 0.2787153
0.343495 0.2756278
0.3743985 0.2755698
0.4053043 0.2755698
0.43621 0.2755698
0.4670967 0.2750753
0.4978895 0.2721629
0.5264879 0.2692505
0.5572951 0.2667075
0.5882009 0.2667075
0.6191067 0.2667075
0.6500125 0.2667075
0.6809049 0.2676257
0.7117946 0.2687253
0.7426788 0.2699588
0.7735313 0.2719614
0.8043164 0.2749003
0.8147912 0.2987011
0.8018944 0.3280553
0.783903 0.3556705
0.7674164 0.3845154
0.7510363 0.4134345
0.7339967 0.4418837
0.7168533 0.4702589
0.7017323 0.5
0.6866316 0.5286794
0.6694569 0.5569017
0.6502736 0.5836399
0.6310902 0.610378
0.614534 0.6391382
0.5983039 0.6681461
0.5782626 0.6941066
0.5582212 0.7200671
0.5381798 0.7460276
0.5190446 0.7728062
0.5 0.7996647
0.4861221 0.8284727
0.4705016 0.8574165
0.4583826 0.8884668
