0.5002842 0.8053598
0.481747 0.7811329
0.4567833 0.7569059
0.4329805 0.7301797
0.4101268 0.7016422
0.39087 0.6673801
0.3708375 0.6342135
0.3499144 0.6023047
0.3297513 0.5693226
0.3104945 0.5350605
0.2918698 0.5
0.2733337 0.4786541
0.2543908 0.4439875
0.2355415 0.409216
0.2195406 0.3712571
0.2038128 0.3330362
0.1881254 0.2947798
0.1717119 0.2572328
0.1833502 0.2327964
0.2125303 0.2253159
0.241666 0.2174712
0.2710072 0.2116346
0.300357 0.2059379
0.3299012 0.2034348
0.3594454 0.2009317
0.3889895 0.1984285
0.4183719 0.193228
0.4477234 0.1875136
0.477075 0.1817992
0.5 0.1760848
0.5294672 0.1722397
0.5590016 0.1694821
0.5885361 0.1667244
0.6180705 0.1639667
0.6476061 0.1612385
0.6771448 0.1585887
0.7066835 0.1559387
0.7362221 0.1532889
0.7657608 0.150639
0.7953371 0.1499383
0.8249268 0.1499383
0.849777 0.1427102
0.8368056 0.1653655
0.8173819 0.199405
0.7969509 0.2320471
0.77652 0.2646892
0.7555895 0.2965508
0.7336948 0.3269058
0.7118002 0.3572607
0.6912674 0.3896971
0.6713159 0.4230219
0.6513644 0.4563467
0.6313727 0.4896154
0.6113782 0.5090528
0.5914019 0.5423425
0.5718247 0.5761796
0.5522068 0.6099584
0.5312836 0.6418672
0.5103605 0.673776
0.495887 0.7057178
0.4763798 0.7396483
0.4565853 0.7731901
0.4297607 0.790836
0.4042281 0.8133746
