0.5588603 0.7454948
0.5411449 0.7202448
0.5212488 0.6968631
0.5013526 0.6734814
0.48616 0.6500997
0.4681136 0.6252165
0.4519047 0.5988417
0.4356958 0.5724669
0.4194869 0.5460921
0.403278 0.5197173
0.3872117 0.4979824
0.3711991 0.4714738
0.3551865 0.4449652
0.3391739 0.4184567
0.3231612 0.3919481
0.3071217 0.3654585
0.2900659 0.3396881
0.2730102 0.3139176
0.2559544 0.2881472
0.2388987 0.2623767
0.2218429 0.2366063
0.2049682 0.210705
0.1884704 0.1845313
0.1719727 0.1583576
0.1745088 0.1567276
0.2035759 0.1625234
0.2333176 0.1625234
0.2630593 0.1625234
0.2928011 0.1625234
0.3225428 0.1625234
0.3521621 0.1601338
0.3817297 0.1567345
0.4112973 0.1533354
0.4408649 0.1499362
0.4704324 0.1465369
0.5 0.1431378
0.5248687 0.1397845
0.5544451 0.1364723
0.5840215 0.1331601
0.6135979 0.1298479
0.6431743 0.1265356
0.6727507 0.1232234
0.7024634 0.1226433
0.7322052 0.1226433
0.7619469 0.1226433
0.7907782 0.1271805
0.7948579 0.1523672
0.7815569 0.180503
0.768256 0.2086389
0.7560544 0.2373096
0.7445129 0.2663013
0.7329714 0.2952931
0.7229102 0.3248885
0.7130631 0.3545712
0.703216 0.3842539
0.6933689 0.4139365
0.6850834 0.4441389
0.677089 0.474438
0.6690944 0.5
0.6600515 0.5299641
0.6508439 0.5598755
0.6416363 0.5897869
0.6350889 0.6204471
0.6283184 0.6510416
