0.5 0.5
0.4889729 0.478217
0.477245 0.4566122
0.4685099 0.4322346
0.4575947 0.4096886
0.4462214 0.3875322
0.4337816 0.3665196
0.4213418 0.3455071
0.408902 0.3244946
0.3973388 0.3025369
0.3859027 0.2804418
0.3745108 0.2583025
0.363158 0.2361243
0.3516629 0.2140894
0.3401122 0.1921109
0.3264061 0.1728282
0.3120654 0.1543323
0.2990887 0.1339616
0.2854686 0.1144378
0.2728449 0.09548095
0.2834291 0.07736108
0.3021902 0.07215574
0.3216032 0.06914598
0.3410961 0.06745216
0.3605786 0.06560561
0.3799601 0.06222501
0.3993417 0.05884451
0.4187232 0.05546391
0.4382161 0.05457824
0.4577484 0.05457824
0.4772808 0.05457824
0.4968131 0.05457824
0.5158627 0.05457824
0.5353951 0.05457824
0.5549275 0.05457824
0.5742282 0.05826876
0.5934634 0.06300533
0.6129836 0.06319937
0.6325159 0.06319937
0.6520483 0.06319937
0.6715807 0.06319937
0.6908595 0.06032568
0.7091448 0.05457824
0.7177837 0.06616798
0.7085398 0.0901657
0.6988491 0.1138296
0.6876132 0.1359978
0.6771827 0.1588282
0.6676911 0.1823423
0.6549603 0.2026355
0.6417534 0.2226523
0.6300609 0.2444457
0.6200498 0.2678335
0.6092153 0.290511
0.5979871 0.3128093
0.5845386 0.3325106
0.5706295 0.3510715
0.5625377 0.3758521
0.5483643 0.3934494
0.5389026 0.4172066
0.5273876 0.4380577
0.5177174 0.4611697
0.5073467 0.4836122
