0.4956749 0.7653148
0.4763225 0.7358927
0.4552098 0.7094482
0.4342843 0.6826593
0.4134601 0.6556842
0.3922926 0.6293429
0.3711211 0.6030089
0.3517918 0.5735479
0.3325028 0.5440186
0.3119791 0.5165508
0.2910916 0.5
0.270204 0.4731398
0.2511628 0.4434247
0.23341 0.4117176
0.2167534 0.3786643
0.2002611 0.3454018
0.1845002 0.3114858
0.1766433 0.271972
0.1756368 0.2324395
0.2008635 0.2188673
0.2271052 0.2077432
0.2535108 0.1974763
0.28026 0.1892872
0.3071354 0.1821318
0.3340108 0.1749765
0.3610866 0.1700913
0.3882385 0.1660687
0.4153905 0.1620462
0.4423744 0.1560677
0.469282 0.1492023
0.4961897 0.1423368
0.5088545 0.1360008
0.5360729 0.1332229
0.5632913 0.130445
0.5905097 0.1276672
0.6177281 0.1248893
0.6449809 0.1231903
0.6722465 0.1218859
0.6995119 0.1205815
0.7267855 0.1200736
0.7540643 0.1200736
0.7810179 0.1244457
0.8073498 0.1349993
0.8250476 0.160791
0.8133359 0.1920649
0.7958711 0.2241321
0.7781183 0.2558392
0.7616342 0.2891044
0.7452669 0.322513
0.7273585 0.3540093
0.7093953 0.3854375
0.6933137 0.4191457
0.6774582 0.4531279
0.6618753 0.4873981
0.6467438 0.5118358
0.6317139 0.5466847
0.6169626 0.581813
0.5992869 0.6133328
0.5813069 0.6445746
0.5649351 0.6778967
0.5446589 0.7058333
0.5231985 0.7315648
0.5 0.7534477
0.4903557 0.7734581
