0.4658296 0.880488
0.4859429 0.8538109
0.5032318 0.8304175
0.5263633 0.8123825
0.5494478 0.7940968
0.5722039 0.7746103
0.5958483 0.7585886
0.6196236 0.7430767
0.6429021 0.7255017
0.6657861 0.7066014
0.6876025 0.6841832
0.7101279 0.6639773
0.7293079 0.6359313
0.7469248 0.6049393
0.7633801 0.571831
0.7778488 0.5362631
0.7914233 0.5
0.8021907 0.4664921
0.8132257 0.42804
0.8217011 0.3918361
0.8189065 0.3583342
0.7945404 0.3467886
0.7695574 0.3385533
0.7445511 0.3305233
0.7195448 0.3224933
0.6948006 0.312409
0.6701183 0.301841
0.6456072 0.2901861
0.6211741 0.2780375
0.5967409 0.2658888
0.5715612 0.2599382
0.5463156 0.2545336
0.52107 0.249129
0.5 0.2437244
0.4746216 0.2410245
0.4492036 0.2391317
0.4237665 0.2387449
0.3983355 0.2381007
0.3729374 0.2355419
0.3475045 0.2350078
0.3222694 0.2385879
0.2970675 0.2423486
0.2719896 0.2494107
0.2472213 0.2587522
0.2220298 0.264735
0.1977818 0.277835
0.1756099 0.2895842
0.1923666 0.3201865
0.2093521 0.3525908
0.2267832 0.3842762
0.2430708 0.41775
0.2575057 0.4536286
0.2715702 0.4899238
0.2849043 0.5222467
0.2982384 0.5593562
0.3101935 0.5977794
0.3215715 0.6367524
0.3353928 0.6732477
0.3488836 0.7101195
0.3626257 0.7465297
0.3744729 0.7840797
0.3813573 0.8246226
0.3980616 0.8542226
