0.4518816 0.743248
0.4317837 0.7152128
0.412843 0.6857034
0.3944197 0.6555133
0.376476 0.6247709
0.3583877 0.5941995
0.3396712 0.5643616
0.321055 0.5344239
0.3069533 0.5
0.2922593 0.4778813
0.2758684 0.4454903
0.2594774 0.4130994
0.2453383 0.3787088
0.2304979 0.344975
0.213048 0.3136789
0.199338 0.2789635
0.1867532 0.2439708
0.1820805 0.2048625
0.1878823 0.1729091
0.2154638 0.166691
0.2438278 0.1642863
0.2722212 0.162486
0.3006179 0.1607961
0.3290237 0.1594297
0.3574296 0.1580634
0.3858327 0.1566127
0.4142034 0.1542142
0.4425741 0.1518157
0.4709448 0.1494172
0.499294 0.1466011
0.510333 0.1433086
0.5386576 0.140016
0.5669822 0.1367235
0.5953068 0.1334309
0.6236469 0.1304933
0.6520487 0.1289696
0.6804505 0.1274458
0.7088597 0.1264643
0.7372825 0.1264643
0.7657053 0.1264643
0.7920495 0.1369323
0.8120592 0.1638232
0.8289441 0.1953764
0.8323718 0.23441
0.8292148 0.2728883
0.8130602 0.3051248
0.7929623 0.33316
0.7728643 0.3611952
0.7527664 0.3892304
0.7326685 0.4172656
0.7111604 0.443158
0.6894195 0.4686965
0.6676332 0.4941586
0.6455739 0.507381
0.6235146 0.5323826
0.6017767 0.5579249
0.5801719 0.5836636
0.5619761 0.6141218
0.5426645 0.6430353
0.520967 0.6686455
0.5 0.6953632
0.4971876 0.7233984
0.4783545 0.75288
0.4612045 0.7822621
