0.5 0.5
0.4892687 0.4769629
0.4806196 0.4513891
0.470786 0.4267167
0.4607051 0.4022708
0.4508912 0.3775771
0.4403547 0.35363
0.4288006 0.3307304
0.4178615 0.3071649
0.4072744 0.2832165
0.3963056 0.2596651
0.384919 0.2366022
0.3726672 0.2145516
0.3604787 0.1924216
0.348511 0.1700154
0.3365432 0.1476091
0.3227893 0.1277202
0.3090481 0.1078106
0.2968715 0.08566448
0.2826684 0.06665155
0.278749 0.05582893
0.2972751 0.06209654
0.3161384 0.06575039
0.3351327 0.06726557
0.3541391 0.06808752
0.3731597 0.06808752
0.3921803 0.06808752
0.4112009 0.06808752
0.4302215 0.06808752
0.4492421 0.06808752
0.4682627 0.06808752
0.4872833 0.06808752
0.5059231 0.06808752
0.5248834 0.06680059
0.5437355 0.06320709
0.5627561 0.06320709
0.581432 0.06099355
0.5998626 0.0540469
0.618819 0.05344635
0.6378396 0.05344635
0.6568601 0.05344635
0.6758807 0.05344635
0.6949014 0.05344635
0.713922 0.05344635
0.7249219 0.0682424
0.7123345 0.08976007
0.7003546 0.1119705
0.6872047 0.1327273
0.6737552 0.1531117
0.6603056 0.1734959
0.6484535 0.1959802
0.6348939 0.2160932
0.6227255 0.2377734
0.6100774 0.257386
0.5979911 0.2774588
0.5864196 0.3001193
0.5755519 0.3234
0.5633506 0.3450467
0.5526197 0.3686259
0.5396454 0.3884323
0.5287863 0.4118708
0.515564 0.4321463
0.5046906 0.455345
0.4935602 0.473158
