0.5325544 0.5
0.5213192 0.4759626
0.5093195 0.452181
0.4967899 0.4303536
0.4831921 0.409765
0.4700251 0.3881984
0.4568582 0.3666318
0.4436913 0.3450652
0.4305245 0.3234986
0.4176183 0.3014027
0.4052979 0.278118
0.3929775 0.2548333
0.380657 0.2315486
0.3678842 0.2091953
0.3545566 0.1879842
0.341229 0.1667731
0.3279821 0.1453834
0.3148152 0.1238167
0.3016801 0.102182
0.2887291 0.08015326
0.2761259 0.05743182
0.2763827 0.05292016
0.2915899 0.06779438
0.3087765 0.07320791
0.3260473 0.07753074
0.3433365 0.08161515
0.3607128 0.08398044
0.3780979 0.08617085
0.3954831 0.08836126
0.4128813 0.08980533
0.430305 0.08980533
0.4477288 0.08980533
0.4651525 0.08980533
0.4825763 0.08980533
0.5 0.08980533
0.5169427 0.08980533
0.5343665 0.08980533
0.5517901 0.08980533
0.5692139 0.08980533
0.5866376 0.08980533
0.6040614 0.08980533
0.6214851 0.08980533
0.6389089 0.08980533
0.6563326 0.08980533
0.6737564 0.08980533
0.6898996 0.1016424
0.7070499 0.105839
0.7227247 0.1154855
0.7150105 0.1441658
0.7045887 0.170519
0.6926071 0.1943476
0.6811832 0.219102
0.6696197 0.2435986
0.6584349 0.2685394
0.646045 0.2914644
0.6342438 0.3156275
0.6219234 0.3389121
0.6096029 0.3621969
0.5968386 0.3842092
0.5840961 0.404062
0.5734137 0.4299929
0.5594463 0.449176
0.547126 0.4724608
