0.4620193 0.8565246
0.4512163 0.8321991
0.4381978 0.8093755
0.4238528 0.7874957
0.4100679 0.7651837
0.3970054 0.7423064
0.3828543 0.7203096
0.3678692 0.6989938
0.3563021 0.675118
0.3427783 0.6527076
0.3279285 0.6313033
0.3178056 0.6066098
0.3071995 0.5821881
0.2957471 0.5582422
0.2877968 0.5327694
0.2835397 0.5060315
0.2800945 0.4905116
0.2769192 0.463704
0.2715668 0.4376678
0.2687242 0.4108651
0.2809498 0.3974328
0.3051059 0.3974328
0.329262 0.3974328
0.3531939 0.4004816
0.376883 0.4056556
0.4001579 0.4129347
0.423441 0.4201782
0.4468759 0.4267744
0.4703107 0.4333706
0.4937889 0.4397436
0.5009146 0.4447556
0.524657 0.4497677
0.5483993 0.4547797
0.5720465 0.4602822
0.5954813 0.4668784
0.6189162 0.4734746
0.6419976 0.481479
0.6650324 0.4896688
0.687297 0.5
0.7089028 0.500799
0.731561 0.5102074
0.7522944 0.5235956
0.7674145 0.5435418
0.7801699 0.5647975
0.7797294 0.5913982
0.7636762 0.6106289
0.7444884 0.6271202
0.7251489 0.6433517
0.7053397 0.658884
0.6864769 0.6758736
0.6667148 0.6914784
0.6466598 0.7066313
0.628013 0.7239204
0.6093662 0.7412096
0.5904218 0.7580726
0.571097 0.7743906
0.5532838 0.792671
0.5360633 0.8117372
0.5181893 0.8300317
0.5006534 0.8487256
0.5 0.8677154
0.4809323 0.8844125
0.4603211 0.8984805
0.4421213 0.9141314
