0.4570522 0.8156846
0.4353825 0.794278
0.4175035 0.7674705
0.3999928 0.7400621
0.3810495 0.7142592
0.3650567 0.685115
0.3491377 0.6559004
0.3333334 0.6265762
0.318098 0.596769
0.3046076 0.5654804
0.2911173 0.5341917
0.2776269 0.5029032
0.2641365 0.4888295
0.2517158 0.456907
0.2429906 0.4227892
0.2308306 0.390557
0.2183233 0.3586091
0.2077449 0.3266309
0.202732 0.2913002
0.2282722 0.2891126
0.2554262 0.2875566
0.282564 0.2853087
0.3097207 0.2835338
0.3368858 0.2819685
0.3640509 0.2804031
0.391237 0.2801244
0.4184278 0.2801244
0.4456185 0.2801244
0.4728093 0.2801244
0.5 0.2801244
0.5247998 0.2801244
0.5519906 0.2801244
0.579173 0.2808804
0.6063519 0.2819398
0.6335309 0.2829993
0.6607099 0.2840587
0.6876194 0.2881194
0.7142268 0.2955434
0.7408596 0.3027336
0.7679703 0.3054975
0.7946712 0.3112881
0.8160889 0.330336
0.8208824 0.3640724
0.8172851 0.3984366
0.799373 0.4254781
0.7801447 0.4509576
0.7602195 0.4754788
0.7402943 0.5
0.7189364 0.5049621
0.6966997 0.525701
0.674463 0.5464399
0.6522262 0.5671787
0.6308806 0.5894207
0.6104175 0.6131511
0.5899544 0.6368814
0.5720923 0.6639768
0.5546852 0.691661
0.5372781 0.7193452
0.5198711 0.7470293
0.5102143 0.7806186
0.5012657 0.8146443
0.4950581 0.8488317
0.4875171 0.8834507
