0.520367 0.5
0.5110449 0.4776991
0.5 0.4563987
0.49477 0.4363689
0.4821932 0.4163391
0.4692777 0.3966442
0.4562293 0.3770838
0.4429971 0.3577129
0.4301603 0.3379516
0.4178692 0.3176517
0.405578 0.2973517
0.3918161 0.2786318
0.3773308 0.2606891
0.3656076 0.2399004
0.3540021 0.2189904
0.3416683 0.1987368
0.329155 0.1786481
0.3154511 0.1597871
0.3028022 0.1398869
0.2908484 0.1192904
0.2780513 0.09947586
0.2751585 0.08690035
0.2956438 0.08690035
0.3161291 0.08690035
0.3366144 0.08690035
0.3570997 0.08690035
0.3775849 0.08690035
0.3980245 0.08601931
0.4183413 0.08277202
0.4386582 0.07952482
0.4589749 0.07627755
0.4792478 0.07263759
0.4995118 0.06891891
0.5124292 0.0652003
0.5324993 0.06015417
0.5525444 0.05492437
0.5729082 0.05340588
0.5933935 0.05340588
0.6138305 0.05448437
0.6340844 0.05813178
0.6539299 0.06415844
0.6735101 0.0709047
0.6939207 0.07294428
0.714406 0.07294428
0.7124397 0.09337935
0.7019742 0.1142877
0.6895763 0.1340941
0.6786786 0.155431
0.6702542 0.1785533
0.6566325 0.1972309
0.6460759 0.218681
0.6323876 0.2374331
0.6195818 0.2570814
0.6071825 0.2770417
0.5962122 0.2984417
0.5864159 0.3205853
0.5759113 0.341879
0.5653718 0.3633466
0.5564207 0.3847423
0.5443774 0.402402
0.5358124 0.4250437
0.5247686 0.4458969
0.513234 0.4655621
