0.5783308 0.5
0.5642843 0.4816114
0.5491987 0.4638119
0.5347466 0.4451527
0.5213153 0.4251302
0.5062497 0.4073887
0.4915788 0.3906536
0.4757922 0.3739185
0.4600144 0.3571699
0.4457191 0.3382272
0.4314237 0.3192843
0.4171281 0.3003415
0.4031261 0.281024
0.3893696 0.2613931
0.375613 0.2417621
0.3625026 0.2213778
0.34956 0.2007978
0.3358806 0.1811095
0.3215852 0.1621667
0.3083323 0.1419447
0.2951753 0.1216048
0.2813324 0.1022051
0.265195 0.08610544
0.261987 0.06642053
0.2797254 0.06028444
0.2999423 0.06028444
0.320159 0.06028444
0.3403759 0.06028444
0.3605926 0.06028444
0.3808095 0.06028444
0.4008991 0.06176329
0.4205983 0.06778714
0.4404654 0.07185578
0.4606822 0.07185578
0.4808991 0.07185578
0.5 0.07185578
0.5202168 0.07185578
0.5404337 0.07185578
0.5606505 0.07185578
0.5808674 0.07185578
0.6010841 0.07185578
0.6213009 0.07185578
0.6415177 0.07185578
0.6617346 0.07185578
0.6819514 0.07185578
0.7005869 0.0739513
0.6888053 0.09527305
0.6811663 0.1195253
0.6707518 0.1412777
0.6606407 0.1633598
0.6513675 0.186691
0.6456431 0.2121676
0.6375823 0.2363428
0.6295865 0.259183
0.624177 0.2849619
0.6202122 0.3112309
0.6181927 0.3376805
0.6132611 0.3634093
0.6027125 0.3859663
0.5979217 0.4105496
0.5899742 0.4291674
0.5870633 0.4520994
0.5812417 0.4741209
0.57542 0.4961424
