0.5486072 0.7648187
0.5208901 0.7508248
0.5 0.7314276
0.4753107 0.7114266
0.4512168 0.6904963
0.4272248 0.6694338
0.4057774 0.6450698
0.3843299 0.6207058
0.3637912 0.5953898
0.3441472 0.5691366
0.3245032 0.5428833
0.3062478 0.515393
0.2884892 0.4883964
0.2715826 0.4598255
0.2559773 0.4302798
0.240372 0.4007341
0.2241308 0.3716348
0.2098556 0.3413202
0.197145 0.3100357
0.1844345 0.2787511
0.1725093 0.2470825
0.163876 0.2150092
0.1912232 0.2136051
0.2215544 0.2136051
0.2518554 0.2142951
0.2820362 0.2177236
0.3122241 0.2210526
0.3424924 0.223271
0.3727608 0.2254893
0.4030291 0.2277077
0.4333106 0.2296781
0.4635952 0.2315894
0.4938798 0.2335007
0.5200092 0.2354198
0.5502081 0.2386359
0.580407 0.2418521
0.6106058 0.2450682
0.6408389 0.2478142
0.671093 0.2502691
0.7013472 0.252724
0.7316133 0.2549778
0.7618855 0.257127
0.7899888 0.2698923
0.8172156 0.2801262
0.8164089 0.3144334
0.8068173 0.3471211
0.7924935 0.3772998
0.7770612 0.4069259
0.7644507 0.4382626
0.7518402 0.4695994
0.7392297 0.5
0.7263534 0.5311766
0.7105828 0.5606088
0.6948122 0.590041
0.6783903 0.6189672
0.6599655 0.6463375
0.6415408 0.6737078
0.6267705 0.7037979
0.6120403 0.7339178
0.5955962 0.7628505
0.5787714 0.7915195
0.5594069 0.8180174
0.5398936 0.8443943
0.5198277 0.870163
