0.552274 0.8655541
0.5243758 0.8508283
0.5 0.8302909
0.4780749 0.8116632
0.4529933 0.7921408
0.4286371 0.7715709
0.4068979 0.7480359
0.3862263 0.7234089
0.3672088 0.6973095
0.3492467 0.6704013
0.3316336 0.6432258
0.3148825 0.6154593
0.2985354 0.5874161
0.2821882 0.5593728
0.2711602 0.5286155
0.2575978 0.5
0.2430746 0.4708811
0.228933 0.4418123
0.2210209 0.4099797
0.2105074 0.3789854
0.2019432 0.3474023
0.1983365 0.3211549
0.2289343 0.3155082
0.2586776 0.3055925
0.2891685 0.300124
0.3203274 0.2986289
0.351495 0.297371
0.3826699 0.2963094
0.4138447 0.2952477
0.4449886 0.2934811
0.4761225 0.2914891
0.5034802 0.2894971
0.5346167 0.2875509
0.5657539 0.2856174
0.5968912 0.2836838
0.6280285 0.2817501
0.6591657 0.2798166
0.690303 0.277883
0.7214756 0.2772214
0.7526667 0.2772214
0.7838578 0.2772214
0.8103637 0.2866923
0.7983792 0.314371
0.7797048 0.3406308
0.7611712 0.3671026
0.7434516 0.3941743
0.7279765 0.4227636
0.7117577 0.4508836
0.6952255 0.4788058
0.6785697 0.5056342
0.6619139 0.5334744
0.6479271 0.5629035
0.6345484 0.5926362
0.6221117 0.6228334
0.6103919 0.6532735
0.6038564 0.6854704
0.5959275 0.7173094
0.5841149 0.747721
0.5736932 0.7787145
0.5589055 0.8077066
0.5422543 0.8355168
0.5260033 0.8635849
0.510317 0.8920132
