0.3746784 0.8646846
0.357149 0.8371976
0.3410631 0.8046312
0.3292248 0.767507
0.318004 0.7298678
0.3061512 0.6926963
0.2967121 0.6539922
0.288731 0.6143622
0.2796625 0.5753962
0.2684545 0.5377361
0.2573519 0.5
0.2464588 0.470163
0.2369445 0.4313741
0.2263716 0.3933174
0.2145188 0.3561459
0.2055095 0.3171709
0.1988207 0.2822281
0.2012388 0.2596237
0.2271184 0.2519819
0.253592 0.2500051
0.2800655 0.2480283
0.3063056 0.2422
0.3325428 0.2363227
0.3588722 0.2317051
0.3852762 0.2281049
0.4116801 0.2245046
0.4381533 0.2225949
0.4646339 0.2208648
0.4911178 0.21939
0.5075207 0.21939
0.5340242 0.21939
0.5605277 0.21939
0.5870313 0.21939
0.6135349 0.21939
0.6400384 0.21939
0.666542 0.21939
0.6930455 0.21939
0.7195491 0.21939
0.7460526 0.21939
0.7725459 0.2198094
0.7989714 0.2229968
0.8236686 0.2359685
0.8420601 0.2573848
0.8365047 0.2966304
0.8205744 0.3293833
0.8018336 0.3587699
0.7830927 0.3881566
0.7643518 0.4175432
0.7450025 0.4458994
0.7248795 0.4729456
0.7047565 0.4999919
0.6848204 0.5193209
0.6653988 0.5475998
0.6460763 0.5760347
0.6279925 0.6064166
0.6099086 0.6367985
0.5897208 0.6635511
0.5687134 0.68889
0.5489375 0.716527
0.5294003 0.7446095
0.5106353 0.7739565
0.5 0.7996142
0.4790919 0.8249502
0.4567934 0.8456089
