0.5 0.7610275
0.4764657 0.742403
0.4518988 0.7197892
0.433954 0.6880658
0.4153735 0.6567176
0.3973862 0.6248408
0.3815963 0.5908941
0.3619201 0.5608444
0.3416742 0.5313423
0.3230607 0.5
0.3046404 0.4810294
0.2865638 0.4491418
0.2684872 0.4172542
0.2493071 0.3865212
0.2313542 0.3546314
0.2155643 0.3206847
0.1970877 0.2892394
0.1822839 0.2548511
0.1724787 0.217387
0.1621566 0.1802553
0.1600526 0.1440225
0.1898284 0.1411531
0.2198485 0.1381566
0.2498405 0.1343775
0.2799311 0.1333451
0.3100588 0.1333451
0.3401865 0.1333451
0.3703078 0.1338633
0.4004193 0.1351695
0.4305308 0.1364757
0.4606424 0.1377818
0.4907539 0.139088
0.5197432 0.1403942
0.5498514 0.1418205
0.579955 0.1434137
0.6100587 0.1450068
0.6401623 0.1465999
0.670266 0.148193
0.7003696 0.1497861
0.7304732 0.1513792
0.7605768 0.1529723
0.7906805 0.1545654
0.8207842 0.1561585
0.8382202 0.173548
0.8256731 0.2094888
0.8109671 0.2442674
0.7963982 0.2791433
0.7829247 0.3147947
0.7684278 0.3497029
0.7529272 0.3838821
0.7378735 0.4183859
0.7244 0.4540373
0.7109265 0.4896887
0.6955347 0.5112993
0.6788229 0.5444644
0.6619714 0.5775
0.6440997 0.6095891
0.6262279 0.6416782
0.6069528 0.6722908
0.5873411 0.7025484
0.5660375 0.7307333
0.543973 0.75769
0.5187495 0.7794667
0.4940986 0.8000669
