0.4393216 0.4660027
0.4280426 0.4462471
0.4176298 0.425168
0.405605 0.4051689
0.3966371 0.3833046
0.38756 0.3614776
0.3777533 0.3400568
0.3679569 0.3186413
0.3594176 0.296549
0.351544 0.274158
0.3438268 0.2516969
0.3375501 0.2287338
0.3309093 0.2059559
0.321825 0.1841324
0.3167165 0.160801
0.3093899 0.1382893
0.3012494 0.1160203
0.2941509 0.09334722
0.3002487 0.07825008
0.3217255 0.07535046
0.3433198 0.07349238
0.3649977 0.07349238
0.3865539 0.07146078
0.4080417 0.06828412
0.4295293 0.06510743
0.4511307 0.06342432
0.4727947 0.06256649
0.4944587 0.06170866
0.5033159 0.0599921
0.5249299 0.05814871
0.5465624 0.05684039
0.5682403 0.05684039
0.5899181 0.05684039
0.6115832 0.05624694
0.6332365 0.05510366
0.6549006 0.05446157
0.6765785 0.05446157
0.6982563 0.05446157
0.7199343 0.05446157
0.7269262 0.07213837
0.7235346 0.09528643
0.713748 0.1167179
0.7003316 0.1355647
0.6883069 0.1555637
0.6754753 0.1749297
0.6659647 0.1964341
0.6535584 0.2160534
0.6418679 0.2362828
0.6320544 0.2577071
0.61962 0.277328
0.6066133 0.2965566
0.5944012 0.3163641
0.5823963 0.3363225
0.571915 0.3571701
0.5595049 0.3767307
0.5458074 0.3953564
0.5309927 0.4125954
0.5164654 0.4292433
0.5018569 0.446514
0.5 0.4626074
0.4843768 0.475469
0.4767363 0.49484
0.4607765 0.5
0.4521946 0.4802761
