0.449963 0.5
0.4403566 0.4780429
0.4339368 0.4540401
0.427672 0.4299748
0.421523 0.4058698
0.4159179 0.3815782
0.4103128 0.3572866
0.4025983 0.3338307
0.3946867 0.3104529
0.3852383 0.2879115
0.3753537 0.2656074
0.3663147 0.242843
0.3584031 0.2194652
0.3495247 0.1966641
0.338312 0.1752555
0.3270992 0.1538469
0.3168262 0.1317962
0.3055936 0.1104998
0.2938065 0.08974937
0.2857817 0.06827357
0.3066114 0.07354924
0.3277031 0.07657504
0.3489648 0.07813209
0.3702563 0.07894391
0.3915479 0.07975563
0.4128394 0.08056745
0.4341308 0.07984862
0.4554223 0.0790368
0.4767138 0.07822499
0.4979865 0.07690573
0.5109695 0.07550904
0.5322391 0.07411242
0.5534495 0.07203084
0.5745164 0.06829581
0.5955834 0.06456074
0.6166503 0.06082571
0.6377786 0.05785042
0.6590627 0.05680218
0.680347 0.05575398
0.7015911 0.05391014
0.7228692 0.05315411
0.7243407 0.06999967
0.7120432 0.09055728
0.7007585 0.1119128
0.6895939 0.1333565
0.6783134 0.1547149
0.6669379 0.1760032
0.6549419 0.196769
0.6416343 0.2164302
0.6292197 0.2368342
0.618055 0.2582779
0.6066446 0.2795397
0.5945405 0.3002451
0.5827979 0.3211735
0.5728325 0.3433819
0.5608782 0.3642021
0.5502819 0.3857232
0.536746 0.4051059
0.5209543 0.4218534
0.5062081 0.4385357
0.5 0.4554512
0.4857588 0.4726689
0.472496 0.4918829
