0.5103379 0.5
0.5 0.4817294
0.4997593 0.4611186
0.4899928 0.4408573
0.4817848 0.4200082
0.4705446 0.4004935
0.4597587 0.3807839
0.4516806 0.3598916
0.4422167 0.3395295
0.4319349 0.3194803
0.4215748 0.2994663
0.4108338 0.2796237
0.4000927 0.2597809
0.3893709 0.2399297
0.379214 0.2198263
0.36867 0.1999336
0.3545434 0.1819919
0.3426987 0.1628418
0.3330719 0.1425171
0.3210648 0.1235005
0.3062361 0.1060507
0.292153 0.08827603
0.2802242 0.06942827
0.2795377 0.06254393
0.3003183 0.07212839
0.3231037 0.07914373
0.3470128 0.07976261
0.3710307 0.07976261
0.3950486 0.07976261
0.4190665 0.07976261
0.443031 0.07833359
0.466992 0.07680723
0.490953 0.07528085
0.5063254 0.0733887
0.530224 0.07118115
0.5541176 0.06892836
0.5779886 0.06647852
0.6018056 0.0637762
0.6248993 0.05768165
0.6482638 0.05281296
0.6721748 0.0512279
0.6961927 0.0512279
0.7197548 0.05382204
0.7156426 0.07184589
0.7019475 0.08895999
0.6904082 0.1084082
0.6802999 0.1285015
0.6670331 0.1469144
0.6547899 0.1659827
0.6406354 0.183886
0.6282244 0.2028315
0.616428 0.2221557
0.6070243 0.2424552
0.5992935 0.2634555
0.5889573 0.2834219
0.5786289 0.3033919
0.5716652 0.3244495
0.560006 0.3438385
0.5489179 0.3633279
0.5412304 0.3837525
0.5356136 0.4044418
0.5243799 0.419943
0.5187632 0.4399788
0.5159548 0.461089
