0.4768074 0.4818742
0.4649677 0.460331
0.4533122 0.4364206
0.439912 0.4153499
0.4276615 0.3923484
0.4164615 0.3675828
0.4055225 0.3424593
0.3947653 0.3170869
0.3833819 0.292675
0.3707043 0.2702488
0.3584749 0.2471547
0.3481356 0.2212442
0.3377964 0.1953336
0.3275054 0.1693667
0.3181089 0.1423559
0.3087125 0.1153452
0.2982988 0.08955914
0.2867688 0.06551158
0.2812009 0.05381399
0.2979218 0.06523365
0.3158275 0.06544623
0.3336443 0.06744793
0.3512249 0.07366779
0.3688102 0.07980582
0.3867391 0.07980582
0.404668 0.07980582
0.4225969 0.07980582
0.4405258 0.07980582
0.4584546 0.07980582
0.4763835 0.07980582
0.4943123 0.07980582
0.5105047 0.07980582
0.5284334 0.07980582
0.5463623 0.07980582
0.5642911 0.07980582
0.58222 0.07980582
0.6001486 0.07980582
0.6180775 0.07980582
0.6360063 0.07980582
0.6539351 0.07980582
0.6718639 0.07980582
0.6897926 0.07980582
0.7077215 0.07980582
0.7256503 0.07980582
0.720256 0.0967496
0.7101819 0.1220813
0.6981664 0.144824
0.6869574 0.1692788
0.6740622 0.1912124
0.659526 0.2092251
0.6474549 0.2323101
0.6340002 0.2530692
0.6201489 0.2731014
0.6109141 0.2970591
0.5972738 0.3155701
0.5869474 0.3414063
0.5746127 0.3643864
0.563248 0.3889054
0.5528271 0.4147134
0.539695 0.4360699
0.5255626 0.4555707
0.5126777 0.4775738
0.5 0.5
