0.4621504 0.8829857
0.4698911 0.8551631
0.4826593 0.8300016
0.4966183 0.8064131
0.5 0.783978
0.5148222 0.7615429
0.5302499 0.7400711
0.5457938 0.7187843
0.5614415 0.6976829
0.5778765 0.6779892
0.5943115 0.6582955
0.6104665 0.6381258
0.6252887 0.6156906
0.640111 0.5932556
0.6549332 0.5708205
0.6697555 0.5483853
0.6856401 0.5277468
0.7020085 0.5079264
0.7180293 0.5
0.7328544 0.4775701
0.7500271 0.4593753
0.7521087 0.4535228
0.7314352 0.4582832
0.7105775 0.4614402
0.6897959 0.4655474
0.6690447 0.4700345
0.6482936 0.4745215
0.6274662 0.4781081
0.6066384 0.4816906
0.5858107 0.4852729
0.5649829 0.4888554
0.5440765 0.4909929
0.5231422 0.4926178
0.5022079 0.4942428
0.4927142 0.4958677
0.4717528 0.4958938
0.450791 0.4958938
0.4298292 0.4958938
0.4088674 0.4958938
0.3879055 0.4958938
0.3669437 0.4958938
0.345982 0.4958938
0.3250281 0.4958349
0.3062588 0.4819461
0.2876068 0.4675043
0.2728019 0.4624586
0.2847799 0.4876877
0.2976214 0.5002612
0.3114675 0.52407
0.3233042 0.5502554
0.3351411 0.5764408
0.3456905 0.6038375
0.355939 0.6315144
0.3657467 0.6595553
0.3751019 0.6879108
0.3827666 0.7174417
0.3904313 0.7469727
0.3992959 0.775569
0.4107198 0.8021711
0.4221006 0.8288116
0.4318635 0.8568884
0.4416264 0.8849651
0.4540989 0.9104457
0.4681957 0.9317884
