0.6284509 0.8595443
0.598988 0.8412656
0.5717714 0.8208716
0.5453212 0.7999462
0.5234882 0.7758187
0.5016552 0.7516912
0.4922461 0.7275637
0.4706792 0.7032916
0.4502096 0.6784232
0.42974 0.6535547
0.4092703 0.6286862
0.3888007 0.6038177
0.3687573 0.5787368
0.3493986 0.5533145
0.3300397 0.5278922
0.310681 0.50247
0.2913222 0.5
0.2726237 0.4742706
0.254119 0.4484511
0.2356142 0.4226316
0.2171095 0.3968121
0.1986047 0.3709925
0.1831309 0.3439538
0.1678175 0.3168507
0.1525408 0.2897344
0.1644902 0.2733381
0.2015501 0.2691377
0.2386099 0.2649372
0.2757853 0.2616679
0.3131659 0.2600502
0.3505464 0.2584324
0.3879269 0.2568148
0.4253074 0.2551971
0.4626568 0.2531853
0.5 0.2510939
0.5249193 0.2490025
0.5622625 0.246911
0.5996057 0.2448197
0.6369488 0.2427283
0.674292 0.2406369
0.7117119 0.2402739
0.749148 0.2402739
0.7823397 0.2436414
0.7764994 0.2729598
0.770345 0.3022574
0.7608896 0.3308381
0.7473754 0.3585371
0.7338613 0.3862361
0.720347 0.4139351
0.7068328 0.4416341
0.6933186 0.469333
0.6836402 0.4980219
0.6740295 0.503776
0.6644189 0.5324824
0.6548082 0.5611888
0.6451975 0.5898952
0.6356894 0.618623
0.6262692 0.647369
0.616849 0.6761152
0.6074288 0.7048612
0.5981938 0.7336442
0.5894098 0.7625168
0.5806258 0.7913894
0.5730509 0.8204737
