0.4656394 0.5
0.4601363 0.4748538
0.4506644 0.451761
0.4442176 0.4269055
0.4358646 0.4030454
0.4279051 0.3789575
0.4198071 0.3549755
0.4101268 0.3320037
0.4004337 0.3090414
0.3905442 0.2862249
0.3804008 0.2636086
0.3698364 0.2413241
0.3597718 0.2186599
0.3504455 0.195435
0.3407541 0.1724815
0.3304987 0.1499476
0.3213168 0.1266652
0.3126411 0.103081
0.2995152 0.08330414
0.3007894 0.06234753
0.320604 0.06046411
0.340537 0.06046411
0.3604698 0.06046411
0.3804027 0.06046411
0.4003356 0.06046411
0.4202684 0.06046411
0.4402013 0.06046411
0.4601342 0.06046411
0.480067 0.06046411
0.5 0.06046411
0.5192265 0.06046411
0.5391594 0.06046411
0.5590922 0.06046411
0.5790251 0.06046411
0.5989563 0.06052467
0.6188421 0.06233266
0.6387277 0.06414074
0.6586134 0.06594881
0.6785461 0.06595832
0.698479 0.06595832
0.7184119 0.06595832
0.7383447 0.06595832
0.7307507 0.07958513
0.7145919 0.09468481
0.6981536 0.1095264
0.6825885 0.1259426
0.6662022 0.1408779
0.6499735 0.1560881
0.6345867 0.1727938
0.6191998 0.1894994
0.6050991 0.2080726
0.5908448 0.2264328
0.5760288 0.2440125
0.5612128 0.2615922
0.5474501 0.2804641
0.53502 0.300998
0.5219651 0.3208533
0.5095131 0.3413736
0.499058 0.3630691
0.4876075 0.3843868
0.4750664 0.4043725
0.4656394 0.425801
0.4614719 0.4502935
0.4510534 0.4670341
