0.4878579 0.87938
0.4703274 0.849174
0.4540717 0.8178023
0.4387212 0.7857057
0.4243445 0.7528354
0.4099677 0.7199652
0.3945008 0.6879478
0.3786283 0.6562477
0.3633908 0.6240401
0.3485269 0.5915337
0.3336631 0.5590272
0.3154781 0.5294836
0.2972261 0.5
0.2852868 0.4846222
0.2734205 0.450119
0.2590654 0.417244
0.243949 0.3849696
0.2272123 0.3540221
0.2124904 0.321408
0.1995957 0.2876049
0.1880805 0.2529812
0.2168236 0.2525392
0.2458501 0.2565069
0.2748722 0.2607692
0.3040363 0.2630533
0.3332004 0.2653375
0.3623645 0.2676216
0.3915474 0.2694421
0.4207366 0.2711062
0.4499258 0.2727704
0.479115 0.2744346
0.5 0.2760987
0.5291892 0.2777629
0.5583784 0.279427
0.5875872 0.2799414
0.6168048 0.2799414
0.6460224 0.2799414
0.6752401 0.2799414
0.7044577 0.2799414
0.7336223 0.2778867
0.7627752 0.2753752
0.7919282 0.2728636
0.8211264 0.2721122
0.8256852 0.2957913
0.8080713 0.3251549
0.7874883 0.3519467
0.7682484 0.3803621
0.7490085 0.4087775
0.7306083 0.4381009
0.7123562 0.4675846
0.6953084 0.4982384
0.6784591 0.5100169
0.6614294 0.540697
0.6443228 0.5713062
0.6273189 0.6020102
0.6104695 0.6328568
0.5933571 0.6634515
0.5754192 0.6932554
0.5574813 0.7230594
0.539444 0.7527628
0.5215501 0.7825811
0.5067408 0.8149114
0.4999748 0.8457898
