0.5282726 0.5
0.5136422 0.4837627
0.5007756 0.4650576
0.4913459 0.4454547
0.4822745 0.423764
0.4720933 0.4027946
0.461912 0.3818251
0.4498457 0.3623584
0.4377221 0.3429373
0.4256077 0.3235088
0.4153629 0.3025841
0.405118 0.2816595
0.3947528 0.2608288
0.3830084 0.2410744
0.3712639 0.2213198
0.3598032 0.20133
0.348595 0.1811309
0.3388333 0.1600174
0.3313291 0.1374774
0.3172593 0.1207893
0.3053383 0.1013752
0.2956446 0.0803712
0.2823623 0.06802726
0.2860101 0.05403101
0.3054386 0.06070033
0.3236219 0.07025898
0.3433945 0.07526025
0.363167 0.08026138
0.3831696 0.08314997
0.4033475 0.08442587
0.4235255 0.08570176
0.4433083 0.09025154
0.4629562 0.09591696
0.4826042 0.1015824
0.5 0.1072479
0.5186437 0.1165518
0.5372159 0.1261146
0.5557882 0.1356775
0.5742176 0.1456242
0.5925277 0.1558903
0.6108792 0.1660424
0.6296399 0.1750586
0.6491146 0.1796201
0.6665512 0.1734031
0.6815628 0.1576337
0.6983752 0.1441677
0.7184437 0.1436225
0.7260789 0.1471879
0.7113802 0.1637492
0.6972127 0.1804492
0.6822948 0.1964501
0.6683815 0.213988
0.6551855 0.2323281
0.6417396 0.2503993
0.6276739 0.2674981
0.6112985 0.2814561
0.5963852 0.294813
0.5833772 0.309993
0.575166 0.3321516
0.5659726 0.3537136
0.5576972 0.3746535
0.5518839 0.3960369
0.5460708 0.4174203
0.534265 0.4316041
