0.4831653 0.4680419
0.4736329 0.446108
0.4634528 0.4232716
0.4534197 0.4001272
0.4439788 0.3764529
0.4336322 0.3536306
0.4229153 0.3311564
0.4121667 0.3087149
0.4013897 0.2863027
0.3907384 0.2637619
0.3801511 0.2411558
0.3682254 0.2200464
0.3561878 0.1990624
0.3450285 0.1770832
0.3342515 0.154671
0.3223709 0.133515
0.3102676 0.1126125
0.2982936 0.09155172
0.2869877 0.06978634
0.2768263 0.05257016
0.2954015 0.05457088
0.3137834 0.0594843
0.3320706 0.06513587
0.3505799 0.06840405
0.3692291 0.07017031
0.3878784 0.07193658
0.4065598 0.07223752
0.4252478 0.07223752
0.4439359 0.07223752
0.462624 0.07223752
0.4813119 0.07223752
0.5 0.07223752
0.5140854 0.07223752
0.5327734 0.07223752
0.5514614 0.07223752
0.5701494 0.07223752
0.5888373 0.07223752
0.6075253 0.07223752
0.6262134 0.07223752
0.6449013 0.07223752
0.6635894 0.07223752
0.6822773 0.07223752
0.7009653 0.07223752
0.7196532 0.07223752
0.7153342 0.09342745
0.7045085 0.1157583
0.6944515 0.138877
0.6826409 0.160133
0.6709254 0.1814942
0.6599545 0.2034558
0.6499638 0.226265
0.6367494 0.2456633
0.6248356 0.2667895
0.6139829 0.2890872
0.6032698 0.3115618
0.5910672 0.3323277
0.5809533 0.3552659
0.5698341 0.3770813
0.5582064 0.3977446
0.5468429 0.4192425
0.5350736 0.4398009
0.5228648 0.4589937
0.5100734 0.4785556
0.5003338 0.5
