0.538771 0.5
0.5225317 0.484764
0.5079507 0.4667769
0.4989506 0.4491273
0.4839767 0.4317263
0.4691374 0.4141371
0.4554522 0.3949339
0.4417671 0.3757307
0.4285474 0.3559596
0.4154911 0.3359901
0.4027876 0.3156179
0.3902781 0.2950497
0.3790729 0.2731636
0.3676445 0.2514933
0.3555906 0.230428
0.343409 0.2094952
0.3311131 0.1886813
0.3191701 0.1675099
0.307969 0.1456354
0.2980358 0.1227176
0.2874065 0.1004993
0.2764382 0.07863119
0.2882057 0.06337944
0.3075842 0.05823556
0.3272407 0.05478099
0.3470738 0.05392599
0.3669069 0.05307102
0.3867467 0.05276391
0.4065901 0.05276391
0.4264336 0.05276391
0.446277 0.05276391
0.4661205 0.05276391
0.4859639 0.05276391
0.5 0.05276391
0.519843 0.05286327
0.5396844 0.05324206
0.5595258 0.05362087
0.5793673 0.05399969
0.5992087 0.05437848
0.6190501 0.0547573
0.6388927 0.05491406
0.6587361 0.05491406
0.6784286 0.05735138
0.6980236 0.06136459
0.717867 0.06136459
0.7101088 0.08202875
0.6973146 0.1022985
0.6842959 0.1223118
0.6708426 0.1417642
0.6582232 0.1622151
0.6447638 0.1817012
0.6308607 0.2006176
0.6197284 0.222477
0.6091052 0.2448654
0.5974065 0.2661913
0.588707 0.2892042
0.5831681 0.3138708
0.5773463 0.3389987
0.5711128 0.3640304
0.5650268 0.3892614
0.5593905 0.4146536
0.5525409 0.4385945
0.5460201 0.4618285
0.537162 0.4806479
