0.6746447 0.8694435
0.6574436 0.8487062
0.6354994 0.8295399
0.613555 0.8103737
0.5939002 0.7902328
0.5748083 0.7698523
0.5557164 0.7494718
0.5366245 0.7290913
0.5173886 0.7087668
0.5 0.6884938
0.4806309 0.6682209
0.4612619 0.647948
0.4418928 0.6276751
0.4225237 0.6074021
0.4025872 0.5873577
0.382461 0.5673897
0.3623348 0.5474216
0.3422085 0.5274535
0.3220823 0.5074854
0.3019561 0.4912953
0.2818299 0.4713273
0.2611691 0.4515852
0.2404082 0.4318855
0.2196473 0.4121859
0.1995451 0.3922225
0.1810015 0.3716354
0.1630853 0.3508676
0.1933357 0.3471074
0.2304276 0.3464086
0.267438 0.3449834
0.304304 0.3422738
0.3411701 0.3395641
0.3780361 0.3368545
0.4149022 0.3341449
0.451868 0.3320842
0.4888513 0.3301373
0.5238541 0.3281904
0.5608374 0.3262435
0.5978207 0.3242965
0.6348536 0.3229052
0.6719423 0.3221388
0.7090347 0.3215199
0.7128065 0.3428715
0.7047398 0.3659831
0.6954674 0.3889967
0.6858151 0.4119448
0.6758096 0.4348321
0.6658042 0.4577194
0.6557988 0.4806066
0.6476306 0.5
0.6402346 0.5232907
0.6328387 0.5465813
0.6254427 0.569872
0.6187228 0.593236
0.6137292 0.6167874
0.6087357 0.6403387
0.6037422 0.6638901
0.5987487 0.6874415
0.5937552 0.7109928
0.5893136 0.7345824
0.5863147 0.7582722
0.5833158 0.781962
0.5799356 0.8056297
0.5765144 0.8292879
