0.4507484 0.859575
0.4359654 0.8226289
0.418391 0.7884676
0.401387 0.7536579
0.3842225 0.7190275
0.3662993 0.6852403
0.3487561 0.6510157
0.3312895 0.6167029
0.3135937 0.582665
0.2947696 0.5499809
0.2765177 0.5166138
0.2591627 0.4971042
0.2420571 0.4623946
0.2252448 0.4273655
0.2097014 0.3910793
0.1944903 0.3544649
0.1809786 0.3167228
0.1829933 0.2901772
0.2111057 0.2806999
0.2392925 0.271145
0.2676682 0.2627972
0.2960728 0.2546678
0.3247553 0.2497987
0.3536239 0.2471135
0.3823821 0.2427666
0.4110448 0.2369826
0.4397075 0.2311986
0.4683702 0.2254146
0.4971919 0.2221769
0.5163513 0.2200001
0.5452393 0.2178232
0.5741273 0.2156464
0.6030152 0.2134696
0.6319059 0.2113726
0.6607981 0.209325
0.6896904 0.2072774
0.7185826 0.2052299
0.7474931 0.2043283
0.7764181 0.2043283
0.8053432 0.2043283
0.8342681 0.2043283
0.844362 0.2179852
0.8207988 0.2429234
0.7975144 0.2683951
0.7746028 0.2946405
0.7509065 0.3193265
0.7295532 0.3481689
0.7091002 0.378608
0.6886472 0.4090472
0.6711211 0.4430209
0.6553203 0.4790779
0.6393091 0.5
0.6232644 0.5358176
0.6072198 0.5716353
0.5905792 0.6068184
0.5729803 0.6409812
0.5553814 0.675144
0.5370585 0.7084514
0.5186986 0.7417153
0.5 0.7745545
0.4908226 0.8071338
0.4697688 0.8365372
0.4468393 0.8625119
