0.5474685 0.8500898
0.5327976 0.820559
0.5183713 0.7905073
0.5 0.7636906
0.4972245 0.7369462
0.4780293 0.7111262
0.4584081 0.685824
0.4385081 0.6608908
0.4183905 0.6362455
0.3991009 0.610615
0.3816655 0.5827782
0.3642301 0.5549414
0.3458096 0.5282192
0.3266727 0.5023076
0.3079151 0.5
0.2905808 0.4720584
0.2731513 0.4442188
0.2550144 0.4171377
0.2368774 0.3900565
0.218284 0.3634992
0.1996644 0.3369696
0.1847353 0.3074312
0.1923666 0.2917115
0.2199538 0.2896109
0.2476839 0.2885728
0.2754038 0.2869481
0.3031476 0.2866884
0.3308961 0.2866884
0.3586445 0.2866884
0.3863921 0.2868087
0.4141347 0.2875388
0.4418774 0.2882689
0.4696201 0.288999
0.4973626 0.2897369
0.509445 0.2905145
0.5371869 0.2912923
0.5649288 0.29207
0.5925965 0.2942224
0.620155 0.2984033
0.6477134 0.3025842
0.6753113 0.3062859
0.7029347 0.3096784
0.7291548 0.3210156
0.7550693 0.3337847
0.7771221 0.353256
0.7945011 0.3786172
0.7892178 0.4125906
0.7745528 0.4429563
0.7581772 0.4716938
0.7395388 0.4981859
0.7238697 0.5036864
0.7079873 0.5330173
0.6909514 0.5612625
0.6742648 0.5898391
0.6584187 0.6192133
0.642574 0.6485888
0.6270113 0.678214
0.6114486 0.7078391
0.595886 0.7374642
0.5807401 0.7674461
0.5656175 0.7974479
0.5502257 0.8272212
0.5368917 0.8584692
0.5248049 0.8880827
