0.5483546 0.5
0.5397146 0.4768134
0.5261328 0.4592929
0.5125191 0.4418041
0.5005512 0.42169
0.4964099 0.4016196
0.4842703 0.381747
0.4721308 0.3618745
0.4594663 0.3428022
0.4464867 0.3242104
0.433507 0.3056186
0.4212521 0.2859195
0.4090837 0.2660883
0.3968486 0.2463557
0.384268 0.2271341
0.3716875 0.2079126
0.3591069 0.1886911
0.3454701 0.1713302
0.3312368 0.1550201
0.3188006 0.1357076
0.3069294 0.115461
0.2953508 0.09482178
0.2831299 0.07518747
0.2757666 0.0531002
0.2935113 0.05439687
0.3107422 0.05990672
0.326939 0.07115528
0.3435821 0.08072087
0.3603372 0.0898636
0.3774258 0.09741908
0.3946008 0.1044004
0.4122136 0.1082447
0.4297507 0.1127438
0.4471608 0.1183438
0.4645707 0.1239438
0.482295 0.1261882
0.5 0.1287717
0.509778 0.1323644
0.5274832 0.1343547
0.5452748 0.1343547
0.5630665 0.1343547
0.5808581 0.1343547
0.5986497 0.1343547
0.6164414 0.1343547
0.6342331 0.1343547
0.6511393 0.1400853
0.6676663 0.1486112
0.6843248 0.1546684
0.700372 0.1634821
0.7148089 0.1787687
0.7140049 0.2037213
0.7047815 0.2267989
0.6933136 0.2466352
0.6828685 0.2672039
0.6716986 0.2878466
0.6603047 0.3086405
0.6487833 0.3292658
0.6389057 0.3514924
0.6269336 0.3715203
0.6161179 0.3930805
0.6059677 0.4084935
0.5987983 0.4300981
0.5857555 0.4466527
