0.4286086 0.5
0.4191158 0.4815208
0.4129799 0.4599654
0.4048791 0.4391378
0.3972591 0.4180859
0.389514 0.3970902
0.3817021 0.3761244
0.3744281 0.3549268
0.3673352 0.3336512
0.3596942 0.3126139
0.3517597 0.2917045
0.3438251 0.270795
0.3363051 0.2497266
0.3308138 0.2278802
0.3247139 0.20627
0.3166319 0.1854297
0.3092534 0.1642816
0.3035705 0.1428816
0.3211777 0.1317604
0.3402986 0.1238564
0.3607073 0.121931
0.3806621 0.1187034
0.4004177 0.1126947
0.4178876 0.1008633
0.4359872 0.09018588
0.454493 0.08064476
0.4743175 0.07480264
0.4939166 0.06812924
0.5102922 0.06322464
0.5307589 0.06210646
0.5512207 0.06087646
0.5717379 0.06087646
0.5898453 0.07093686
0.6071987 0.08290815
0.6258018 0.0919787
0.6413456 0.1007967
0.6617889 0.09964758
0.6820127 0.09592992
0.7024695 0.09419096
0.7229103 0.0940063
0.7391036 0.1069498
0.735262 0.1219203
0.7190738 0.1357687
0.7021974 0.1485497
0.6868954 0.1636345
0.6724383 0.1797212
0.6585218 0.1963818
0.6442456 0.2126374
0.6289162 0.2277072
0.6122252 0.2393438
0.597971 0.2543994
0.5837838 0.2707289
0.5711874 0.2886264
0.5577982 0.3058008
0.5435237 0.3220746
0.5285243 0.3375312
0.5130411 0.3524043
0.5 0.3652202
0.4855345 0.3807331
0.4770089 0.4011154
0.4654981 0.4184668
0.4599089 0.4402128
0.4528544 0.4614046
0.445608 0.4788657
