0.4977303 0.4649999
0.4853413 0.4475792
0.4741853 0.4273723
0.4636917 0.4067236
0.4533978 0.3857594
0.4416648 0.3657867
0.4317965 0.3444446
0.422356 0.3227884
0.4115695 0.3020786
0.4004814 0.2815809
0.3899597 0.2606601
0.3795725 0.239639
0.3691853 0.2186178
0.3592678 0.1972763
0.3495776 0.1757799
0.339477 0.1545708
0.3286938 0.1338395
0.3182784 0.1128402
0.3076621 0.09201708
0.2951545 0.07277772
0.286559 0.05066854
0.296445 0.06666523
0.3139271 0.07870504
0.3338211 0.0838275
0.3541077 0.08547401
0.3743727 0.08755267
0.3945939 0.0902524
0.4148425 0.09235573
0.4351881 0.09235573
0.4555337 0.09235573
0.4758793 0.09235573
0.4962249 0.09235573
0.5 0.09235573
0.5203456 0.09235573
0.5406911 0.09235573
0.5610367 0.09235573
0.5813823 0.09235573
0.6017279 0.09235573
0.6220596 0.09175694
0.6423739 0.09040087
0.6626959 0.08922327
0.6830219 0.08823815
0.7033675 0.08823815
0.7193199 0.09351701
0.7099105 0.1137818
0.7010412 0.1356938
0.6900946 0.1562964
0.6757081 0.1735833
0.6625477 0.1922035
0.6499888 0.2114334
0.6376299 0.2308533
0.6252334 0.2502387
0.6128284 0.2696163
0.6004842 0.2890461
0.5891985 0.3093876
0.5788302 0.3303882
0.5693054 0.3519903
0.5634022 0.3750453
0.558262 0.3977819
0.5531219 0.4209231
0.5468739 0.4439236
0.5377082 0.4656727
0.5304213 0.4881594
0.5188542 0.5
