0.4538558 0.8460148
0.4363722 0.8226262
0.42243 0.7953538
0.4076773 0.7688144
0.3936044 0.7416443
0.3802339 0.7138212
0.3663512 0.686451
0.3524478 0.6590992
0.3386338 0.631669
0.3254305 0.6037033
0.312216 0.5757473
0.2985007 0.5482261
0.2852267 0.5203376
0.2728382 0.4951878
0.2605231 0.4665066
0.2484011 0.437678
0.2344344 0.4105145
0.2221535 0.3833976
0.2448906 0.3753385
0.2690908 0.3685622
0.2933559 0.36237
0.3179799 0.3593754
0.342604 0.3563808
0.3672268 0.3533691
0.3918298 0.3500778
0.4164326 0.3467866
0.4410604 0.3439857
0.4657703 0.3428052
0.4904801 0.3416247
0.5035791 0.3389441
0.5281535 0.3352914
0.5527331 0.3317125
0.5773911 0.3292691
0.6020492 0.3268257
0.6267426 0.3256626
0.6514683 0.3256626
0.6761938 0.3256626
0.7009195 0.3256626
0.7256451 0.3256626
0.74989 0.3308858
0.7725072 0.3433334
0.7880408 0.3672029
0.793344 0.3907863
0.7765266 0.4148172
0.7589925 0.4381332
0.7402796 0.4597526
0.7215667 0.481372
0.7031866 0.5
0.6855236 0.5231462
0.6678606 0.5462924
0.6501977 0.5694386
0.6325347 0.5925848
0.6148717 0.615731
0.5972088 0.6388772
0.5797053 0.6622389
0.5622216 0.6856275
0.544738 0.709016
0.529356 0.7348617
0.5143712 0.7611717
0.5004792 0.7884375
0.5 0.8173515
0.4884079 0.8465587
0.4773502 0.8761432
0.465441 0.9049065
