0.5106443 0.4969718
0.4995456 0.4848012
0.485807 0.46589
0.4720289 0.4470907
0.45913 0.4260691
0.4465185 0.4043206
0.4335258 0.38347
0.4204401 0.3628382
0.4075195 0.3418139
0.394796 0.3203202
0.3820726 0.2988265
0.3684474 0.2796186
0.3547427 0.2606118
0.3410381 0.241605
0.3273335 0.2225981
0.313629 0.2035913
0.2999243 0.1845845
0.2853122 0.1684716
0.2707526 0.1524068
0.2843862 0.1353976
0.3003438 0.1267401
0.316862 0.1211774
0.3333719 0.1155186
0.3499619 0.1110615
0.3666539 0.1081372
0.3833458 0.1052131
0.4000378 0.1022889
0.4167165 0.09910902
0.4333638 0.09532332
0.4500111 0.09153765
0.4666584 0.08775195
0.4833057 0.08396626
0.5 0.08134848
0.5126525 0.07991385
0.5293944 0.07847923
0.5461363 0.07704464
0.562874 0.07544976
0.5796005 0.07343149
0.5963269 0.07141325
0.6130534 0.06939498
0.6297799 0.06737664
0.6464568 0.06419885
0.6631192 0.06068042
0.6797948 0.05748349
0.6965269 0.05565143
0.7110118 0.05664986
0.7043872 0.08681852
0.6960117 0.1153552
0.6870273 0.1432343
0.6776849 0.1706473
0.6681911 0.1978629
0.6570697 0.2225368
0.6461619 0.2475948
0.6354206 0.2729383
0.6244717 0.2979154
0.6146152 0.3246256
0.6022872 0.3468844
0.5892383 0.3676029
0.5747386 0.3832051
0.5616804 0.4026586
0.548663 0.4231647
0.5375535 0.4474598
0.5284423 0.4735112
0.5214013 0.5
