0.5105646 0.6920792
0.5 0.687974
0.4837425 0.6606185
0.4599142 0.637854
0.4436567 0.6104986
0.4273991 0.5831432
0.4122028 0.5553738
0.3978827 0.5272624
0.3816326 0.5
0.3623656 0.4748489
0.3430986 0.4489135
0.3247146 0.422534
0.3066785 0.3959794
0.2883533 0.3695673
0.2696498 0.3433415
0.2577569 0.3146298
0.24777 0.2852223
0.2232195 0.2647586
0.1961394 0.2445431
0.1870781 0.2154225
0.1758283 0.1866217
0.1634654 0.157909
0.1627577 0.1383164
0.1991106 0.1383164
0.2354636 0.1383164
0.2718165 0.1383164
0.3081694 0.1383164
0.3445224 0.1383164
0.3808753 0.1383164
0.4172282 0.1383164
0.4535812 0.1383164
0.4899341 0.1383164
0.5035145 0.1383164
0.5398674 0.1383164
0.5762203 0.1383164
0.6125733 0.1383164
0.6489262 0.1383164
0.6852791 0.1383164
0.7216321 0.1383164
0.7548977 0.1320458
0.7886409 0.1308555
0.7886409 0.1614398
0.7847379 0.1914912
0.7732422 0.220506
0.7632136 0.2498802
0.7550373 0.2796724
0.7479079 0.3096628
0.7305808 0.3364407
0.7125447 0.3629952
0.7029017 0.3919725
0.6977606 0.4222494
0.6855493 0.4506714
0.6784199 0.4806617
0.6753505 0.510206
0.6690063 0.5401332
0.6508765 0.5653681
0.63583 0.5925366
0.6266226 0.622112
0.6062185 0.6462635
0.5969487 0.6752902
0.5796432 0.699547
0.5620602 0.7222143
0.5545475 0.7520205
0.541462 0.7787271
