0.6225589 0.8994689
0.6027535 0.8820722
0.5831975 0.8644454
0.5653156 0.8452747
0.5474338 0.826104
0.5289848 0.8074218
0.5104799 0.7887878
0.5 0.7701538
0.4814951 0.7515197
0.4627006 0.7331512
0.4435894 0.715073
0.4244782 0.6969948
0.405367 0.6789166
0.3862559 0.6608384
0.3671446 0.6427602
0.3480335 0.6246821
0.3289223 0.6066039
0.3098111 0.5885257
0.2907 0.5704474
0.2715888 0.5523692
0.2524776 0.5342911
0.2341029 0.5155734
0.2166936 0.5
0.1992931 0.4804393
0.2043293 0.4654458
0.2313566 0.4654458
0.2583839 0.4654458
0.2853444 0.4643888
0.3121791 0.4613427
0.3390139 0.4582966
0.3658487 0.4552505
0.3926834 0.4522044
0.4193099 0.4480312
0.445645 0.4422823
0.4719802 0.4365335
0.4983153 0.4307846
0.5166255 0.4250358
0.5429241 0.4191466
0.5690696 0.4126691
0.595215 0.4061916
0.6213604 0.3997142
0.6475059 0.3932366
0.6732707 0.3855206
0.6990122 0.3777286
0.7204573 0.3742623
0.7199546 0.3997701
0.7133995 0.4245732
0.7068444 0.4493763
0.6990882 0.4738523
0.6906989 0.4981559
0.6823096 0.5184768
0.6739202 0.5427804
0.6655309 0.567084
0.6576822 0.5915449
0.650181 0.6161069
0.6426799 0.6406689
0.6351787 0.6652309
0.6276715 0.6897913
0.6199052 0.7142794
0.612139 0.7387676
0.6043727 0.7632558
0.5966066 0.787744
0.5885642 0.8121523
