0.48 0.5
0.4699452 0.4748476
0.4574614 0.4523617
0.4454488 0.42906
0.4334739 0.4056935
0.4210066 0.3831791
0.4085227 0.3606933
0.3960388 0.3382076
0.3835798 0.3156787
0.3715664 0.2923761
0.3595531 0.2690735
0.3470987 0.2465365
0.3346503 0.2239898
0.3227744 0.20046
0.3106477 0.1773606
0.2981638 0.1548748
0.2871149 0.1302703
0.2771869 0.1056494
0.2898883 0.09737706
0.3074172 0.0950864
0.3249873 0.09202236
0.3425615 0.08898583
0.3601368 0.085971
0.3777302 0.08334559
0.3953403 0.08107996
0.412785 0.07621256
0.4302238 0.071253
0.4478178 0.06887844
0.4654422 0.06701106
0.483053 0.06476524
0.5 0.06220269
0.5175753 0.05918771
0.5351527 0.05621824
0.5527627 0.05395263
0.5703955 0.05283457
0.5880504 0.05283457
0.6057053 0.05283457
0.6233602 0.05283457
0.6408988 0.05619749
0.6585482 0.05635548
0.6762032 0.05635548
0.6938581 0.05635548
0.711513 0.05635548
0.723703 0.06619868
0.7137896 0.08837914
0.7023277 0.1124614
0.6900101 0.1346478
0.6791914 0.158683
0.6666744 0.1802006
0.6535568 0.1998974
0.6406268 0.220075
0.6272624 0.2406259
0.6147785 0.2631118
0.5999315 0.278364
0.587522 0.3004606
0.5753864 0.3215158
0.5637537 0.3446613
0.5532701 0.3666392
0.5405352 0.3877995
0.5280731 0.4089877
0.518447 0.4286249
0.5074832 0.4490732
0.4977188 0.4711541
