0.4999708 0.5
0.4897387 0.4768124
0.4789997 0.4542891
0.4650809 0.4356995
0.4525596 0.415242
0.4412731 0.3931337
0.4299867 0.3710253
0.4163684 0.3521267
0.4020863 0.3341417
0.3893992 0.3138283
0.3772486 0.2927318
0.3651925 0.2715186
0.353195 0.2502348
0.341444 0.2286551
0.3293958 0.2074348
0.3172452 0.1863382
0.3077144 0.162582
0.2964416 0.140577
0.2861726 0.1175399
0.2764867 0.0955165
0.2798584 0.07657993
0.2977642 0.06878266
0.3161345 0.0628739
0.334612 0.05808637
0.3533672 0.05596682
0.3721435 0.05430076
0.390923 0.05273965
0.4097337 0.05273965
0.428296 0.05588338
0.4466066 0.06221297
0.4648819 0.06875661
0.4831726 0.07518715
0.5 0.08107209
0.5173637 0.09170115
0.5337981 0.104974
0.5513619 0.1133628
0.5699561 0.1174884
0.5886432 0.1206467
0.607366 0.1227192
0.6261767 0.1227192
0.6449874 0.1227192
0.6637981 0.1227192
0.6826088 0.1227192
0.7014195 0.1227192
0.7196246 0.1180992
0.7222256 0.1325974
0.7123216 0.1560913
0.7016424 0.178829
0.6914694 0.2020641
0.6789996 0.2225769
0.6677555 0.2441642
0.6598336 0.2692164
0.6464667 0.2871939
0.634959 0.3080105
0.6242247 0.3304321
0.611783 0.3509767
0.6000751 0.3717807
0.5871589 0.3911737
0.5757286 0.4128073
0.5624613 0.4311327
0.5519834 0.4522023
0.5408443 0.4727951
0.5302335 0.4949079
