0.5 0.6723267
0.4770129 0.6563717
0.4645452 0.6324087
0.451545 0.6085946
0.4366273 0.5854072
0.4241847 0.5616689
0.4017578 0.5420636
0.3853565 0.51943
0.3698306 0.4984989
0.3491622 0.4779212
0.3370749 0.4539448
0.3173786 0.4326507
0.3043279 0.408903
0.2900902 0.3854964
0.2734824 0.3628867
0.2555058 0.3408367
0.234201 0.3203627
0.2162501 0.2984913
0.2031513 0.2747405
0.1931756 0.2502184
0.1700674 0.2307872
0.1649337 0.2127832
0.2001949 0.2109874
0.2353732 0.208588
0.2703103 0.2052461
0.3054553 0.2038278
0.3363017 0.1914408
0.3712746 0.1870536
0.4061613 0.1834168
0.4410012 0.1786848
0.4758843 0.1750264
0.5070104 0.1662931
0.5400887 0.1570047
0.5749314 0.1540505
0.6096554 0.1492685
0.644749 0.1456601
0.680257 0.1456601
0.7139519 0.1376083
0.7445617 0.1288794
0.7502846 0.1503471
0.7473821 0.1757012
0.7393978 0.2006382
0.7320454 0.225656
0.7276412 0.2510508
0.7270023 0.2766146
0.7209097 0.3016664
0.7106702 0.3261154
0.701345 0.3506214
0.6965172 0.3759753
0.6921129 0.4013701
0.6877087 0.4267649
0.6797161 0.4516318
0.6686665 0.4759318
0.6567701 0.5
0.6517485 0.5234078
0.6459783 0.5486594
0.6408919 0.5739874
0.6352491 0.5992533
0.6209787 0.6197898
0.6133988 0.6431079
0.6049134 0.6677188
0.5920235 0.691498
0.5767511 0.7143511
