0.5943371 0.8769802
0.5703389 0.8537187
0.5463407 0.8304572
0.5223425 0.8071957
0.5 0.7827417
0.4777061 0.7581447
0.4554122 0.7335476
0.4331183 0.7089506
0.4144047 0.6820746
0.3960672 0.6549592
0.3777297 0.6278439
0.3593922 0.6007285
0.3410546 0.5736131
0.3227171 0.5464977
0.3056948 0.5187598
0.2912682 0.5
0.2768416 0.4710336
0.262415 0.4420673
0.2479884 0.4131009
0.2340204 0.3839698
0.2223296 0.354021
0.2106387 0.3240721
0.1989478 0.2941233
0.1851022 0.2649297
0.1715401 0.2356395
0.1976702 0.243017
0.2318607 0.2490275
0.2669839 0.2519014
0.3021078 0.2547619
0.3373759 0.2547619
0.372644 0.2547619
0.407912 0.2547619
0.4431801 0.2547619
0.4784482 0.2547619
0.5135354 0.2539763
0.5486007 0.2505774
0.5836661 0.2471786
0.6187314 0.2437797
0.6537967 0.2403808
0.688862 0.2369819
0.7240705 0.2352052
0.7592923 0.2335795
0.7945141 0.2319537
0.8266391 0.2343481
0.8139639 0.2637879
0.7989538 0.2924181
0.7799659 0.3191684
0.7609779 0.3459186
0.74199 0.3726689
0.7249085 0.4004203
0.7083777 0.428461
0.691847 0.4565017
0.6753163 0.4845424
0.6600326 0.502871
0.6482064 0.5327768
0.6363801 0.5626825
0.6245538 0.5925883
0.6127276 0.622494
0.6018924 0.6526349
0.5958129 0.6839033
0.5897334 0.7151718
0.5836538 0.7464402
0.5828654 0.7781222
