0.424828 0.7983728
0.4062192 0.7692829
0.3927408 0.7347001
0.3792623 0.7001173
0.3667183 0.6649626
0.3569963 0.6284255
0.3475606 0.5917145
0.3373867 0.5553218
0.3247568 0.5202158
0.3111435 0.4896188
0.2969606 0.4555029
0.2806783 0.4229673
0.2642181 0.3905798
0.2475001 0.3584088
0.2379318 0.3217518
0.2217804 0.2895215
0.2111569 0.2537164
0.200002 0.2179393
0.1933112 0.1851181
0.2225296 0.1786933
0.2525643 0.1754824
0.2827008 0.1754113
0.3128396 0.1754113
0.3429784 0.1754113
0.3730066 0.1779744
0.402961 0.1822442
0.4329155 0.186514
0.4630504 0.1866049
0.4931892 0.1866049
0.5073155 0.1866049
0.5374543 0.1866049
0.5675931 0.1866049
0.5977319 0.1866049
0.6274624 0.1802765
0.6571912 0.17392
0.6869013 0.1674404
0.7163224 0.1590529
0.7457435 0.1506654
0.775408 0.1443544
0.8054508 0.1412711
0.8354936 0.1381878
0.8450971 0.1554683
0.8274992 0.1864671
0.8079163 0.2158526
0.7874084 0.2441858
0.7670768 0.2727231
0.7472302 0.3018213
0.7270686 0.3305413
0.7057573 0.3578813
0.6845714 0.385377
0.6640071 0.413643
0.6434802 0.4419534
0.6231147 0.4704552
0.6036981 0.5
0.5869097 0.5279837
0.5734312 0.5625664
0.5555024 0.5932372
0.5357566 0.6224015
0.5178783 0.6535287
0.5 0.684656
0.496112 0.7136818
0.478045 0.7445824
0.4591268 0.7746745
0.4393702 0.802104
