0.4182048 0.5
0.4179379 0.4746887
0.4137005 0.4499486
0.4100784 0.42504
0.4055712 0.4003604
0.4022838 0.3753754
0.3976588 0.3507769
0.3922526 0.3263988
0.3864747 0.302164
0.3811298 0.2777811
0.3759788 0.2533823
0.3682269 0.2300787
0.3579122 0.2085184
0.3507859 0.1850198
0.3445629 0.1609673
0.3365346 0.1378359
0.3289102 0.1144707
0.318936 0.09273708
0.311297 0.06974155
0.3231071 0.06263056
0.342786 0.06263056
0.3624649 0.06263056
0.3821438 0.06263056
0.4018206 0.06287593
0.4214951 0.06341526
0.4411694 0.06395456
0.4608439 0.06449386
0.4804613 0.06607595
0.5 0.06909668
0.5131696 0.07211748
0.5327083 0.07513827
0.5522586 0.07798082
0.5719153 0.07918674
0.5915719 0.08039275
0.6112285 0.08159867
0.6308044 0.08392158
0.6502962 0.08740938
0.6697879 0.09089726
0.6893129 0.09402791
0.708894 0.09655073
0.7285383 0.09744605
0.7422973 0.09673721
0.7278804 0.111176
0.7135198 0.128183
0.6967307 0.1413591
0.6804171 0.155335
0.6648418 0.1707136
0.6485041 0.1848184
0.6328552 0.2001894
0.6165901 0.2143477
0.6019138 0.2310082
0.5878713 0.2485972
0.5733451 0.2656026
0.5579209 0.2813251
0.5431437 0.2980034
0.529415 0.3158752
0.5147206 0.332676
0.5021781 0.3520742
0.4954526 0.3695502
0.4847137 0.3901014
0.4736923 0.406752
0.4606781 0.4247681
0.4484135 0.441744
0.4367832 0.4608325
