0.4459919 0.7210293
0.4278812 0.6930302
0.4085459 0.6673559
0.3898592 0.6403491
0.3719962 0.6118426
0.354593 0.5824989
0.3371897 0.5531551
0.3203374 0.5229598
0.3045073 0.493417
0.2886772 0.4616415
0.2736377 0.4287972
0.2588029 0.3956867
0.2442483 0.3622223
0.2319221 0.3263359
0.2215271 0.2888411
0.2111003 0.2513826
0.206536 0.2216352
0.230606 0.2143396
0.2548757 0.2084877
0.2787887 0.1990005
0.3032653 0.1946563
0.3276342 0.1888975
0.3519683 0.1826808
0.3763342 0.1768718
0.4007955 0.1722892
0.4252715 0.1679644
0.4498028 0.1646107
0.4743342 0.161257
0.4988065 0.1569803
0.5220723 0.1514439
0.5464641 0.1459076
0.5708559 0.1403711
0.5953348 0.1363669
0.6199065 0.1339994
0.6444783 0.1316319
0.6688849 0.1264197
0.6932628 0.1207108
0.7176676 0.1155322
0.7422658 0.1141497
0.7668639 0.1127672
0.791474 0.1125859
0.8160859 0.1125859
0.8126466 0.1241975
0.7921118 0.1470178
0.7715471 0.1697732
0.7516999 0.1943137
0.7319951 0.2191778
0.7126517 0.2448108
0.6938258 0.2715413
0.6754841 0.2991886
0.6575618 0.3276301
0.6407435 0.3578969
0.624231 0.3886694
0.606577 0.4175169
0.5883265 0.4453587
0.5703031 0.4736131
0.5524807 0.5
0.5348064 0.5288754
0.5174032 0.5582191
0.5 0.5875629
0.4837229 0.6169066
0.4671295 0.6475523
0.4498624 0.6771149
