0.5257339 0.653396
0.5062392 0.6317687
0.4957692 0.6087872
0.4797598 0.5840989
0.4641967 0.5590503
0.4486337 0.5340016
0.4331696 0.5088825
0.4177147 0.4931535
0.4022599 0.4680279
0.3868051 0.4429022
0.3713682 0.4177639
0.3561467 0.3924747
0.3409252 0.3671856
0.3257037 0.3418964
0.3104822 0.3166073
0.2946504 0.291768
0.2781118 0.2674497
0.2615733 0.2431314
0.2450346 0.2188131
0.2287262 0.194317
0.2124884 0.1697664
0.1962507 0.1452158
0.1918455 0.1243681
0.2195285 0.1280214
0.2475852 0.1280214
0.275642 0.1280214
0.3036987 0.1280214
0.3317532 0.1276603
0.3598074 0.1272535
0.3878615 0.1268467
0.4159157 0.1264399
0.4439699 0.1260331
0.4720241 0.1256264
0.5 0.123413
0.5203153 0.1210258
0.5482838 0.1186387
0.5762522 0.1162515
0.6042206 0.1138644
0.632189 0.1114772
0.6601573 0.1090901
0.6881865 0.1079196
0.7162325 0.1070836
0.7442784 0.1062478
0.7544854 0.1223428
0.7445165 0.1504811
0.7354169 0.1789585
0.7263175 0.2074359
0.7174535 0.2359896
0.7103451 0.2651121
0.7032366 0.2942346
0.6961282 0.323357
0.6898817 0.3526964
0.6841801 0.382173
0.6784785 0.4116495
0.6727769 0.4411261
0.6670077 0.4705872
0.661027 0.5
0.6550462 0.5200161
0.6490654 0.5494289
0.6430846 0.5788417
0.637175 0.6082709
0.6312963 0.6377074
0.6254175 0.6671439
