0.1978225 0.1189291
0.2116011 0.14167
0.2281538 0.1646877
0.2434042 0.1884589
0.2586546 0.2122302
0.2755776 0.2349988
0.2930016 0.2574669
0.3104256 0.2799351
0.3279935 0.3023078
0.3456254 0.3246379
0.3624088 0.3474625
0.3767636 0.3717023
0.3911106 0.3959459
0.4050203 0.4204048
0.4189301 0.4448637
0.4301606 0.4704476
0.4410844 0.4961603
0.4523786 0.5
0.4638405 0.5255132
0.4753025 0.5510265
0.4875952 0.5762075
0.5 0.6013439
0.5049766 0.6242866
0.5241537 0.6453606
0.540976 0.6370451
0.5470347 0.6100288
0.5555169 0.5835991
0.5642376 0.5572013
0.5715082 0.5304144
0.5786914 0.5036085
0.5852942 0.4984111
0.5918971 0.471478
0.5991523 0.4447054
0.6080162 0.4183288
0.6168801 0.3919522
0.6257439 0.3655756
0.6353549 0.3394403
0.6463163 0.3137412
0.6572776 0.288042
0.667949 0.2622403
0.6784748 0.2363871
0.6902632 0.2110542
0.7041729 0.1865953
0.7183262 0.1622592
0.7331992 0.1382859
0.7518303 0.1167521
0.7452585 0.1016424
0.715281 0.1016424
0.6853035 0.1016424
0.6553261 0.1016424
0.6253486 0.1016424
0.5954083 0.1026025
0.5655071 0.1045697
0.5356058 0.1065369
0.50563 0.1065815
0.4870986 0.1065815
0.457124 0.1066433
0.4272593 0.1090352
0.3973945 0.1114272
0.3674574 0.1128456
0.3375503 0.1145721
0.3078043 0.1179969
0.2783742 0.1231396
