0.6520879 0.4461322
0.6314029 0.4437493
0.6107179 0.4413664
0.5900704 0.4385578
0.569434 0.4356212
0.5488151 0.4325113
0.5281563 0.4301836
0.5073777 0.4301836
0.4922816 0.4301836
0.471503 0.4301836
0.4507244 0.4301836
0.4299458 0.4301836
0.4091672 0.4301836
0.3883886 0.4301836
0.36761 0.4301836
0.3468314 0.4301836
0.3260963 0.4317658
0.3053637 0.4334376
0.2846311 0.4351095
0.2757816 0.4492565
0.2894633 0.4681451
0.3006497 0.4892929
0.3117421 0.5
0.3204861 0.5227639
0.332012 0.543676
0.3436916 0.5644577
0.3560175 0.5846913
0.3683434 0.6049249
0.3777018 0.6271982
0.3857651 0.6503618
0.3955105 0.6724468
0.4068346 0.6935197
0.4181587 0.7145923
0.4278476 0.736825
0.4375252 0.7590659
0.4465595 0.7816927
0.4553465 0.8044679
0.4630938 0.8277876
0.4708108 0.8511232
0.4791389 0.8741431
0.4875655 0.8971152
0.4954092 0.9203467
0.5 0.9129351
0.5131028 0.8934289
0.5259709 0.8737034
0.5382587 0.8534359
0.5507685 0.8333743
0.5637488 0.8137485
0.5769107 0.7943058
0.5905193 0.7753129
0.6042359 0.7564377
0.6184135 0.7380639
0.6325826 0.7196808
0.6463302 0.700835
0.6600778 0.6819892
0.6748811 0.6644078
0.6898988 0.6470976
0.7028894 0.6274917
0.7159587 0.6082432
0.7278716 0.5886719
0.7392427 0.569164
0.7519695 0.5501958
0.7609173 0.5282938
0.7707557 0.5074074
