0.5002578 0.4900371
0.4960142 0.4690615
0.4846573 0.4427352
0.4709571 0.4204889
0.4568945 0.3989598
0.4434688 0.376025
0.4305813 0.3520345
0.4169906 0.3295067
0.4027587 0.3083123
0.3885268 0.2871179
0.374295 0.2659235
0.3605852 0.2435838
0.3470381 0.2208875
0.3338273 0.1976188
0.3225992 0.1709491
0.3093603 0.147731
0.2955356 0.1259646
0.2810515 0.1085424
0.285383 0.08574709
0.3029449 0.07739085
0.3209252 0.07186064
0.3390037 0.06827348
0.3572294 0.06827348
0.3754551 0.06827348
0.3936808 0.06827348
0.4119065 0.06827348
0.4301206 0.06904593
0.4483183 0.07092795
0.4665341 0.07159445
0.4845726 0.0760507
0.5 0.08831617
0.5089467 0.09626949
0.5271161 0.0981622
0.5453418 0.0981622
0.5635675 0.0981622
0.5817932 0.0981622
0.6000189 0.0981622
0.6182446 0.0981622
0.6363196 0.09532776
0.6523025 0.08487833
0.6702737 0.07951733
0.6880516 0.0722045
0.7036597 0.05664229
0.7213571 0.05166861
0.7083279 0.0720031
0.6910667 0.08155736
0.6750016 0.09484124
0.6570654 0.0981622
0.6407297 0.1089901
0.6250976 0.1247805
0.6123539 0.1485284
0.6006382 0.1703375
0.5890412 0.1919256
0.5753251 0.2141376
0.5645003 0.2408957
0.5536911 0.2678553
0.5449001 0.2973422
0.5356323 0.3256953
0.5323699 0.3558553
0.5323699 0.389783
0.5323699 0.4237106
0.5323699 0.4576381
0.5216659 0.4813668
0.510962 0.5
