0.4927217 0.786034
0.4692511 0.7655804
0.4463471 0.7437651
0.4262784 0.7151349
0.4067447 0.6855911
0.3886244 0.6536332
0.3704498 0.6217597
0.3521588 0.5900666
0.3338677 0.5583735
0.3157287 0.5264454
0.297658 0.4974558
0.2822147 0.461958
0.2671695 0.4259352
0.2521243 0.3899124
0.2375046 0.353464
0.2250072 0.3148922
0.2112889 0.2775224
0.1981952 0.240033
0.192987 0.1971672
0.1889656 0.1540402
0.2088983 0.1408487
0.235343 0.1368516
0.2618408 0.1349022
0.2883843 0.134419
0.3148321 0.1304612
0.3412817 0.1265688
0.3678386 0.1265688
0.3943954 0.1265688
0.4208717 0.1288312
0.4472466 0.1339389
0.4736215 0.1390466
0.5 0.1441039
0.5074086 0.1489314
0.533803 0.1537589
0.5601974 0.1585864
0.5865044 0.1645286
0.6127787 0.1708889
0.6390529 0.1772491
0.6653496 0.1833461
0.6916735 0.1891236
0.7179974 0.1949011
0.7442105 0.2018366
0.770339 0.2096565
0.7966247 0.2154267
0.8230702 0.219075
0.8324893 0.2381892
0.8132012 0.2678552
0.7957711 0.3008283
0.7783094 0.3337612
0.7601892 0.365719
0.7422814 0.3979793
0.7256915 0.4321148
0.7091016 0.4662502
0.6922247 0.5
0.6752235 0.5305383
0.6584131 0.5643775
0.6418232 0.5985129
0.6251264 0.632467
0.6038809 0.6586958
0.5829369 0.685565
0.5607716 0.7044112
0.5380401 0.726859
0.515166 0.7489025
