0.5407701 0.914464
0.5198241 0.8962818
0.5003693 0.8771417
0.4867097 0.8575724
0.467923 0.838003
0.4497768 0.8180711
0.4318211 0.7980314
0.4138654 0.7779917
0.3959096 0.7579519
0.3779539 0.7379121
0.3599982 0.7178724
0.3427829 0.6974423
0.3257188 0.6769326
0.3086546 0.6564229
0.2915905 0.6359131
0.2754543 0.6150197
0.2633455 0.5924613
0.2512366 0.569903
0.2391278 0.5473446
0.2345497 0.5232165
0.2320105 0.5
0.2543572 0.4876369
0.2845974 0.481328
0.3149064 0.4751891
0.3451837 0.4689578
0.3753453 0.4623908
0.405507 0.4558239
0.4356687 0.449257
0.4658304 0.44269
0.4959921 0.4361231
0.5210027 0.4294946
0.550707 0.4217592
0.5804113 0.4140237
0.6101156 0.4062883
0.6398199 0.3985528
0.6693147 0.3903614
0.6985388 0.3815802
0.7277629 0.3727989
0.7573349 0.3647757
0.7796776 0.3627915
0.7697762 0.3859978
0.7534842 0.4068527
0.7368893 0.4275961
0.7204808 0.448427
0.7048166 0.4696075
0.6891524 0.490788
0.6734881 0.5108469
0.6578239 0.5320274
0.6423732 0.5532982
0.6282133 0.5751156
0.6140535 0.596933
0.5998937 0.6187503
0.5857338 0.6405677
0.571574 0.662385
0.5574141 0.6842024
0.5432543 0.7060198
0.5289669 0.7277859
0.5144835 0.7494732
0.5 0.7711605
0.4906436 0.7928479
0.4761601 0.8145352
0.4633948 0.8367813
0.4539011 0.8600914
