0.4247175 0.6696222
0.4047453 0.648017
0.3904156 0.62032
0.3756101 0.5926166
0.3591353 0.5659836
0.3505961 0.5351923
0.3389344 0.5056799
0.3265973 0.4809033
0.3161629 0.4508031
0.3057284 0.4207028
0.2932025 0.3915531
0.2806355 0.3624219
0.2705605 0.3321832
0.2606623 0.3018728
0.2512649 0.2713755
0.2412196 0.2411262
0.2331232 0.2102747
0.2296792 0.1785367
0.2587158 0.1767429
0.2877613 0.1703626
0.3163418 0.1616978
0.3457605 0.1571515
0.3751792 0.1526052
0.404742 0.1496997
0.4344257 0.1481706
0.4641094 0.1466416
0.4937931 0.1451125
0.5099599 0.1435834
0.5395588 0.1409889
0.5690466 0.1370016
0.5985345 0.1330142
0.6281357 0.1309957
0.657853 0.1309957
0.6875703 0.1309957
0.7172877 0.1309957
0.747005 0.1309957
0.776461 0.1325999
0.8043892 0.1435859
0.8280984 0.1616737
0.8373955 0.185477
0.8252388 0.2127593
0.804529 0.2357243
0.7824925 0.2572922
0.760456 0.2788601
0.7384033 0.3004082
0.7161201 0.3216774
0.6938369 0.3429466
0.6721176 0.3648487
0.6516498 0.3881553
0.631182 0.4114619
0.6107141 0.4347685
0.590176 0.4580025
0.5696347 0.4812333
0.5490934 0.5
0.5285099 0.5231861
0.5074965 0.5459175
0.5 0.5686489
0.4789867 0.5913803
0.4588264 0.6149263
0.4405817 0.6403016
0.422337 0.665677
0.4054309 0.692064
0.3898603 0.7194437
0.3777639 0.7477647
