0.4906827 0.8467394
0.4760526 0.8141438
0.4585428 0.7836006
0.4403059 0.7537156
0.4281563 0.719879
0.4128428 0.6877717
0.3962561 0.6563601
0.3790547 0.6253641
0.3617172 0.5944597
0.3445719 0.5634227
0.3283067 0.5318207
0.312409 0.5
0.2936487 0.4722534
0.2798319 0.4392546
0.2621925 0.4086866
0.2446138 0.3779773
0.2269453 0.3473273
0.2084118 0.3172967
0.1901207 0.2870833
0.1719743 0.2567608
0.1574754 0.2293194
0.17056 0.2115226
0.203274 0.2115226
0.2359692 0.211145
0.2684831 0.2071205
0.3010229 0.2033865
0.3336104 0.2001834
0.3661977 0.1969802
0.3987945 0.1940137
0.4315085 0.1940137
0.4642225 0.1940137
0.4969365 0.1940137
0.5240996 0.1939658
0.5567942 0.1927099
0.5894887 0.191454
0.6221882 0.1905119
0.6549022 0.1905119
0.6876162 0.1905119
0.7203301 0.1905119
0.7529658 0.1919139
0.7854272 0.1964342
0.8148751 0.2080208
0.8277704 0.23215
0.8220386 0.2679608
0.8075014 0.300474
0.7921716 0.3326679
0.7765064 0.3646611
0.7608413 0.3966543
0.7461676 0.4292134
0.7320112 0.4620676
0.7178549 0.4949219
0.7026265 0.5250669
0.6873901 0.5573159
0.6727172 0.5898871
0.658087 0.6224828
0.6417969 0.6540315
0.6242336 0.6847771
0.6065629 0.715441
0.587217 0.7448288
0.5671182 0.7735281
0.5450125 0.8003923
0.5202727 0.8240745
0.5 0.8464483
0.4718221 0.8642483
