0.4895073 0.5
0.4766699 0.4821138
0.4645512 0.4636262
0.4562666 0.4428492
0.4441 0.4242806
0.4320214 0.4056463
0.4203735 0.3867127
0.4085125 0.3679249
0.3960239 0.3496059
0.382716 0.3319071
0.370879 0.3131288
0.3594742 0.2940345
0.3482422 0.2748285
0.3371192 0.255556
0.3266585 0.23588
0.3162644 0.2161661
0.3060524 0.196348
0.2963756 0.1762396
0.28751 0.155732
0.277385 0.136072
0.2819171 0.1181915
0.3025124 0.1118049
0.3234803 0.1066521
0.3444687 0.1015909
0.365457 0.09652966
0.3866363 0.09252408
0.4079436 0.08922547
0.429251 0.08592692
0.4505583 0.08262828
0.4718657 0.07932973
0.4932245 0.07643422
0.5133469 0.07377335
0.5347357 0.07111266
0.5561246 0.06845179
0.5775162 0.06581527
0.5989086 0.06318527
0.620301 0.0605554
0.6417829 0.0591467
0.663309 0.05834326
0.6847869 0.05710909
0.7059085 0.05269486
0.7234236 0.0555785
0.7200257 0.0775263
0.7104914 0.09766892
0.701245 0.1179737
0.6917475 0.1381726
0.6816691 0.1580557
0.6709823 0.1775985
0.6623995 0.1982361
0.6523172 0.2180592
0.6407785 0.237054
0.6281093 0.2552574
0.6171529 0.2746295
0.6060038 0.2938865
0.5941527 0.3126488
0.5807278 0.3302446
0.5675669 0.3480127
0.5529796 0.3644365
0.5376811 0.3801253
0.5245733 0.3978114
0.5109844 0.4151992
0.5 0.4338353
0.4918752 0.4532809
0.4836277 0.473376
