0.557473 0.864441
0.5275676 0.8486061
0.5 0.8312767
0.4725412 0.8105059
0.4436753 0.7924138
0.4145091 0.7748938
0.3903093 0.7497437
0.3671815 0.7230479
0.3457045 0.6946175
0.3250305 0.6655087
0.3071847 0.6340107
0.2871614 0.6043991
0.2665691 0.5755615
0.2554695 0.540298
0.2421343 0.5061169
0.2272317 0.487031
0.2118614 0.4538952
0.1967606 0.4206458
0.1893399 0.3841597
0.183753 0.3472856
0.1767099 0.3116755
0.1816427 0.2798275
0.2143845 0.2755527
0.2472014 0.2716441
0.279799 0.2658041
0.3124427 0.2606308
0.3454441 0.2606308
0.3784456 0.2606308
0.411447 0.2606308
0.4444484 0.2606308
0.4774499 0.2606308
0.5088404 0.2599677
0.5418045 0.2581866
0.5747686 0.2564055
0.6077327 0.2546244
0.6406879 0.2527126
0.673508 0.2487927
0.7063392 0.2450189
0.7392675 0.2425281
0.7716842 0.2363409
0.8038011 0.2277676
0.8363749 0.2222376
0.8367714 0.2361007
0.8169706 0.2660567
0.7971535 0.2959985
0.7767645 0.3254423
0.7564943 0.3549895
0.7366935 0.3849455
0.7174981 0.4153433
0.7016953 0.4482161
0.6858925 0.481089
0.6706973 0.5
0.6559386 0.5334918
0.6412142 0.5670027
0.6270258 0.6008103
0.6128374 0.6346179
0.5978509 0.667972
0.5824807 0.7011077
0.5680422 0.7347561
0.5546391 0.7689738
0.5392769 0.8019987
0.5224127 0.8340506
0.5119767 0.8695741
