0.5046042 0.4777163
0.5 0.4553671
0.4952216 0.434368
0.4851102 0.4133689
0.4749988 0.3923697
0.4659597 0.3708584
0.4571858 0.3492205
0.4471675 0.3281769
0.4370562 0.3071777
0.426914 0.2861949
0.4164555 0.2653798
0.405997 0.2445648
0.394677 0.2242509
0.3830444 0.2041189
0.3705899 0.1845407
0.357624 0.1653069
0.3444795 0.1462065
0.3310674 0.1273056
0.3175117 0.1085181
0.3035429 0.09005719
0.2896917 0.07150114
0.2755694 0.05319923
0.2760409 0.06008232
0.2961248 0.07049018
0.3176893 0.07753736
0.3395207 0.08354202
0.3616455 0.08837864
0.3839642 0.092053
0.4063666 0.09522519
0.4288107 0.09805167
0.4512743 0.1007175
0.4737378 0.1033833
0.4962723 0.1047564
0.5135491 0.1047564
0.5361589 0.1047564
0.5587686 0.1047564
0.5813785 0.1047564
0.6039883 0.1047564
0.6265981 0.1047564
0.6492078 0.1047564
0.6718177 0.1047564
0.6944275 0.1047564
0.7170373 0.1047564
0.7161705 0.1206093
0.7015364 0.1382821
0.690611 0.1587843
0.6792186 0.1790639
0.6659469 0.1980694
0.6544534 0.2182469
0.6435573 0.2388185
0.6325331 0.2593161
0.6214804 0.2797948
0.6128717 0.3015042
0.604263 0.3232136
0.5956544 0.344923
0.5887529 0.3672293
0.5825957 0.3872853
0.5728544 0.407506
0.5605062 0.4271384
0.5473241 0.4461435
0.5332615 0.4643511
0.5182384 0.4813691
0.5066566 0.5
