0.5475366 0.8675494
0.5237682 0.844365
0.5 0.8211805
0.4790531 0.7965401
0.4575875 0.7717243
0.4380742 0.7457587
0.419379 0.7193112
0.4006839 0.6928637
0.3835414 0.6656764
0.367816 0.6378139
0.3520905 0.6099514
0.3363651 0.5820889
0.3206397 0.5542265
0.3033099 0.5270916
0.2858846 0.5
0.2684593 0.4739257
0.2510339 0.4468342
0.2336085 0.4197426
0.2154636 0.3930121
0.197057 0.3664129
0.1787699 0.339753
0.1610201 0.3128203
0.1821318 0.2971591
0.2168941 0.2898275
0.2516565 0.2824959
0.2864188 0.2751643
0.321765 0.2705071
0.3572129 0.2663159
0.3926608 0.2621247
0.4281088 0.2579335
0.4635566 0.2537423
0.499001 0.2495308
0.5335239 0.2444312
0.5688131 0.2393316
0.6041024 0.234232
0.6393915 0.2291323
0.6746808 0.2240327
0.70997 0.2189331
0.7452849 0.2139916
0.7808251 0.210436
0.8163652 0.2068803
0.8219402 0.2280901
0.8106269 0.2575181
0.7929362 0.2844738
0.7751863 0.3114064
0.7574365 0.3383391
0.739893 0.3653724
0.7225886 0.3925222
0.7052842 0.419672
0.6879799 0.4468218
0.6706756 0.4739716
0.6533712 0.5001041
0.6360669 0.5272539
0.6187626 0.5544037
0.6044406 0.5828066
0.590587 0.6114063
0.5767333 0.6400059
0.5628797 0.6686056
0.5496966 0.6973943
0.5415025 0.7275895
0.5333083 0.7577847
0.5251306 0.7879832
0.517202 0.8182316
0.5099671 0.8485475
