0.5281454 0.936736
0.5118577 0.9243184
0.5001307 0.8963546
0.4881225 0.8694284
0.4770871 0.8404388
0.4639475 0.8150383
0.4502219 0.7906069
0.4369549 0.7652603
0.4236414 0.7400048
0.410055 0.7152838
0.3964685 0.6905628
0.3824674 0.6667567
0.3677143 0.6446106
0.3519338 0.6254011
0.335581 0.6078275
0.3224973 0.5824139
0.3095884 0.5564149
0.2953863 0.5330823
0.2806332 0.5109363
0.2656448 0.4927389
0.2565629 0.4641607
0.2752936 0.4650114
0.2939593 0.4676095
0.3126814 0.4694598
0.331392 0.4720936
0.3501178 0.4743296
0.3688772 0.4745072
0.3876341 0.4747681
0.4063382 0.4775892
0.4250424 0.4804104
0.4437465 0.4832315
0.4624754 0.4848537
0.4812377 0.4848537
0.5 0.4848537
0.5183933 0.4848537
0.5371495 0.484363
0.5558906 0.482658
0.5746317 0.4809529
0.5933728 0.479248
0.6121166 0.477676
0.6308692 0.4765203
0.6496217 0.4753646
0.6683719 0.4740871
0.6871148 0.4724595
0.7058605 0.4710583
0.7246228 0.4710583
0.7321327 0.5
0.7239951 0.5265712
0.7109116 0.5522091
0.6971953 0.5766671
0.6835542 0.6012772
0.6699823 0.6260276
0.6564105 0.650778
0.6428668 0.6755844
0.6293423 0.7004293
0.6158178 0.725274
0.6025891 0.7506144
0.5914593 0.779472
0.5803295 0.8083296
0.5688678 0.8367071
0.5573488 0.8650018
0.5468674 0.8946813
0.538693 0.9261332
