0.5 0.5
0.4862074 0.4815075
0.4738448 0.4615901
0.4607087 0.4423323
0.4541694 0.419218
0.4435681 0.3980435
0.4334901 0.3765635
0.4241605 0.3546467
0.4147957 0.332749
0.4051251 0.3110194
0.3952937 0.2893931
0.3835465 0.2689962
0.3724061 0.2482195
0.3631491 0.2262636
0.3532067 0.2047241
0.3419308 0.1839941
0.3305119 0.1633644
0.3189027 0.1428681
0.3073259 0.1223492
0.2962005 0.1015169
0.2836513 0.08183753
0.2797095 0.06562296
0.3010682 0.0618329
0.3225636 0.05994469
0.3441876 0.05994469
0.3657625 0.05851352
0.3873228 0.05665019
0.4089089 0.05554417
0.4305328 0.05554417
0.4521568 0.05554417
0.4737807 0.05554417
0.4954046 0.05554417
0.5080164 0.05554417
0.5296404 0.05554417
0.5512643 0.05554417
0.5728883 0.05554417
0.5945123 0.05554417
0.6161362 0.05554417
0.6377314 0.05489951
0.6592668 0.05272686
0.6808404 0.05114359
0.7024643 0.05114359
0.7195538 0.05518904
0.7164401 0.07882547
0.7031081 0.09779745
0.6914917 0.1182355
0.6787984 0.1378999
0.6674467 0.1585045
0.6561403 0.1790137
0.6431826 0.1984085
0.630656 0.2179722
0.622887 0.2406431
0.6103365 0.2602988
0.6013967 0.2818872
0.5920316 0.3037589
0.5848525 0.326648
0.5759354 0.3487282
0.5673431 0.3709861
0.5582022 0.3929752
0.5481853 0.4144965
0.539207 0.4364904
0.5266424 0.4553155
0.5143266 0.4739615
