0.5057716 0.4881094
0.4981921 0.4669113
0.487918 0.4457131
0.4768524 0.4250962
0.4649002 0.4051303
0.4529481 0.3851643
0.4409959 0.3651984
0.4290437 0.3452325
0.4170916 0.3252665
0.4048725 0.3055311
0.3919866 0.2863713
0.3791008 0.2672114
0.366215 0.2480516
0.3533291 0.2288918
0.3404433 0.209732
0.3276334 0.1905065
0.3156595 0.1705583
0.3036857 0.1506101
0.2917118 0.1306618
0.2797379 0.1107136
0.2681367 0.09047773
0.2732912 0.08031344
0.2941711 0.08031344
0.315051 0.08031344
0.3359309 0.08031344
0.3568108 0.08031344
0.3776657 0.07929975
0.3985109 0.07789725
0.4193562 0.07649481
0.4402015 0.07509232
0.4610467 0.07368985
0.4818738 0.07196993
0.5 0.07013741
0.5208207 0.0683049
0.5416414 0.06647235
0.5624621 0.06463984
0.5832996 0.06310478
0.6041462 0.06172872
0.6249927 0.06035259
0.6458393 0.0589765
0.6666858 0.05760044
0.6875514 0.05701083
0.7084314 0.05701083
0.70777 0.07713568
0.7004774 0.09982547
0.6915004 0.1218101
0.6823401 0.1436891
0.6728299 0.1653666
0.6633196 0.1870441
0.6538093 0.2087216
0.644299 0.230399
0.6356602 0.2525561
0.6273582 0.2748985
0.6190562 0.297241
0.6107542 0.3195834
0.6024522 0.3419258
0.5941502 0.3642682
0.5859107 0.3866419
0.5777438 0.409052
0.5695768 0.431462
0.5614098 0.4538719
0.553982 0.4765869
0.5482458 0.5
