0.6033747 0.703124
0.5787169 0.6855556
0.5584612 0.664233
0.5389752 0.6424457
0.5200893 0.6202963
0.5012034 0.5981469
0.4957717 0.5759975
0.4768858 0.553848
0.4598532 0.5307705
0.4443744 0.5069151
0.4288956 0.492089
0.4134168 0.4682335
0.397938 0.444378
0.3824592 0.4205225
0.3674622 0.396462
0.3525082 0.3723831
0.3375543 0.3483042
0.3226004 0.3242254
0.3076464 0.3001465
0.2929816 0.2759492
0.2783985 0.2517183
0.2638154 0.2274874
0.2492324 0.2032565
0.2346493 0.1790257
0.2200662 0.1547948
0.2085457 0.1295169
0.1977534 0.1039901
0.2071571 0.1016948
0.2373838 0.1125221
0.2696754 0.1171657
0.3024257 0.1204358
0.3351759 0.1237058
0.3680685 0.1253833
0.4010514 0.1260501
0.4340343 0.1267169
0.4670171 0.1273837
0.5 0.1280505
0.5195286 0.1287172
0.5525147 0.1291696
0.5855076 0.1291696
0.6185005 0.1291696
0.6514935 0.1291696
0.6844864 0.1291696
0.7174655 0.1299433
0.7504441 0.1307374
0.7820424 0.135643
0.7947577 0.1560907
0.7822342 0.1809393
0.7655061 0.2042226
0.7494701 0.2278278
0.733606 0.251513
0.7178686 0.27525
0.7042588 0.2998576
0.690649 0.324465
0.6770391 0.3490725
0.6634293 0.37368
0.6507723 0.3986138
0.6389285 0.4238262
0.6270847 0.4490385
0.615658 0.4743733
0.6052247 0.5
0.5947914 0.5165973
0.585027 0.5423957
0.5726392 0.5668147
