0.562361 0.9053315
0.546946 0.8850852
0.5257344 0.8664808
0.5066682 0.8463349
0.4951165 0.8261892
0.4776535 0.8051578
0.4618436 0.7832133
0.4460337 0.7612687
0.4302237 0.7393243
0.4144138 0.7173798
0.3986038 0.6954353
0.3823631 0.6737046
0.3657815 0.6521431
0.3491999 0.6305816
0.3326182 0.6090201
0.3160366 0.5874586
0.2994807 0.565884
0.2829542 0.5442943
0.2664277 0.5227047
0.2499013 0.5011149
0.2351335 0.4827758
0.2211885 0.4600041
0.2072434 0.4372323
0.2257533 0.4248984
0.2564013 0.4202065
0.2870493 0.4155146
0.3176593 0.4106746
0.3480336 0.4049174
0.378408 0.3991603
0.4087824 0.3934031
0.4391568 0.3876459
0.4695311 0.3818887
0.5 0.3764961
0.523113 0.3717154
0.5537404 0.3669347
0.5843678 0.362154
0.6149952 0.3573734
0.6456226 0.3525926
0.67625 0.3478119
0.7070696 0.3441778
0.738144 0.3420635
0.7687639 0.3403525
0.7639825 0.3650603
0.7524018 0.3886989
0.7405501 0.4122475
0.7286276 0.4357726
0.7167051 0.4592977
0.702531 0.4819242
0.6871177 0.5
0.6717043 0.5221318
0.6562909 0.5442635
0.6408775 0.5663953
0.6254642 0.5885271
0.6119256 0.6114416
0.5989759 0.6346018
0.5860263 0.6577622
0.5730765 0.6809224
0.5601269 0.7040827
0.5487586 0.7277715
0.5381023 0.7516983
0.527446 0.775625
0.5173091 0.7996815
0.5097463 0.8243809
0.502942 0.8491566
