0.4317922 0.7482521
0.407462 0.7253317
0.3835269 0.7016174
0.3600087 0.6771312
0.33688 0.6519242
0.3171097 0.6220178
0.298735 0.5901586
0.2779661 0.5613841
0.2564118 0.5336218
0.237597 0.5023606
0.2194244 0.4997575
0.2057226 0.4636552
0.1920231 0.4275507
0.1787685 0.3911297
0.1656142 0.3546373
0.1524599 0.3181449
0.1417422 0.2802524
0.1420063 0.2590409
0.1712743 0.2549812
0.200394 0.2492276
0.2294135 0.2426136
0.2583531 0.235315
0.2874038 0.2292387
0.3167429 0.2263318
0.3460821 0.223425
0.3752901 0.2189647
0.4043197 0.2123905
0.4333493 0.2058164
0.4623789 0.1992423
0.4914084 0.1926681
0.5108677 0.1860441
0.5398813 0.1793366
0.5688951 0.1726291
0.5979088 0.1659217
0.6271447 0.1618623
0.6564935 0.1591483
0.6858423 0.1564343
0.7152103 0.1541886
0.7445909 0.1522479
0.7739871 0.1512145
0.8033911 0.1514358
0.828989 0.1635323
0.8459691 0.192635
0.8499744 0.2314879
0.8481086 0.2720314
0.8335071 0.3068375
0.8168483 0.340462
0.8005325 0.3744094
0.7842165 0.4083569
0.764511 0.4386456
0.7447953 0.4689232
0.7250795 0.4992008
0.7053638 0.5
0.6860151 0.5307274
0.6667897 0.5616056
0.6475641 0.5924838
0.6306452 0.6257951
0.6143292 0.6597426
0.5968596 0.692337
0.5754403 0.7202998
0.5540211 0.7482625
0.5365862 0.7809815
0.5188536 0.8133807
0.5 0.8395326
