0.5242648 0.8557757
0.5 0.8315343
0.4735098 0.8115041
0.446827 0.7919601
0.4229009 0.7660595
0.3994861 0.7389799
0.3760214 0.7119935
0.3524733 0.6851631
0.3290057 0.658194
0.3071449 0.628457
0.2857792 0.5980949
0.2689334 0.5620275
0.2520877 0.52596
0.2348714 0.4952618
0.2175317 0.4597001
0.2041706 0.4206294
0.1918763 0.3808173
0.1777448 0.3423547
0.169055 0.3007988
0.1657095 0.2575204
0.1873559 0.2455288
0.2171881 0.2455288
0.2470203 0.2455288
0.2768327 0.2441331
0.306639 0.2423137
0.336449 0.2406383
0.3662666 0.2392733
0.3960843 0.2379082
0.4258898 0.2363237
0.4554671 0.2306226
0.4850444 0.2249214
0.5140645 0.2192203
0.5436758 0.2141404
0.5734951 0.2128556
0.6033145 0.2115709
0.6331338 0.2102861
0.6628796 0.2072094
0.6925893 0.2032528
0.722299 0.1992962
0.7518761 0.1940002
0.781129 0.1854295
0.8104849 0.1779527
0.8402292 0.174601
0.851317 0.1801448
0.8261976 0.2036806
0.8026495 0.230511
0.7791014 0.2573414
0.758253 0.2884426
0.7394081 0.3221102
0.7240596 0.3595843
0.7080548 0.3964451
0.6913235 0.4326267
0.6745921 0.4688083
0.6578608 0.5
0.6423934 0.5373355
0.6275925 0.5752794
0.6123414 0.6128034
0.5951377 0.6485064
0.5776827 0.6838995
0.5565882 0.7148014
0.5386516 0.7494144
0.5205119 0.7834922
0.499179 0.8130922
0.4883021 0.8513173
