0.5053918 0.8157496
0.5196688 0.7989281
0.5314336 0.7739334
0.5435514 0.7493273
0.5589354 0.7283164
0.5742711 0.7072431
0.588778 0.6850991
0.603285 0.662955
0.6177919 0.640811
0.6313952 0.6176226
0.6449862 0.5944199
0.6597866 0.5726957
0.6751706 0.5516848
0.6890818 0.5289293
0.7021355 0.5051582
0.7171156 0.4982405
0.7324996 0.4772295
0.7470735 0.4560692
0.7450007 0.4322873
0.7234263 0.4297795
0.7016701 0.4297795
0.6799139 0.4297795
0.6581577 0.4297795
0.6364015 0.4297795
0.6146452 0.4297795
0.5928891 0.4297795
0.5711328 0.4297795
0.5493767 0.4297795
0.5276204 0.4297795
0.5058643 0.4297795
0.4876704 0.4297795
0.4659142 0.4297795
0.4441848 0.4304541
0.422556 0.4336649
0.4009272 0.4368758
0.3792983 0.4400867
0.3576695 0.4432975
0.3360407 0.4465084
0.3144704 0.4503548
0.2929329 0.454557
0.2713839 0.4586262
0.2497171 0.4613164
0.2392302 0.4761961
0.2558078 0.4953109
0.2723387 0.5
0.2897204 0.5178694
0.3074352 0.5351138
0.3251015 0.5524459
0.342346 0.5705628
0.3592164 0.5892856
0.3752029 0.60944
0.3908823 0.6299987
0.4050411 0.6525592
0.4191998 0.6751196
0.4328199 0.6982894
0.4464109 0.7214921
0.459196 0.7455117
0.4715215 0.7699972
0.4832034 0.7950151
0.4933829 0.8212759
0.5 0.8475367
0.5088565 0.8746761
0.5184069 0.9013686
0.5263398 0.9266136
