0.4810931 0.5
0.4701437 0.4807472
0.4603452 0.4595068
0.4492088 0.4390748
0.4399182 0.4175684
0.4305823 0.3960743
0.4209023 0.3747622
0.4106463 0.3537815
0.4011185 0.3324056
0.3922361 0.3106767
0.3829224 0.2891809
0.3727363 0.2681566
0.3628535 0.2469599
0.3531734 0.2256478
0.3419849 0.205276
0.3315608 0.1844596
0.3214831 0.1635545
0.3086278 0.1445633
0.2962871 0.1256191
0.2848766 0.1062692
0.3026767 0.09627685
0.3241647 0.09469867
0.34581 0.09469867
0.3674553 0.09469867
0.3890912 0.09401697
0.4107265 0.09329522
0.4323619 0.09257349
0.4539966 0.09182474
0.4756306 0.09105653
0.4972646 0.09028828
0.5123287 0.08880839
0.5338591 0.08635652
0.5553895 0.08390465
0.5768579 0.0809221
0.5982515 0.07729894
0.6196452 0.07367578
0.6411142 0.07065943
0.6626053 0.06782046
0.684101 0.06502494
0.7044104 0.05904821
0.72491 0.05344042
0.7189025 0.07085177
0.7043978 0.08848932
0.6901126 0.1063822
0.6755985 0.1240591
0.6610383 0.14169
0.6469101 0.1597408
0.6327819 0.1777896
0.6174765 0.1946383
0.602661 0.2119988
0.5885144 0.2300115
0.5768833 0.2498336
0.5705178 0.2726075
0.5595298 0.2929657
0.5506856 0.3145746
0.5430855 0.336885
0.5347769 0.358887
0.52936 0.3818277
0.525296 0.4052305
0.5188891 0.4278387
0.511442 0.4501497
0.5060048 0.4732106
0.5 0.496098
