0.5020705 0.8864412
0.5 0.8614588
0.4806575 0.8410276
0.4628804 0.8188275
0.445271 0.7964379
0.4276616 0.7740483
0.4094397 0.7523128
0.3911339 0.730667
0.3728281 0.7090211
0.3553479 0.6865189
0.3383173 0.6635505
0.3212867 0.6405821
0.3044937 0.6173896
0.2880496 0.5938682
0.2716056 0.5703468
0.2551615 0.5468253
0.238879 0.5231686
0.2242775 0.5
0.2096759 0.4749369
0.1940504 0.4507182
0.2055479 0.4405672
0.2316816 0.436958
0.2578153 0.4333487
0.283949 0.4297395
0.3100827 0.4261302
0.3358364 0.4199687
0.3615399 0.4134705
0.3872435 0.4069723
0.412947 0.4004741
0.4386505 0.3939759
0.4643541 0.3874777
0.4900663 0.3810255
0.5035877 0.3746886
0.5293219 0.3683517
0.5550562 0.3620147
0.5807905 0.3556778
0.6065247 0.3493409
0.632291 0.3431855
0.6581634 0.3376344
0.6840359 0.3320832
0.7099084 0.326532
0.7357809 0.3209808
0.7618124 0.3173875
0.7601727 0.3407167
0.7470315 0.3667485
0.7360004 0.3940982
0.7250975 0.4215128
0.7148013 0.4492351
0.7045052 0.4769575
0.694209 0.5027853
0.6854443 0.5311831
0.6768162 0.5596412
0.6681882 0.5880993
0.659562 0.6165582
0.6509934 0.6450398
0.6424248 0.6735214
0.6338562 0.702003
0.6252877 0.7304846
0.6162369 0.7587452
0.6052469 0.7861165
0.5942569 0.8134878
0.5833591 0.8409059
0.5729898 0.8685925
0.561234 0.8954679
