0.5880645 0.5
0.5738861 0.4823337
0.5586449 0.4654216
0.5431175 0.4487127
0.5288811 0.4311296
0.5156025 0.4128982
0.502324 0.3946667
0.4961093 0.3764352
0.4828308 0.3582037
0.4695304 0.3399854
0.4561588 0.3218098
0.4427873 0.3036342
0.4294158 0.2854587
0.4160443 0.2672831
0.4026727 0.2491075
0.3889172 0.2311749
0.3746943 0.213538
0.3604715 0.1959011
0.3462486 0.1782642
0.3320257 0.1606273
0.3178029 0.1429903
0.3042727 0.124918
0.2910237 0.1066689
0.2777747 0.0884198
0.2645257 0.07017067
0.2639312 0.05923754
0.2849413 0.06994691
0.3078174 0.07567328
0.331681 0.07876256
0.3555446 0.08185178
0.3795301 0.08338711
0.4036359 0.08338711
0.4277418 0.08338711
0.4518477 0.08338711
0.4759535 0.08338711
0.5 0.08195889
0.5169737 0.08031496
0.5410112 0.07867101
0.5650487 0.07702708
0.5890673 0.07521918
0.6129618 0.07233214
0.6368561 0.0694451
0.6607506 0.06655809
0.6846424 0.06365368
0.6976299 0.07192814
0.6963849 0.09367374
0.6921957 0.1151856
0.6844696 0.1357922
0.6756186 0.1561107
0.6667678 0.1764294
0.6576896 0.196656
0.6469091 0.2161942
0.6361287 0.2357323
0.6253482 0.2552705
0.6145677 0.2748086
0.6037872 0.2943468
0.5930067 0.313885
0.5822263 0.3334231
0.5715318 0.3529989
0.5613378 0.3727939
0.5511437 0.3925888
0.5409678 0.4123914
0.530866 0.4322252
