0.5905198 0.8372252
0.5671492 0.8111796
0.5447441 0.7845056
0.5229953 0.7574043
0.5012465 0.730303
0.5 0.7031752
0.479895 0.6751176
0.4597899 0.64706
0.4396849 0.6190023
0.4195798 0.5909448
0.399384 0.5629376
0.3789525 0.5350614
0.3585209 0.5071852
0.3380894 0.5
0.3176578 0.4721238
0.2972263 0.4442477
0.2767947 0.4163715
0.2580836 0.3875842
0.2393769 0.3587946
0.2206703 0.3300049
0.2019636 0.3012153
0.1832569 0.2724257
0.1653964 0.2432313
0.1478441 0.2138896
0.1308399 0.1843022
0.1598271 0.1843473
0.1976323 0.1854888
0.2354372 0.186056
0.2732416 0.1848945
0.3110459 0.183733
0.3488503 0.1825715
0.3866547 0.18141
0.4243728 0.1789983
0.4620622 0.1761695
0.4997517 0.1733407
0.5169845 0.1705119
0.5546739 0.1676832
0.592392 0.1654408
0.6302196 0.1654408
0.6680472 0.1654408
0.7058749 0.1654408
0.7437025 0.1654408
0.7813674 0.1671619
0.8028587 0.1820866
0.7901244 0.2132766
0.7769533 0.2443272
0.7637823 0.2753779
0.7507478 0.3064698
0.7392783 0.3380339
0.7278088 0.369598
0.7163393 0.4011621
0.7058056 0.4329606
0.6964743 0.4650604
0.687143 0.4971602
0.6778117 0.508569
0.6684805 0.5406687
0.6633536 0.5734776
0.6584005 0.6063158
0.6534474 0.639154
0.6484943 0.6719922
0.6422809 0.7046591
0.6356312 0.7372666
0.6322992 0.7701315
