0.4932028 0.8012035
0.4694645 0.7773736
0.4472658 0.7496156
0.4256197 0.7210851
0.4039736 0.6925547
0.3830244 0.6632093
0.3641115 0.6314828
0.345424 0.5995308
0.3273211 0.5669938
0.3091286 0.5345449
0.2906057 0.5024213
0.2720827 0.4838042
0.2535598 0.4516805
0.2372194 0.4176274
0.2216984 0.3828499
0.2057995 0.3483746
0.189575 0.3141594
0.1738094 0.2795827
0.1586215 0.2445506
0.1478561 0.2070629
0.1517814 0.1729323
0.1818081 0.1696632
0.2124203 0.1696632
0.2430325 0.1696632
0.2736447 0.1696632
0.3042569 0.1696632
0.3348691 0.1696632
0.3654813 0.1696632
0.3960935 0.1696632
0.4267057 0.1696632
0.4573179 0.1696632
0.4879301 0.1696632
0.5178241 0.1696632
0.5484363 0.1696632
0.5790413 0.1704597
0.6096448 0.1714202
0.6402484 0.1723806
0.6708518 0.1733409
0.7013675 0.1753897
0.7314391 0.1829394
0.7615106 0.190489
0.7912865 0.1998093
0.8165584 0.2186868
0.8365139 0.2488637
0.8459235 0.2860707
0.8459386 0.3264157
0.8426055 0.3663288
0.8278357 0.4016464
0.8139644 0.437609
0.7961687 0.4700094
0.7756902 0.5
0.7552117 0.5164839
0.7332503 0.5445079
0.7103704 0.5713137
0.6874906 0.5981196
0.6662794 0.6272017
0.6451675 0.6564193
0.6240556 0.6856369
0.6010271 0.7121212
0.5772685 0.7375645
0.5536152 0.7631763
0.5300983 0.7890065
0.5093297 0.8184594
0.5 0.8549573
