0.4899698 0.7887228
0.5 0.7532469
0.5173684 0.7289788
0.5396894 0.708144
0.5631092 0.6900556
0.586529 0.6719671
0.6099488 0.6538787
0.6332208 0.6353444
0.6564155 0.6165768
0.6795415 0.5976124
0.7024305 0.5779697
0.7251754 0.5579666
0.7467854 0.5351269
0.7683953 0.5122872
0.7841961 0.4962172
0.8016782 0.4673339
0.8080577 0.4282334
0.8172064 0.3905095
0.8194287 0.3504852
0.7996922 0.3308015
0.774204 0.3215376
0.748716 0.3122737
0.7232279 0.3030097
0.6976377 0.2944838
0.6719248 0.2868455
0.6462118 0.2792072
0.6203453 0.272985
0.5944243 0.267265
0.5683956 0.2630813
0.5422831 0.2600934
0.5161704 0.2571055
0.4935806 0.2564639
0.4673965 0.2564639
0.4412124 0.2564639
0.4150282 0.2564639
0.388853 0.2573972
0.3626802 0.2585863
0.3365074 0.2597754
0.3103362 0.2610398
0.2841687 0.2624834
0.2580013 0.263927
0.2319121 0.2668787
0.2059302 0.2718955
0.1799483 0.2769123
0.1899596 0.2960076
0.2073407 0.3260333
0.2265317 0.3534797
0.2467971 0.3790922
0.2647368 0.4085185
0.2824058 0.4383638
0.2993639 0.4691819
0.316322 0.5
0.3320265 0.5168629
0.3460086 0.5510603
0.3601916 0.5850439
0.3759021 0.6174015
0.3916544 0.6497089
0.4080115 0.6812927
0.4236502 0.7137231
0.4393914 0.7460327
0.4553738 0.7779201
0.4628977 0.8166612
0.4696378 0.8557209
0.4845982 0.8841444
