0.5337636 0.5
0.520479 0.4811467
0.5071945 0.4622934
0.4990894 0.4425541
0.488036 0.4226841
0.4769827 0.402814
0.4659365 0.3829411
0.455094 0.362987
0.4442516 0.3430328
0.4334092 0.3230787
0.4225667 0.3031246
0.4117243 0.2831705
0.4008818 0.2632163
0.3894126 0.2435397
0.376458 0.2245207
0.3635034 0.2055016
0.3505488 0.1864826
0.3375942 0.1674636
0.3246501 0.1484395
0.3121768 0.1291886
0.2997035 0.1099377
0.2872303 0.09068683
0.2796382 0.07740822
0.3028947 0.08668694
0.3287074 0.08722302
0.3545202 0.08775914
0.3803329 0.08829519
0.4061312 0.08821315
0.4318981 0.0867976
0.4576649 0.0853821
0.4834318 0.08396652
0.5059636 0.082551
0.5317304 0.08113545
0.5571947 0.07779208
0.5824937 0.07339564
0.6077926 0.0689992
0.6330916 0.06460282
0.6584027 0.06026104
0.6838477 0.05652535
0.7092927 0.05278969
0.7236134 0.05922496
0.7157094 0.0795508
0.7020246 0.09819534
0.6883398 0.1168399
0.6748878 0.1356066
0.6614626 0.1543875
0.6480373 0.1731684
0.6346121 0.1919492
0.6211869 0.21073
0.6077616 0.2295109
0.5943363 0.2482918
0.581646 0.2674273
0.5696202 0.2868836
0.5575944 0.3063398
0.5455686 0.3257961
0.5335429 0.3452523
0.5215171 0.3647086
0.5104867 0.3845757
0.5 0.4046673
0.4927484 0.4247588
0.4822618 0.4448503
0.4724627 0.4651397
0.4664822 0.4865284
