0.4648366 0.4661227
0.4537078 0.4456987
0.4429593 0.4248906
0.4332326 0.4032917
0.4234578 0.3817368
0.4125903 0.3609698
0.4020179 0.3399746
0.3914852 0.3189488
0.3809747 0.2979063
0.3704952 0.2768404
0.3597025 0.2560165
0.348853 0.2352378
0.3387837 0.2138721
0.3284531 0.1927032
0.3175354 0.1719757
0.3067971 0.1511082
0.2961459 0.1301728
0.2858415 0.108986
0.2767817 0.09147951
0.2965224 0.09546509
0.3166193 0.09546509
0.3367161 0.09546509
0.356813 0.09546509
0.3769099 0.09546509
0.3969496 0.09395412
0.4169601 0.09166738
0.4369706 0.08938071
0.4569929 0.08730644
0.4770707 0.08623403
0.4971486 0.08516163
0.5132983 0.08408928
0.5333074 0.0820449
0.5532355 0.0788517
0.5731636 0.07565859
0.5930917 0.07246545
0.6130813 0.06995621
0.6330956 0.06772104
0.6530989 0.06539091
0.6728342 0.06072867
0.6925695 0.0560663
0.7124384 0.0525924
0.7202611 0.06630114
0.7128487 0.08912498
0.7026968 0.1104281
0.6926511 0.1318065
0.6822779 0.152951
0.671525 0.173808
0.6607722 0.1946649
0.6500411 0.2155387
0.6393898 0.2364741
0.6273404 0.2561822
0.6146909 0.2753651
0.6028705 0.2953312
0.5913249 0.3155382
0.5810678 0.3367594
0.5685227 0.3558441
0.5576007 0.376542
0.5466822 0.3961258
0.5342396 0.4145018
0.5218482 0.4336854
0.5098916 0.4532416
0.5 0.4696589
0.4907916 0.4872683
0.4810587 0.5
