0.5063193 0.8204639
0.5213957 0.8074248
0.5358145 0.7919899
0.5509349 0.7790134
0.5660616 0.7660592
0.5811883 0.753105
0.5952029 0.736522
0.6090922 0.71953
0.622872 0.7022542
0.6362262 0.6838745
0.6495804 0.6654949
0.6620631 0.6451799
0.6744148 0.6245741
0.6864814 0.6035182
0.6957409 0.5780302
0.7046013 0.5520895
0.7128832 0.5254928
0.7169827 0.5
0.7002899 0.5
0.6835971 0.5
0.6669043 0.5
0.6502115 0.5
0.6335187 0.5
0.6168259 0.5
0.6001332 0.5
0.5834404 0.5
0.5667476 0.5
0.5500548 0.5
0.5333682 0.5007063
0.5166841 0.5016939
0.5 0.5026816
0.4960031 0.5028613
0.4793103 0.5028613
0.4626175 0.5028613
0.4459247 0.5028613
0.4292319 0.5028613
0.4125896 0.504532
0.3959327 0.5057226
0.3795319 0.5111344
0.3631113 0.5166414
0.3464443 0.5171677
0.3297582 0.5177834
0.3130788 0.5190077
0.2963971 0.520029
0.2804552 0.5214069
0.2915078 0.5403115
0.3037321 0.5611384
0.3170291 0.5796002
0.3305497 0.5975587
0.3438273 0.6161093
0.3562349 0.6366016
0.3686426 0.6570939
0.3799265 0.6795318
0.3903544 0.703452
0.4018462 0.7256248
0.4136498 0.7472855
0.4245099 0.7705392
0.4352219 0.7940317
0.445783 0.8177526
0.4547449 0.8435963
0.4632728 0.8699256
0.4716205 0.8964526
0.4770721 0.9251996
0.4831517 0.9492217
