0.4204794 0.7731338
0.3989113 0.7487131
0.3788844 0.7219951
0.3617656 0.6919123
0.3431971 0.6634122
0.32508 0.6344674
0.3093696 0.6030283
0.2930419 0.5721655
0.2762931 0.5416955
0.2627738 0.5089321
0.2531805 0.4896837
0.2435872 0.4541323
0.2334872 0.4188432
0.222594 0.3839648
0.2139878 0.3479842
0.2052202 0.3120663
0.1955413 0.2765562
0.1848429 0.2416176
0.1731705 0.2076151
0.1928962 0.1973444
0.2196586 0.1855324
0.2471172 0.1772766
0.2752208 0.17259
0.3033651 0.1683717
0.3315262 0.1643463
0.3596872 0.160321
0.3877833 0.1556132
0.4158042 0.1501157
0.4438251 0.1446182
0.471846 0.1391208
0.5 0.1354185
0.5271047 0.1334833
0.5553898 0.1315482
0.5836748 0.1296131
0.6119601 0.1276865
0.6402824 0.1276865
0.6686047 0.1276865
0.696927 0.1276865
0.7252492 0.1276865
0.7535715 0.1276865
0.7818937 0.1276865
0.810216 0.1276865
0.8242893 0.1518575
0.8337404 0.1851757
0.8322974 0.2228734
0.8257018 0.2585066
0.8092399 0.2892535
0.7932245 0.3203989
0.7782137 0.3524404
0.7627572 0.3840471
0.7444144 0.412837
0.7260715 0.4416268
0.7077997 0.4704949
0.690107 0.5
0.6724142 0.5132021
0.6545803 0.5425502
0.6359959 0.571063
0.6174114 0.5995758
0.5988269 0.6280885
0.5793102 0.6554412
0.5592833 0.6821592
0.5388397 0.7082875
0.5176713 0.7333905
0.4987994 0.7600724
