0.4370915 0.8572394
0.4417208 0.8162386
0.4510497 0.7779815
0.4666692 0.7433963
0.4838794 0.7106
0.5 0.6791888
0.5184419 0.6477777
0.53835 0.6183821
0.5582611 0.5889903
0.5781721 0.5595986
0.5990742 0.5317808
0.6203852 0.5046123
0.6416962 0.4805399
0.6630071 0.4533715
0.6865336 0.4305652
0.7101746 0.4079843
0.7328309 0.3835299
0.7535218 0.3553364
0.7742647 0.3272312
0.7960582 0.3009099
0.8177646 0.2744352
0.8389807 0.2471959
0.8434658 0.2172472
0.8158285 0.213685
0.7877977 0.2102808
0.7596393 0.2102808
0.7314808 0.2102808
0.7033224 0.2102808
0.675164 0.2102808
0.6470055 0.2102808
0.6188471 0.2102808
0.5906886 0.2102808
0.5625322 0.2104526
0.5343918 0.2119361
0.5062512 0.2134197
0.4804319 0.2149033
0.4523453 0.217602
0.4243137 0.2215428
0.396282 0.2254837
0.3684473 0.2316461
0.340672 0.2384795
0.3128409 0.2447643
0.2849295 0.2502578
0.2575614 0.2592216
0.230848 0.272366
0.2036581 0.2825314
0.1896107 0.3061132
0.2031538 0.3423432
0.2227861 0.3720722
0.2398886 0.4046305
0.2552879 0.4393076
0.2725755 0.472118
0.291346 0.5
0.3092929 0.5318789
0.3240506 0.5672791
0.3382772 0.6031154
0.35087 0.6402934
0.3634629 0.6774713
0.3760557 0.7146493
0.3886486 0.7518272
0.4012414 0.7890052
0.4138342 0.8261831
0.4264271 0.8633611
