0.2206868 0.3327891
0.2427951 0.3216125
0.2677737 0.3158002
0.2931759 0.3158002
0.3185781 0.3158002
0.343967 0.3164816
0.3693253 0.3187287
0.3946934 0.3206794
0.4200753 0.3222089
0.4454572 0.3237384
0.4707912 0.3264041
0.4960979 0.3297192
0.507257 0.3327891
0.5326592 0.3327891
0.5580614 0.3327891
0.5834636 0.3327891
0.6088658 0.3327891
0.6342679 0.3327891
0.6596701 0.3327891
0.6850723 0.3327891
0.7104745 0.3327891
0.7358767 0.3327891
0.7612789 0.3327891
0.7866811 0.3327891
0.8042233 0.3446298
0.7908601 0.3744327
0.7715034 0.3990697
0.7535414 0.4261292
0.7342061 0.4508569
0.714232 0.4744996
0.6946419 0.4988536
0.6752115 0.5068094
0.655781 0.531459
0.6366482 0.5566308
0.6175311 0.5818304
0.5984139 0.60703
0.5792968 0.6322296
0.5602537 0.657554
0.5414576 0.6832957
0.5226615 0.7090374
0.5038654 0.7347792
0.5 0.761747
0.4820379 0.7888064
0.4640759 0.8158659
0.4456325 0.8421748
0.427062 0.8682857
0.4103536 0.8967974
0.3973981 0.8688462
0.3892945 0.8327006
0.3857021 0.7948173
0.3803866 0.7574637
0.3738414 0.720488
0.3663006 0.6839505
0.3585986 0.6474842
0.3515502 0.6107522
0.3460397 0.5733957
0.3398941 0.5363041
0.3318613 0.5
0.3259007 0.4796352
0.321977 0.4418297
0.3165137 0.4044622
0.3144041 0.3663266
0.3051885 0.3323234
