0.4852374 0.8539646
0.4656332 0.8249495
0.44464 0.7985232
0.4245408 0.7703557
0.4050167 0.7410682
0.3850783 0.7125412
0.3650633 0.684155
0.3455274 0.6548991
0.326205 0.6252556
0.3072618 0.5949915
0.2891471 0.5633717
0.2710324 0.5317519
0.2530042 0.5
0.2349819 0.4904888
0.2201599 0.4546645
0.2060535 0.4180152
0.1952966 0.3784086
0.1894764 0.3364093
0.2012529 0.3123385
0.2277231 0.3117748
0.2541001 0.3078508
0.28058 0.3076395
0.3070658 0.3076395
0.3335516 0.3076395
0.3600374 0.3076395
0.386512 0.3065672
0.412982 0.3050735
0.4394521 0.3035798
0.4656868 0.2985053
0.4917454 0.290752
0.5037436 0.2829987
0.5298022 0.2752454
0.5562477 0.2734393
0.5827197 0.2720419
0.6091917 0.2706444
0.6356506 0.2687424
0.6620998 0.2664644
0.688549 0.2641864
0.7149982 0.2619083
0.7414638 0.2606499
0.7679496 0.2606499
0.7944354 0.2606499
0.8206561 0.2633244
0.8187095 0.2957879
0.7977505 0.322257
0.7777727 0.3507054
0.7563527 0.3761981
0.7364287 0.4045559
0.71772 0.4352342
0.6998615 0.4672418
0.6820029 0.4992495
0.6641444 0.5090074
0.6472516 0.5423543
0.6308881 0.5764351
0.6145246 0.610516
0.5981611 0.6445968
0.5828089 0.6798988
0.5677249 0.7155253
0.5525362 0.7510327
0.5377193 0.7869556
0.5230276 0.8230186
0.5060316 0.8561709
0.5 0.8836401
