0.4778942 0.4378622
0.4671069 0.4160506
0.4578805 0.3933157
0.4462778 0.372391
0.4380099 0.3489869
0.4282814 0.3264374
0.4179689 0.3042678
0.4071702 0.2824335
0.3963717 0.2605991
0.3855839 0.2387575
0.3757069 0.2162901
0.3660027 0.1937145
0.3565724 0.1709682
0.3461592 0.1488601
0.3341488 0.1281324
0.3217964 0.1077001
0.309427 0.08761939
0.3055921 0.07248956
0.3265808 0.07248956
0.3475695 0.07248956
0.3685581 0.07248956
0.3895467 0.07248956
0.4105354 0.07248956
0.431524 0.07248956
0.4525126 0.07248956
0.4735013 0.07248956
0.49449 0.07248956
0.5075498 0.07248956
0.5285385 0.07248956
0.5495271 0.07248956
0.5705158 0.07248956
0.5915045 0.07248956
0.612493 0.07248956
0.6334817 0.07248956
0.6544545 0.07204682
0.6753643 0.06984097
0.6962741 0.06763515
0.7170275 0.06385136
0.7376015 0.0600619
0.7353289 0.06607062
0.7196339 0.08294523
0.7066162 0.1026532
0.6890091 0.115643
0.6719742 0.129941
0.6522579 0.1383856
0.6332752 0.149189
0.6139787 0.1591197
0.5950785 0.1701795
0.5774255 0.1832177
0.5591168 0.1955017
0.5433721 0.212103
0.5295905 0.2312229
0.5161188 0.2507472
0.5028017 0.270413
0.5 0.2922613
0.4890296 0.3137793
0.4765669 0.3342332
0.4662923 0.3562301
0.4578027 0.3794934
0.4486517 0.4021674
0.443065 0.4265235
0.4378691 0.4506489
0.4348699 0.4755666
0.4328212 0.5
