0.5 0.8786274
0.488876 0.8519633
0.4672962 0.8296782
0.4495022 0.8035581
0.4317083 0.7774379
0.4145284 0.7508394
0.3980779 0.7236727
0.3817137 0.6964444
0.3658773 0.668839
0.3500409 0.6412336
0.3377457 0.6116384
0.3267316 0.5813234
0.3145422 0.5516042
0.3007814 0.5226815
0.2870206 0.5
0.2744453 0.4704348
0.2620175 0.4407897
0.2495896 0.4111446
0.2396722 0.380405
0.2305783 0.3493391
0.2210975 0.3187781
0.2124611 0.2890067
0.2284944 0.2673885
0.2579143 0.2661583
0.2874491 0.2691143
0.3169838 0.2720703
0.3465726 0.2741977
0.3761882 0.2759137
0.4058038 0.2776298
0.4354194 0.2793458
0.4647483 0.2836702
0.4938811 0.2897795
0.5184025 0.2958887
0.5475353 0.301998
0.5766665 0.3081158
0.6056997 0.314775
0.6347329 0.3214341
0.6633347 0.3297815
0.6912636 0.340763
0.7201124 0.3480875
0.7482656 0.3580678
0.7756302 0.3706386
0.8027345 0.3838897
0.8265598 0.3989104
0.8220986 0.4243493
0.8070943 0.4518773
0.7849287 0.4735689
0.7656123 0.4982989
0.7465289 0.517049
0.727106 0.5417225
0.7075876 0.5663007
0.6871914 0.5900033
0.6667953 0.6137058
0.6462295 0.6372265
0.6252592 0.6603137
0.6042888 0.6834009
0.5835804 0.7067482
0.5648792 0.7320886
0.546178 0.7574289
0.5247715 0.7799884
0.5030909 0.8022662
0.4903854 0.8284751
0.4746142 0.8561051
