0.6027799 0.8718899
0.5821229 0.8502861
0.5614407 0.828705
0.5407176 0.8071603
0.5199945 0.7856157
0.5 0.764071
0.4793686 0.7424446
0.4587488 0.7208077
0.4381291 0.6991707
0.4185494 0.6766626
0.3992641 0.6539077
0.3799789 0.6311528
0.3606937 0.6083979
0.341272 0.5857515
0.3218315 0.5631201
0.3023911 0.5404887
0.2829506 0.5178573
0.2635269 0.5
0.2464765 0.4756389
0.2294261 0.4512778
0.2123757 0.4269167
0.1953253 0.4025556
0.1804644 0.3769027
0.1657877 0.3511413
0.1753275 0.3415021
0.2057825 0.3415021
0.2361582 0.3394584
0.2665278 0.3372596
0.2968975 0.3350607
0.3271871 0.3322092
0.3572493 0.327503
0.3873116 0.3227968
0.4173738 0.3180906
0.4474361 0.3133844
0.4774983 0.3086781
0.5068319 0.3039719
0.5369097 0.2993607
0.5670105 0.29489
0.5971113 0.2904195
0.6272121 0.2859489
0.6573129 0.2814783
0.6875274 0.2778612
0.7178206 0.2748359
0.7481139 0.2718106
0.7699248 0.2799128
0.7699248 0.3093136
0.7614782 0.3371012
0.7499744 0.3643203
0.7403437 0.3922123
0.730713 0.4201043
0.7217274 0.4481868
0.7135515 0.4765082
0.7053756 0.5000432
0.6971998 0.5283647
0.6890239 0.5566862
0.680848 0.5850076
0.673081 0.6134346
0.6655333 0.6419181
0.6579856 0.6704016
0.6504378 0.6988851
0.6418427 0.7270771
0.6325232 0.7550673
0.6232038 0.7830577
