0.4941894 0.5
0.4815775 0.4806836
0.4722251 0.4583732
0.4623956 0.4363797
0.4521958 0.4146459
0.4425625 0.3925174
0.4327301 0.3705258
0.4226868 0.3486797
0.4126436 0.3268335
0.4026004 0.3049874
0.3925572 0.2831412
0.3823982 0.2613823
0.3714518 0.2402172
0.3618253 0.2181517
0.3529984 0.1955347
0.3424428 0.174065
0.331841 0.1526311
0.3209732 0.1314035
0.3087007 0.1114063
0.298158 0.08997291
0.2865859 0.06961796
0.2945325 0.05466574
0.3147753 0.05466574
0.3350181 0.05466574
0.3552608 0.05466574
0.3755036 0.05466574
0.3956784 0.05624759
0.415806 0.05892813
0.4359335 0.06160864
0.4561312 0.06325123
0.4763369 0.06477335
0.4965426 0.0662955
0.5121467 0.06797087
0.5323415 0.06970206
0.5525364 0.07143319
0.5726927 0.07375211
0.5928471 0.07610071
0.6130015 0.07844925
0.6331883 0.08031029
0.6534071 0.08114514
0.6736499 0.08114514
0.6938927 0.08114514
0.7141354 0.08114514
0.7273266 0.08910856
0.7148935 0.1089609
0.7029746 0.129298
0.6878815 0.1455207
0.6747053 0.1645648
0.6616015 0.1837423
0.6491136 0.2035348
0.6362307 0.2229212
0.6225556 0.2414075
0.6101663 0.2610669
0.5984648 0.2812854
0.5855699 0.3005985
0.5738282 0.3207073
0.5634848 0.3396514
0.5524907 0.360497
0.5451636 0.3838958
0.534429 0.4040134
0.5223848 0.4236356
0.5138713 0.4454189
0.5063553 0.4679655
0.5 0.4855565
