0.4975396 0.5
0.4847006 0.4795186
0.4759333 0.4542472
0.4643093 0.4321868
0.452287 0.4105247
0.4417503 0.3869831
0.4312136 0.3634415
0.4206769 0.3398998
0.408567 0.3183241
0.3963586 0.2968714
0.3844366 0.2750348
0.3728911 0.2526934
0.3615715 0.2300746
0.3505861 0.2070456
0.3390884 0.1846748
0.3271059 0.1629192
0.3156683 0.1404408
0.3040761 0.1181593
0.2922924 0.09612986
0.2786207 0.07935593
0.2847126 0.06060451
0.3025445 0.05489033
0.3207397 0.05237484
0.3390487 0.05237484
0.3573577 0.05237484
0.3756666 0.05237484
0.3939756 0.05237484
0.4122769 0.05305094
0.4305742 0.05407834
0.4488716 0.05510578
0.4670785 0.05807093
0.4852754 0.06124985
0.5 0.06453809
0.5181603 0.06819871
0.5363207 0.07185933
0.554481 0.07551992
0.5726238 0.07937989
0.5907351 0.08359846
0.6088464 0.08781713
0.6268798 0.09276471
0.6448687 0.09811974
0.6627713 0.1041513
0.680882 0.1080931
0.6988687 0.1132247
0.7152726 0.1175354
0.7227817 0.1269466
0.7120671 0.1501897
0.699585 0.1712207
0.6880279 0.1935118
0.6747895 0.2131755
0.6618016 0.233459
0.649797 0.2551662
0.6373572 0.2760952
0.6260248 0.2974784
0.6141732 0.3189384
0.6037273 0.3425795
0.5927241 0.3655288
0.5805478 0.3870263
0.5682998 0.408423
0.5563261 0.4301986
0.5437587 0.4490047
0.528349 0.4602202
0.5130867 0.4749268
