0.6074388 0.8367151
0.5824392 0.8104137
0.5574395 0.7841122
0.5333915 0.7570363
0.5099783 0.7294436
0.4896367 0.701851
0.4662236 0.6742582
0.4428104 0.6466656
0.4193972 0.6190729
0.3989864 0.5894131
0.3787856 0.5596088
0.3585849 0.5298043
0.3383841 0.5
0.3181832 0.4934981
0.2979825 0.4636937
0.278949 0.4332141
0.2604618 0.4024185
0.2419746 0.3716229
0.2234874 0.3408273
0.2050003 0.3100317
0.1865796 0.2792004
0.1684024 0.2482381
0.1502251 0.2172758
0.1320479 0.1863134
0.1310006 0.162599
0.1682195 0.1635886
0.2053529 0.1665341
0.2424863 0.1694796
0.2796197 0.1724251
0.3167845 0.1747662
0.3540419 0.1753292
0.3912994 0.1758921
0.4285568 0.176455
0.4658142 0.1770179
0.5 0.1775809
0.5372549 0.1782774
0.5745096 0.1789867
0.6117642 0.1796959
0.6490189 0.1804051
0.6862677 0.1813395
0.7235137 0.1823823
0.7607597 0.183425
0.7979434 0.1856436
0.8253477 0.2005885
0.8165264 0.2349128
0.8051842 0.2686331
0.7906654 0.3012988
0.7761467 0.3339644
0.7616278 0.3666301
0.747109 0.3992958
0.7331305 0.4321699
0.7196592 0.4652397
0.7061879 0.4983095
0.6927166 0.5080768
0.6793646 0.541187
0.6678287 0.5749134
0.6562929 0.6086397
0.6447571 0.6423661
0.6341046 0.6763171
0.6264282 0.7110251
0.6187519 0.7457331
0.6110755 0.7804412
0.6084175 0.8157979
