0.4397608 0.6350266
0.4173801 0.6138549
0.3972424 0.5864833
0.3810706 0.553476
0.3676576 0.5177695
0.3525966 0.5
0.3360491 0.4674321
0.319586 0.4347641
0.3058531 0.399741
0.2947008 0.3624272
0.2793589 0.3285044
0.2671987 0.2916976
0.2556669 0.2544104
0.2439798 0.2172374
0.2334077 0.1793946
0.2281685 0.1392236
0.2502172 0.1317164
0.2771702 0.1317164
0.3041232 0.1317164
0.3310762 0.1317164
0.3580163 0.1327431
0.3849493 0.1343288
0.4118928 0.1350903
0.4388458 0.1350903
0.4657987 0.1350903
0.4927239 0.1365134
0.5054578 0.1389845
0.5323625 0.1414556
0.559267 0.1439267
0.5861949 0.1452122
0.6131479 0.1452122
0.6401008 0.1452122
0.6670538 0.1452122
0.6940007 0.1444718
0.7209453 0.1434406
0.7478899 0.1424094
0.7748382 0.1418383
0.8017912 0.1418383
0.8286916 0.1399016
0.8381822 0.1436007
0.8139808 0.1613898
0.7886493 0.1749503
0.7659482 0.1971885
0.7438321 0.2207687
0.7211599 0.2430798
0.6997914 0.2681276
0.6789856 0.2943563
0.6572216 0.3186812
0.6353483 0.3427891
0.6135927 0.3671421
0.5920303 0.3918975
0.5704679 0.416653
0.5489056 0.4414084
0.5273432 0.4661639
0.5065352 0.4923797
0.5 0.502512
0.4808834 0.5315894
0.4627988 0.5621524
0.4449511 0.5930307
0.4244869 0.6198817
0.4067174 0.6505085
0.3906298 0.6835546
0.3722393 0.7137173
0.3515975 0.7396196
