0.490505 0.8025323
0.4705332 0.7805175
0.4554766 0.7542795
0.435465 0.7314254
0.4170551 0.7072319
0.3985509 0.6831124
0.379896 0.6591113
0.3608363 0.6354414
0.3415062 0.6119927
0.3238174 0.5874905
0.3110486 0.5598307
0.2974775 0.5325745
0.2833499 0.5055983
0.2708858 0.4928123
0.2608086 0.4641225
0.2553861 0.4341515
0.2512519 0.4039167
0.2462879 0.3738086
0.2405637 0.3438414
0.2366376 0.3135976
0.2312984 0.2835839
0.2473961 0.2875744
0.272582 0.3043969
0.3016619 0.3116723
0.3309346 0.3189355
0.3595797 0.3285879
0.3893031 0.3330841
0.4193617 0.335978
0.4494202 0.3388719
0.4794788 0.3417658
0.5 0.3472213
0.5292168 0.354926
0.5585139 0.3622555
0.5882694 0.3674416
0.6180249 0.3726277
0.6478126 0.3776033
0.6777303 0.3817274
0.707648 0.3858516
0.7361252 0.3959448
0.765125 0.4041514
0.7935401 0.4136527
0.8129318 0.432889
0.8279339 0.4574422
0.8295962 0.4876929
0.817603 0.5
0.7980697 0.5232733
0.7781864 0.5462444
0.7582288 0.5691489
0.7380297 0.5918368
0.7143227 0.6106468
0.6901671 0.6289608
0.6692499 0.6509005
0.6484941 0.6730385
0.625444 0.6927549
0.6022403 0.712284
0.5788059 0.7315318
0.5553715 0.7507796
0.531937 0.7700275
0.5081085 0.7887415
0.4922778 0.8059776
0.4673581 0.8232136
0.4419079 0.8396375
0.4170209 0.8569043
0.3936203 0.8759872
