0.390153 0.6751294
0.3784081 0.6444616
0.3614566 0.6158888
0.34375 0.5877475
0.3256441 0.559841
0.3071682 0.532159
0.2883211 0.5047108
0.2705692 0.5
0.2544907 0.4709629
0.2377023 0.4423034
0.2212377 0.4134796
0.2059579 0.3840451
0.1924188 0.3538432
0.1821271 0.3225568
0.1673227 0.293166
0.16207 0.2608126
0.1883763 0.253217
0.2215753 0.2454453
0.2547079 0.2375559
0.286431 0.2253339
0.3182722 0.213489
0.3517209 0.2067772
0.3851695 0.2000653
0.4186182 0.1933534
0.4520668 0.1866415
0.4856718 0.1807776
0.5018677 0.1759895
0.535671 0.1712015
0.5695069 0.1666602
0.6034758 0.1631231
0.6374447 0.159586
0.6714136 0.156049
0.7055031 0.1541294
0.7396482 0.1529548
0.7737941 0.1518275
0.807961 0.1518275
0.8421278 0.1518275
0.8588536 0.1590596
0.8370635 0.1838045
0.8133547 0.2074124
0.7933925 0.2338788
0.7765805 0.2625279
0.7597685 0.291177
0.7441596 0.3204504
0.7285687 0.3497332
0.7129778 0.379016
0.6973869 0.4082987
0.6820599 0.4377102
0.66678 0.4671447
0.6515002 0.4965792
0.6349391 0.5019853
0.6177827 0.5304444
0.6006263 0.5589035
0.5828627 0.586995
0.5636779 0.6142262
0.5444932 0.6414574
0.5250803 0.6685265
0.5037365 0.6942239
0.5 0.7199214
0.4784909 0.7454811
0.4551783 0.7695392
0.4318988 0.793627
0.4088115 0.8178858
0.390153 0.8428559
