0.5509416 0.6829718
0.5244333 0.6692707
0.5007415 0.6493876
0.4993413 0.6296393
0.4755275 0.6099139
0.4526378 0.5890525
0.4298261 0.5681159
0.411283 0.5430693
0.3923627 0.5183637
0.3707774 0.5
0.3491921 0.4777044
0.3325378 0.4512827
0.3159014 0.4248459
0.2993119 0.3983778
0.2826332 0.3719721
0.2650293 0.3462125
0.2480447 0.3200457
0.2328995 0.2926693
0.2179023 0.2652063
0.2021145 0.2382978
0.1833078 0.2134919
0.1681626 0.1861155
0.1559478 0.1574112
0.1643346 0.1399845
0.1948608 0.1399845
0.2253559 0.1387025
0.2558456 0.1371941
0.2863717 0.1371941
0.3168979 0.1371941
0.347424 0.1371941
0.3779502 0.1371941
0.4084764 0.1371941
0.4390025 0.1371941
0.4695286 0.1371941
0.5 0.1385551
0.5080239 0.1411736
0.5384446 0.1437921
0.5687346 0.1474186
0.5987505 0.15316
0.6287663 0.1589014
0.6592069 0.1608562
0.6896492 0.1626284
0.7186089 0.1725992
0.7488301 0.1762598
0.7621359 0.1982573
0.769013 0.2289689
0.7697631 0.2604042
0.7697631 0.291935
0.767777 0.3233683
0.7648829 0.354757
0.7584672 0.3855348
0.7512752 0.4161779
0.7440833 0.446821
0.7372088 0.4775414
0.7304069 0.5043476
0.7236049 0.5350856
0.715871 0.5655784
0.7076062 0.5959315
0.6993414 0.6262845
0.6886599 0.6557701
0.6769191 0.6848754
0.6648684 0.713842
0.6523415 0.7425956
0.6400911 0.7694744
