0.5060345 0.8221745
0.4898092 0.803863
0.4642002 0.7803099
0.4417773 0.7518184
0.4193544 0.7233269
0.3988096 0.6926346
0.3782723 0.6619337
0.3575744 0.6314074
0.3368477 0.6009127
0.3180406 0.5686319
0.3014211 0.5343159
0.2848016 0.5
0.2674714 0.4774401
0.2501177 0.4437159
0.2330456 0.4097642
0.2163545 0.3755043
0.2006748 0.3405274
0.1864934 0.3044881
0.1744257 0.2672641
0.1668105 0.2284847
0.1683933 0.1937169
0.1973964 0.1796013
0.2282148 0.1702602
0.2588081 0.1596584
0.2902372 0.1560363
0.3219277 0.1545982
0.353588 0.1524571
0.3852142 0.1495167
0.4168404 0.1465763
0.4484745 0.1438493
0.480178 0.1429922
0.5 0.1421351
0.5317035 0.141278
0.5634089 0.1406384
0.5951196 0.1406384
0.6268303 0.1406384
0.6585411 0.1406384
0.6902518 0.1406384
0.7219424 0.1418099
0.7536232 0.1435601
0.7851571 0.1476309
0.8165685 0.1530732
0.8476481 0.1609168
0.8472953 0.1886213
0.8264164 0.2186446
0.8101014 0.2531956
0.7931222 0.2871977
0.7748729 0.3201497
0.7566236 0.3531016
0.7393402 0.386866
0.7225991 0.4210864
0.7058579 0.4553068
0.689014 0.4894411
0.670882 0.5113145
0.6527501 0.5443709
0.6346182 0.5774273
0.6147182 0.6087628
0.5943221 0.6396155
0.5738196 0.6703497
0.5524381 0.7001056
0.5310565 0.7298615
0.508123 0.7575742
0.4958429 0.7836699
0.4737833 0.8122785
