0.5368488 0.8693534
0.5151543 0.8485211
0.5 0.8288769
0.4776516 0.808903
0.4565636 0.7871972
0.4368102 0.7636578
0.4173737 0.7397878
0.4004042 0.7133438
0.3834348 0.6868998
0.3675277 0.6595512
0.3520318 0.6318524
0.336536 0.6041536
0.3208764 0.576587
0.3050501 0.5491548
0.290094 0.5210924
0.2769479 0.5
0.2640785 0.4704563
0.2515854 0.440681
0.2380259 0.411593
0.2235801 0.3831361
0.2064293 0.3568587
0.1972539 0.325749
0.2133443 0.3155752
0.2412798 0.3155752
0.2692153 0.3155752
0.2971509 0.3155752
0.3250864 0.3155752
0.3530219 0.3155752
0.3809574 0.3155752
0.4088929 0.3155752
0.4368284 0.3155752
0.4647639 0.3155752
0.4926995 0.3155752
0.5132366 0.3155752
0.5411721 0.3155752
0.5691076 0.3155752
0.5970431 0.3155752
0.6249786 0.3155752
0.6529141 0.3155752
0.6808261 0.3160542
0.7085702 0.3199438
0.7360545 0.3252221
0.7584839 0.3406592
0.7761792 0.3648646
0.7804869 0.3973631
0.7746431 0.4295228
0.7628884 0.4595622
0.7491928 0.4885768
0.7355678 0.5093575
0.7220011 0.538458
0.7086083 0.5676697
0.695749 0.5972229
0.6828899 0.6267761
0.6700307 0.6563293
0.6574808 0.6860702
0.645291 0.7159989
0.6359935 0.7473909
0.6260505 0.7783555
0.6085992 0.8043505
0.5905367 0.8297359
0.5725743 0.855221
0.5500389 0.8729697
0.5316136 0.8979256
