0.1464869 0.2836428
0.1702516 0.2664922
0.1996896 0.2585832
0.2293663 0.2520322
0.2591966 0.2463553
0.2887721 0.2391996
0.318262 0.2315468
0.3480493 0.2261403
0.3782021 0.2234919
0.4083549 0.2208435
0.438502 0.2181118
0.4686475 0.2153581
0.4987573 0.2122135
0.5112082 0.2077946
0.5412014 0.2033756
0.5712067 0.1991723
0.6014486 0.1991723
0.6316904 0.1991723
0.6619323 0.1991723
0.6921741 0.1991723
0.722416 0.1991723
0.7526578 0.1991723
0.7818557 0.2020502
0.7835912 0.2325277
0.7695 0.2627611
0.7499909 0.2889922
0.7300383 0.3147808
0.71286 0.343193
0.6970104 0.3726017
0.681919 0.4025125
0.669418 0.4337099
0.6620833 0.46721
0.6539407 0.5002314
0.6452508 0.5333062
0.6373858 0.5666329
0.6304592 0.6002461
0.6234425 0.6338348
0.6163849 0.6674124
0.6093361 0.7009924
0.6024095 0.7346056
0.5947256 0.7679734
0.5851623 0.8007325
0.5729226 0.8322258
0.5523029 0.8535936
0.522061 0.8535936
0.5044579 0.8290983
0.5 0.8067101
0.4790679 0.7824161
0.4603838 0.7552636
0.4419112 0.7279234
0.4235284 0.7005047
0.4053833 0.6728798
0.3884237 0.6443139
0.3720703 0.6152671
0.3557167 0.5862203
0.3392498 0.5572582
0.3224747 0.5285266
0.3057265 0.5
0.289373 0.4709532
0.2711702 0.4436082
0.2505117 0.4184343
0.2265489 0.3993282
0.215165 0.3691009
