0.4938169 0.4846724
0.4851367 0.4627121
0.4764036 0.4407751
0.4675719 0.4188814
0.4569536 0.3979479
0.4455862 0.377417
0.436082 0.3558576
0.4268045 0.3341731
0.4170251 0.3127429
0.4069986 0.291438
0.3966898 0.2702863
0.3863191 0.2491682
0.375573 0.2282695
0.3643397 0.2076554
0.3532227 0.186971
0.3422683 0.1661883
0.3313137 0.1454055
0.3203301 0.1246402
0.3090326 0.1041015
0.2948353 0.08566612
0.2856002 0.06419858
0.2835676 0.05389833
0.3052269 0.06000564
0.3274933 0.06278878
0.3496712 0.06621259
0.3717501 0.07035208
0.3940768 0.07238421
0.4164355 0.07414383
0.4388186 0.07520548
0.4612386 0.07520548
0.4836587 0.07520548
0.5022264 0.07520548
0.5246465 0.07520548
0.5470665 0.07520548
0.5694809 0.07558736
0.59189 0.07633141
0.6142991 0.07707542
0.6367145 0.07739514
0.6591345 0.07739514
0.6815545 0.07739514
0.7039745 0.07739514
0.725817 0.07441962
0.7245533 0.08594239
0.7090026 0.1030641
0.6950788 0.121726
0.6814214 0.1406123
0.6681629 0.1598205
0.6533027 0.1775686
0.6374493 0.1944117
0.6219761 0.2116263
0.6074941 0.2298098
0.5955701 0.2498714
0.5843692 0.2705042
0.5742005 0.2916883
0.565214 0.3135107
0.5597299 0.336539
0.5556767 0.3598121
0.5501876 0.3827625
0.5431148 0.4051706
0.5396622 0.4286905
0.5341151 0.4512463
0.5270491 0.4715393
0.5120202 0.487516
0.5 0.5
