0.4125209 0.4336758
0.4000488 0.4118103
0.3876703 0.388362
0.3796089 0.3596188
0.3691055 0.3333643
0.361353 0.304266
0.3525053 0.2761069
0.3442076 0.247449
0.3349119 0.2197437
0.3273387 0.1906022
0.3200276 0.1612147
0.3120972 0.1324257
0.3056659 0.1025119
0.2987791 0.07506043
0.3047616 0.05787423
0.3232385 0.05787423
0.3417153 0.05787423
0.3601922 0.05787423
0.3786691 0.05787423
0.3971459 0.05787423
0.4156228 0.05787423
0.4340997 0.05787423
0.4525766 0.05787423
0.4710534 0.05787423
0.4895303 0.05787423
0.5006078 0.05787423
0.5190846 0.05787423
0.5375615 0.05787423
0.5560384 0.05787423
0.5745153 0.05787423
0.592984 0.05868718
0.61145 0.05979258
0.6299158 0.06089804
0.6483834 0.06191498
0.6668513 0.06291685
0.6853191 0.06391868
0.7037613 0.06578761
0.7222045 0.06742847
0.7335055 0.07988575
0.7219741 0.1041291
0.7096946 0.1278726
0.6976793 0.1519765
0.6867151 0.1777213
0.6744958 0.2017165
0.6615247 0.2245355
0.649922 0.249089
0.6356339 0.2691804
0.6217024 0.2901807
0.6079679 0.3114443
0.5924711 0.3289085
0.5767559 0.3457641
0.5628685 0.3660519
0.5463592 0.3789136
0.5319872 0.3981541
0.5155242 0.41081
0.5 0.426735
0.4911616 0.4413903
0.475688 0.4577784
0.4603436 0.4749697
0.4458629 0.4936304
0.432701 0.5
0.4243115 0.4727874
0.4167367 0.444179
0.4106864 0.4177521
