0.4883922 0.9089285
0.4817439 0.8759693
0.4678694 0.8476415
0.4531202 0.8202634
0.4374368 0.7940555
0.4226814 0.7667216
0.4085153 0.7386727
0.3927639 0.7125777
0.3768388 0.6866971
0.362952 0.658342
0.3494202 0.6296196
0.3363236 0.6004471
0.3238994 0.570671
0.3125936 0.5398911
0.2999226 0.5103135
0.287128 0.4880927
0.2729619 0.4600439
0.2596363 0.4311925
0.2483305 0.4004125
0.238514 0.3688396
0.2558825 0.3595706
0.2794927 0.3595706
0.3030336 0.3610858
0.3264273 0.365823
0.349821 0.3705602
0.3732908 0.3743415
0.3967839 0.3778303
0.42033 0.3797373
0.4439403 0.3797373
0.4675505 0.3797373
0.4911607 0.3797373
0.507366 0.3797373
0.5309762 0.3797373
0.5545657 0.3811561
0.5781536 0.382679
0.6017479 0.3837707
0.625358 0.3837707
0.6489683 0.3837707
0.6725785 0.3837707
0.6956832 0.3898677
0.7191302 0.3918374
0.7427404 0.3918374
0.7641006 0.3837707
0.7877108 0.3837707
0.7717093 0.4069558
0.7530725 0.4284812
0.7401719 0.4573944
0.7228599 0.4809656
0.7072967 0.5
0.6897969 0.5235043
0.6717105 0.5460231
0.6530499 0.5674053
0.6339187 0.5867339
0.61805 0.6126242
0.6013551 0.6374161
0.5836419 0.6605918
0.5666524 0.6849161
0.5499575 0.709708
0.5342907 0.7359138
0.5167366 0.7591716
0.5 0.7838945
0.4936508 0.812386
0.4769559 0.8371779
0.4720958 0.8645616
