0.4824369 0.8301674
0.4587827 0.8059612
0.435329 0.7814788
0.4121433 0.7566361
0.3918038 0.7287985
0.3740646 0.6982304
0.3517027 0.672492
0.3309934 0.6452203
0.3153789 0.6130447
0.2997829 0.5808569
0.2850078 0.548122
0.27157 0.5146275
0.2595022 0.4825086
0.2467268 0.4486008
0.2336389 0.4149529
0.2264438 0.3788371
0.2138985 0.345618
0.2072081 0.3157279
0.2383727 0.3157279
0.2695299 0.3153991
0.3006513 0.3134451
0.3317343 0.3109849
0.3626426 0.3062271
0.3935508 0.3014693
0.4244591 0.2967115
0.4552801 0.2912109
0.4860929 0.2856413
0.5149134 0.2800717
0.545656 0.2740031
0.5763049 0.2672678
0.6069537 0.2605324
0.6376026 0.2537969
0.6680664 0.2460621
0.6982422 0.2367719
0.7284181 0.2274817
0.7586328 0.2184512
0.7896426 0.2147518
0.8206525 0.2110524
0.8518087 0.2108546
0.8375211 0.2360863
0.8206074 0.266858
0.796272 0.2900834
0.776063 0.31808
0.7566277 0.3470195
0.7334632 0.3718908
0.7097089 0.3959495
0.6857677 0.4197508
0.6630694 0.445035
0.6431184 0.4735966
0.6231673 0.5
0.6026394 0.5279713
0.5820202 0.5558494
0.5611836 0.583494
0.5401249 0.6109005
0.5190663 0.6383071
0.5 0.6657136
0.4789414 0.6931201
0.4574984 0.7200876
0.4354618 0.7463771
0.4134251 0.7726665
0.3927233 0.8004456
0.3722013 0.8284255
0.3506795 0.8552895
