0.523739 0.4481478
0.5117213 0.4296156
0.5 0.4109397
0.4909636 0.3920758
0.4796302 0.3732118
0.4682968 0.3543478
0.4565121 0.3357022
0.4445293 0.3171526
0.4325465 0.2986028
0.4205636 0.2800531
0.4085808 0.2615035
0.396598 0.2429537
0.3846152 0.224404
0.3720571 0.2061652
0.3587271 0.1883435
0.3453971 0.1705218
0.3320672 0.1527001
0.3187372 0.1348784
0.3057519 0.1168682
0.2935469 0.09843135
0.2813419 0.07999447
0.273843 0.06236696
0.2980655 0.06236696
0.322288 0.06236696
0.3465105 0.06236696
0.370733 0.06236696
0.3949555 0.06236696
0.4191778 0.0623447
0.4433964 0.06196362
0.467615 0.06158254
0.4918337 0.06120139
0.5137553 0.06082037
0.5379739 0.06043923
0.562172 0.0595637
0.5863572 0.05837965
0.6105424 0.05719572
0.6347276 0.05601177
0.6589128 0.05482775
0.6831114 0.05407062
0.7073339 0.05407062
0.7174754 0.06225237
0.7068723 0.0814299
0.6957628 0.1003971
0.6846533 0.1193641
0.6735288 0.1383244
0.6623667 0.1572675
0.6512046 0.1762106
0.6400425 0.1951537
0.6288804 0.2140968
0.6177183 0.2330399
0.6063269 0.2518758
0.5947785 0.2706383
0.5832301 0.2894007
0.5716817 0.3081631
0.5601333 0.3269256
0.5485849 0.345688
0.5370752 0.3644684
0.5260667 0.3834812
0.5150583 0.402494
0.5040499 0.4215068
0.4953385 0.4405196
0.4843301 0.4595324
0.4760688 0.4795327
0.4695459 0.5
