0.4653178 0.5
0.4562774 0.4798082
0.4460482 0.4595105
0.4361677 0.4389808
0.427256 0.418012
0.4198685 0.3963624
0.4097231 0.3760059
0.4009519 0.3549877
0.3932395 0.3334625
0.3840987 0.3125654
0.3750858 0.2916083
0.3669283 0.2702636
0.3586721 0.2489608
0.3503556 0.2276835
0.3418315 0.2065006
0.332627 0.1856276
0.3252196 0.1640097
0.3176766 0.1424594
0.3076998 0.1219878
0.2964683 0.102269
0.2910362 0.08044699
0.3123512 0.07976708
0.334316 0.07976708
0.3562441 0.08106527
0.3781804 0.08207604
0.4001451 0.08207604
0.4221098 0.08207604
0.4440745 0.08207604
0.466027 0.08133391
0.4879786 0.08054164
0.5 0.0796878
0.5217014 0.07613879
0.5434028 0.07258984
0.5651041 0.06904089
0.5869945 0.0675154
0.6089415 0.06659654
0.6308308 0.0650391
0.6525524 0.06162888
0.6742327 0.05797151
0.6958566 0.05436841
0.7178212 0.05436841
0.7267432 0.06801927
0.7150045 0.08691278
0.7065762 0.1080347
0.6955089 0.1278921
0.6847892 0.1479549
0.6739784 0.1679611
0.6626777 0.1876739
0.6508317 0.2070256
0.6384281 0.2259878
0.6249949 0.2441713
0.6136942 0.2638841
0.6005316 0.2822617
0.5896365 0.3021165
0.5751961 0.3191951
0.5606533 0.3363956
0.5486462 0.3555943
0.5347744 0.3731004
0.5258417 0.3940944
0.5127891 0.41222
0.5007045 0.4313801
0.4990865 0.4508029
0.4888708 0.4684217
0.4785547 0.4815282
