0.5049914 0.8285918
0.4857991 0.8040867
0.4670201 0.7787627
0.4490397 0.7523911
0.4315027 0.7254828
0.4142947 0.6981955
0.3973222 0.6706479
0.3809091 0.6424908
0.3639908 0.6149045
0.3461234 0.5883909
0.3277674 0.5625014
0.3089361 0.5372189
0.291536 0.5102401
0.2752023 0.4851362
0.259025 0.456734
0.2440515 0.4271936
0.2297819 0.3970071
0.2152696 0.3670476
0.2000058 0.3377566
0.1917193 0.3135586
0.2182236 0.3106813
0.2443657 0.3039027
0.2708075 0.2996427
0.2972806 0.2957729
0.3237921 0.292383
0.3503036 0.2889931
0.3768151 0.2856032
0.4033669 0.2833514
0.4299984 0.2833514
0.4566298 0.2833514
0.4832613 0.2833514
0.5096921 0.2833514
0.5363235 0.2833514
0.562955 0.2833514
0.5895864 0.2833514
0.6162179 0.2833514
0.6428494 0.2833514
0.6694795 0.2834831
0.6961007 0.2844759
0.7227219 0.2854687
0.7493295 0.2869611
0.7759103 0.2890705
0.8024087 0.2926061
0.8049568 0.3190503
0.7859401 0.3439441
0.7670495 0.3691171
0.749054 0.3954739
0.7310996 0.421881
0.7132841 0.4484574
0.6954686 0.4750338
0.6790687 0.5
0.6635894 0.5290949
0.6486147 0.5586429
0.6345 0.5889629
0.6203854 0.619283
0.6079182 0.6508687
0.5955797 0.6825547
0.5831763 0.7141948
0.5694232 0.744799
0.5554358 0.775225
0.5415488 0.805734
0.5269002 0.8355901
0.5140986 0.8668755
0.5 0.8936534
