0.4460037 0.7419544
0.4293916 0.7118394
0.4115195 0.6834157
0.3930779 0.6557625
0.3773377 0.6246341
0.3615975 0.5935057
0.3458574 0.5623773
0.3301172 0.5312489
0.3144875 0.5
0.299128 0.4770784
0.2840326 0.445271
0.2701289 0.412275
0.2555979 0.3799095
0.2400844 0.3485318
0.22517 0.3165325
0.2111225 0.283705
0.1987393 0.2494208
0.1918834 0.2122119
0.2150412 0.1953883
0.2403602 0.185643
0.2659735 0.1772326
0.2916444 0.1692166
0.3174047 0.16202
0.3434687 0.1576018
0.3695326 0.1531837
0.3955965 0.1487655
0.4216894 0.1447427
0.447786 0.1407727
0.4738827 0.1368027
0.5 0.1333165
0.5234649 0.1323904
0.549691 0.1314642
0.5759172 0.130538
0.6021369 0.1293821
0.6283252 0.1270972
0.6545136 0.1248122
0.6807019 0.1225273
0.7069129 0.1209244
0.7331256 0.1193693
0.7593499 0.1186827
0.7855835 0.1186827
0.8116969 0.117584
0.8221148 0.1292249
0.8049265 0.1585943
0.7855689 0.1848465
0.7675461 0.2130078
0.7506006 0.2427115
0.7327124 0.2711697
0.7147702 0.2995563
0.6968647 0.3279939
0.6789651 0.3564396
0.6625687 0.3868003
0.6463133 0.4173405
0.6299762 0.4477846
0.6135882 0.4781685
0.5974088 0.5001642
0.5821609 0.531827
0.5669129 0.5634897
0.5495526 0.5925575
0.5314193 0.6206759
0.5132861 0.6487942
0.497103 0.6756878
0.4779446 0.7022346
