0.5022638 0.9133716
0.4939459 0.8892632
0.4763464 0.8652508
0.4580337 0.8425093
0.4418238 0.8156797
0.4234869 0.7925371
0.404504 0.7707868
0.3865216 0.7471461
0.3700318 0.7206589
0.3540295 0.6934136
0.3382626 0.6658199
0.3228567 0.6376992
0.3074508 0.6095787
0.2932323 0.5798929
0.2802849 0.5488553
0.2689596 0.5161107
0.2560912 0.5
0.2449235 0.4671672
0.2362131 0.4328492
0.2315364 0.4014498
0.2548565 0.4014498
0.2781499 0.3997374
0.301455 0.3987744
0.324775 0.3987744
0.3480937 0.398592
0.3714069 0.3976787
0.39472 0.3967654
0.4180311 0.3957437
0.4413368 0.3944302
0.4646426 0.3931167
0.4879483 0.3918031
0.5018494 0.3902072
0.5251067 0.3874603
0.5483639 0.3847134
0.5716212 0.3819666
0.5948785 0.3792197
0.6181493 0.3768468
0.641448 0.3752429
0.6647466 0.373639
0.6880453 0.3720351
0.711344 0.3704312
0.7346497 0.3693456
0.7579697 0.3693456
0.7812898 0.3693456
0.7796325 0.3820112
0.7603688 0.4029758
0.7408838 0.42354
0.7223898 0.4462429
0.7045335 0.4703359
0.6870951 0.495161
0.6706054 0.5065257
0.6543968 0.5334518
0.6383847 0.5606846
0.6240298 0.5901604
0.6100378 0.6201271
0.5958923 0.6499066
0.5816737 0.6795971
0.5678255 0.709718
0.5547124 0.7406934
0.5414449 0.7714916
0.5274528 0.8014584
0.5127606 0.8305357
0.5008094 0.8611835
0.5 0.8892934
