0.4400319 0.8465072
0.4163023 0.824343
0.3935363 0.7992464
0.3710805 0.7737098
0.3493735 0.7472818
0.3310136 0.716973
0.3126537 0.6866642
0.2947147 0.6559575
0.276841 0.6251889
0.259051 0.5943433
0.2412738 0.5634859
0.2234966 0.5326284
0.2097511 0.5
0.1962343 0.465873
0.1842997 0.430875
0.1738507 0.3955604
0.1738507 0.3574053
0.1767232 0.3214913
0.2002185 0.2977003
0.2285215 0.285438
0.2572713 0.2738046
0.2853341 0.2596341
0.3133969 0.2454637
0.3426526 0.2358822
0.3719099 0.2263067
0.4011679 0.2167351
0.4306726 0.2084581
0.4601775 0.2001811
0.4897053 0.1921404
0.5132397 0.1911367
0.5434538 0.190133
0.5736678 0.1891292
0.6038819 0.1881255
0.6341059 0.1880752
0.6643305 0.1880752
0.694555 0.1880752
0.7247795 0.1880752
0.7550041 0.1880752
0.7845304 0.1958147
0.8134412 0.2066546
0.8422345 0.2180723
0.8436273 0.2461687
0.8269308 0.277958
0.8097603 0.3093545
0.79322 0.3412892
0.7766796 0.3732239
0.7601393 0.4051586
0.7441474 0.4375339
0.7282386 0.4699758
0.7120224 0.5008391
0.6946898 0.532097
0.6773571 0.563355
0.658999 0.5936357
0.6399396 0.6232485
0.6213095 0.6532806
0.6033803 0.6839976
0.5854511 0.7147146
0.5646126 0.7422734
0.5432406 0.7692531
0.5218686 0.7962329
0.5 0.8225024
0.4828219 0.8459274
0.4558944 0.8632084
