0.4887212 0.7146008
0.4652517 0.6947289
0.444421 0.6713629
0.4260021 0.6455967
0.4081332 0.6193439
0.3917922 0.5918492
0.3756294 0.5642363
0.3620027 0.5349395
0.3483759 0.5056428
0.3358254 0.4861244
0.324221 0.4557517
0.311547 0.4259924
0.2963904 0.397657
0.2859831 0.367115
0.2772274 0.3356557
0.2662703 0.3050066
0.2599724 0.2728226
0.2504437 0.2420285
0.2396525 0.2113653
0.2263699 0.1818798
0.2115931 0.1541404
0.209659 0.1311866
0.2388113 0.1328084
0.266099 0.1447465
0.2953306 0.1488451
0.3246304 0.1522214
0.3539787 0.1550841
0.3833636 0.1570025
0.4128227 0.1570025
0.4422818 0.1570025
0.471444 0.153111
0.5 0.1474965
0.5290307 0.141882
0.558359 0.1390667
0.5877528 0.1368686
0.6171467 0.1346705
0.6464975 0.1318486
0.6758425 0.1289442
0.7051876 0.1260398
0.7344703 0.1224786
0.7637019 0.11838
0.7929763 0.1150517
0.8190843 0.1151864
0.8034682 0.1424791
0.7869823 0.169744
0.7685794 0.1955474
0.7501764 0.2213508
0.7359483 0.2502815
0.7217515 0.2792356
0.7061359 0.3072367
0.6900811 0.3349426
0.6758966 0.3637764
0.6641505 0.3940805
0.6524044 0.4243846
0.6378319 0.4530996
0.6232161 0.4817902
0.6084006 0.5
0.5934643 0.5284821
0.5780562 0.5566434
0.5624429 0.5846651
0.5504884 0.6148062
0.5380796 0.6447551
0.527913 0.6752889
