0.5 0.881083
0.480237 0.8595009
0.4607822 0.8374692
0.4420574 0.814451
0.4242461 0.7902932
0.4070569 0.7653906
0.3898279 0.7405478
0.3774872 0.7113494
0.3640296 0.6830335
0.348984 0.6559724
0.3339384 0.6289113
0.3190297 0.6017302
0.304591 0.5741376
0.2908459 0.5459858
0.2774537 0.5175495
0.262076 0.5
0.2474709 0.4726225
0.2343271 0.444005
0.2218627 0.4148921
0.2099884 0.3855544
0.2009925 0.3547825
0.2255407 0.3465582
0.250993 0.3397386
0.2762455 0.3316956
0.3020582 0.3286275
0.3280671 0.3273021
0.3540767 0.3260153
0.3801064 0.3260153
0.4061361 0.3260153
0.4321658 0.3260153
0.4581956 0.3260153
0.4842253 0.3260153
0.5037752 0.3260153
0.529805 0.3260153
0.5558347 0.3260153
0.5817554 0.328523
0.607072 0.3332029
0.6331017 0.3332029
0.6590769 0.3347354
0.6850332 0.3367966
0.7105794 0.3397981
0.7352499 0.3494747
0.7601771 0.3584045
0.7783934 0.378711
0.7747126 0.4076303
0.7641228 0.4379234
0.7524819 0.4675846
0.7408412 0.4972457
0.7292002 0.5177533
0.7175594 0.5474144
0.7059186 0.5770756
0.6942778 0.6067367
0.6826369 0.6363978
0.6728651 0.6670974
0.6637254 0.6981481
0.6548045 0.7293017
0.6441876 0.759524
0.6325468 0.7891851
0.6209059 0.8188462
0.6051733 0.8450594
0.5925575 0.8735027
0.5711638 0.8854399
0.5486098 0.9007424
