0.5 0.9215732
0.482559 0.9024428
0.4643451 0.8856384
0.447715 0.8644886
0.4306415 0.8443819
0.4140439 0.8231826
0.3978255 0.8011432
0.3821164 0.7780572
0.3664443 0.7548994
0.3507999 0.7316874
0.3349707 0.7088399
0.3197689 0.6848739
0.3054723 0.6592844
0.2912617 0.6335595
0.2773592 0.6073636
0.2648866 0.579164
0.252414 0.5509644
0.2404614 0.523788
0.2584504 0.5090755
0.2787259 0.5015053
0.2989763 0.4950691
0.3191433 0.4865199
0.3396419 0.4807187
0.3601685 0.4751496
0.3806326 0.46896
0.4010849 0.4626544
0.4215592 0.4566212
0.4422615 0.4534298
0.4629638 0.4502385
0.4836661 0.4470471
0.504211 0.4427985
0.5247443 0.4373009
0.5452777 0.4318033
0.5658798 0.4274461
0.586644 0.4257694
0.6074082 0.4240928
0.6281723 0.4224162
0.6488956 0.4196831
0.6696115 0.4167557
0.6903274 0.4138284
0.7110955 0.4124037
0.7318708 0.411189
0.7526522 0.4105743
0.758655 0.4217398
0.7450442 0.4483658
0.7320583 0.4758911
0.7177991 0.5
0.7031 0.5249252
0.6883562 0.5497714
0.6730325 0.5735903
0.6577088 0.5974094
0.642385 0.6212283
0.6270536 0.6450331
0.6116022 0.6686138
0.5961509 0.6921945
0.5809426 0.7162238
0.565754 0.740289
0.5501097 0.763501
0.5343311 0.7864439
0.5187295 0.8095573
0.5052183 0.8361454
0.4944481 0.8662054
0.484356 0.8964525
0.4760951 0.9273636
