0.4088549 0.4782165
0.3985758 0.4576734
0.3887636 0.4367791
0.3789515 0.4158849
0.3685426 0.3954248
0.3615956 0.3729919
0.354485 0.3505746
0.3461973 0.3287246
0.3395766 0.3060711
0.3333226 0.283241
0.3257228 0.261054
0.3177387 0.2390403
0.3101321 0.2168264
0.3014216 0.1952273
0.295089 0.1725101
0.2910967 0.1491925
0.2938597 0.1282272
0.3057258 0.1089752
0.3219299 0.09547004
0.3405625 0.0878098
0.3596598 0.08161324
0.3790808 0.07706863
0.3985019 0.07252395
0.4179873 0.06852889
0.4376779 0.06628266
0.4573685 0.06403646
0.4770591 0.06179014
0.4968015 0.06061277
0.5102444 0.06002596
0.5300154 0.05943924
0.5497864 0.05885243
0.5695574 0.05826563
0.5893285 0.05767885
0.6090995 0.0570921
0.6288705 0.05650532
0.6486415 0.05591851
0.6684153 0.05560714
0.6881922 0.05560714
0.7079681 0.0556297
0.7276241 0.05828717
0.7291615 0.07537583
0.7161 0.09328583
0.7055166 0.113613
0.6945463 0.1336363
0.6837982 0.1538267
0.6739861 0.174721
0.6632398 0.1948499
0.6510212 0.2137727
0.6391253 0.2329881
0.6277204 0.2526484
0.6162565 0.2722554
0.6040019 0.2911436
0.5917473 0.3100319
0.5796331 0.3290516
0.5677669 0.3483036
0.5559008 0.3675556
0.5434207 0.3862051
0.5304682 0.4043908
0.517722 0.4227854
0.5053674 0.441577
0.5 0.4609805
0.4890794 0.4810027
0.4772262 0.5
