0.5008215 0.4778388
0.4956986 0.4596664
0.483839 0.4414941
0.4719794 0.4233217
0.4601198 0.4051493
0.4482603 0.386977
0.4360588 0.3689846
0.4234574 0.3512027
0.4108561 0.3334208
0.3982547 0.315639
0.3856533 0.2978571
0.3730519 0.2800753
0.3604506 0.2622934
0.3478492 0.2445115
0.3353114 0.2266951
0.3228733 0.2088245
0.3104352 0.1909539
0.2979971 0.1730833
0.285559 0.1552127
0.2726053 0.13765
0.2728891 0.1258235
0.2959475 0.1205648
0.3190059 0.1153061
0.3424101 0.1114647
0.3658911 0.1079383
0.3893721 0.1044118
0.412853 0.1008853
0.436334 0.09735882
0.459815 0.09383234
0.483296 0.09030589
0.5 0.08658513
0.5233846 0.08259392
0.5467693 0.07860264
0.5701539 0.07461137
0.5935385 0.07062012
0.6169232 0.0666289
0.640376 0.06299382
0.6639573 0.06003052
0.6875386 0.05706716
0.7111682 0.05470049
0.7049752 0.07290283
0.6927196 0.09087074
0.6821251 0.1096112
0.6721428 0.1286366
0.6621605 0.1476619
0.6521783 0.1666873
0.642196 0.1857126
0.632817 0.204969
0.6237837 0.2243578
0.6147503 0.2437466
0.6057169 0.2631354
0.5966835 0.2825242
0.5876501 0.301913
0.5799437 0.3217285
0.5726306 0.3416706
0.5653176 0.3616126
0.5580046 0.3815547
0.5506915 0.4014967
0.5433785 0.4214388
0.5350953 0.4410845
0.5267882 0.460723
0.5184811 0.4803615
0.510174 0.5
