0.176284 0.1973378
0.1943503 0.2218845
0.2113932 0.2486355
0.2278381 0.2766745
0.2451353 0.3028667
0.263282 0.3272181
0.2814286 0.3515695
0.2995404 0.3760058
0.3176067 0.4005525
0.3356731 0.4250991
0.3525217 0.4522471
0.3688411 0.4805258
0.3851604 0.5
0.3998322 0.5310314
0.4140728 0.5627831
0.4286293 0.5940602
0.4427503 0.6259543
0.4558803 0.6592271
0.4682528 0.6934184
0.48128 0.7243371
0.4947114 0.7058307
0.5 0.6710215
0.5136446 0.6384685
0.5281971 0.6072922
0.5446151 0.5792017
0.5610332 0.5511112
0.5758203 0.5201944
0.5905809 0.4980364
0.6055346 0.4673866
0.6208776 0.4373676
0.6362206 0.4073487
0.6515636 0.3773297
0.667112 0.3476597
0.682666 0.3179992
0.6984091 0.2886726
0.7143776 0.2597441
0.7305406 0.2311851
0.7472507 0.2036653
0.7605555 0.1707148
0.7727287 0.1362673
0.7839487 0.1189384
0.7613658 0.1189384
0.7387829 0.1189384
0.7162 0.1189384
0.6936171 0.1189384
0.6710342 0.1189384
0.6484513 0.1189384
0.6258684 0.1189384
0.6032855 0.1189384
0.5807025 0.1189384
0.5581197 0.1189384
0.5355367 0.1189384
0.5129538 0.1189384
0.4969093 0.1189384
0.4743264 0.1189384
0.4517435 0.1189384
0.4291606 0.1189384
0.4065776 0.1189384
0.3839947 0.1189384
0.3614118 0.1189384
0.3388289 0.1189384
0.316246 0.1189384
0.293663 0.1189384
0.2710801 0.1189384
