0.4400893 0.7849385
0.4259261 0.7500378
0.4108475 0.7158365
0.394776 0.6823939
0.3788819 0.6488065
0.3631878 0.6150556
0.3467582 0.5819293
0.3298036 0.5492485
0.3124394 0.5169688
0.2934606 0.4896535
0.2758155 0.4577375
0.2605558 0.4236445
0.2437862 0.3908579
0.225988 0.3589612
0.2122304 0.323822
0.1994339 0.2880469
0.1879745 0.2514721
0.1778501 0.2142445
0.1650249 0.1785208
0.1825887 0.1684503
0.212416 0.171976
0.2421459 0.1763689
0.2722428 0.1763689
0.3023397 0.1763689
0.3324365 0.1763689
0.3625334 0.1763689
0.3926302 0.1763689
0.4227271 0.1763689
0.452824 0.1763689
0.4829192 0.1764885
0.5 0.1779524
0.5300763 0.1794164
0.5601662 0.1799062
0.5902631 0.1799062
0.62036 0.1799062
0.6504568 0.1799062
0.6805537 0.1799062
0.7106118 0.1808245
0.7405246 0.1851926
0.7704374 0.1895606
0.8004247 0.1928868
0.8303015 0.1974944
0.8469745 0.2298672
0.8461852 0.2668762
0.8320982 0.3018237
0.8139892 0.3329127
0.7927076 0.3608817
0.7716114 0.3890892
0.7508078 0.4176726
0.7300041 0.4462561
0.7091894 0.4748256
0.6883652 0.5
0.667541 0.5285576
0.6478679 0.5584405
0.6290665 0.5893271
0.6106676 0.6206114
0.5933113 0.6529258
0.5781917 0.6868939
0.5661913 0.7231678
0.5535004 0.7589643
0.5375491 0.7925061
0.5216844 0.8261185
0.5061938 0.8600121
