0.4762718 0.5
0.4645578 0.4778029
0.4533961 0.4549047
0.4435287 0.4303636
0.432079 0.407831
0.4206848 0.3852338
0.411021 0.3604708
0.4008161 0.3363335
0.3901428 0.3127377
0.3797309 0.2888234
0.3693368 0.2648874
0.3592724 0.2405773
0.3495777 0.2158476
0.3401884 0.1908017
0.3310362 0.1655101
0.3207034 0.1415521
0.3104435 0.1175038
0.3007292 0.09286258
0.2890581 0.07060376
0.2897789 0.05638045
0.3075677 0.05638045
0.3252662 0.05781829
0.3426734 0.06389454
0.3602969 0.0675402
0.3780207 0.07005906
0.3957445 0.07257801
0.4134122 0.07599613
0.4310718 0.07954532
0.448752 0.08271396
0.4665089 0.08448049
0.4842657 0.08624694
0.5 0.0880135
0.5177622 0.0895679
0.5355455 0.090305
0.5533287 0.09104219
0.5711113 0.09179327
0.5887693 0.0953638
0.6064272 0.09893426
0.6240852 0.1025047
0.6418287 0.1042194
0.6596088 0.1051407
0.6773889 0.1060619
0.6951691 0.1069832
0.7129492 0.1079044
0.730655 0.1104072
0.7220748 0.1316472
0.7102244 0.1535742
0.6976458 0.1744302
0.6850673 0.1952861
0.671614 0.2145445
0.6578823 0.2332945
0.6452999 0.2541435
0.6326901 0.2749459
0.6196856 0.2950707
0.606046 0.3139083
0.5917234 0.3313314
0.5796666 0.35296
0.566237 0.3723018
0.5543094 0.3931018
0.5399851 0.4098837
0.525978 0.427363
0.5114614 0.4430196
0.4990618 0.4575151
0.484811 0.4716839
