0.4904964 0.8709772
0.4693768 0.8452689
0.4512291 0.8172115
0.4332279 0.7890384
0.4193682 0.7584634
0.4028648 0.7295167
0.3836738 0.702212
0.3654591 0.6742256
0.3485857 0.6453025
0.3317123 0.6163794
0.314116 0.5879543
0.2952536 0.5604013
0.2790565 0.5313095
0.2667004 0.5
0.2533693 0.4717211
0.2379838 0.4419084
0.2287787 0.4098371
0.2203534 0.3773462
0.20757 0.346224
0.1990499 0.3137375
0.190924 0.2816277
0.1971938 0.2561212
0.228274 0.2468772
0.260285 0.2415557
0.2925761 0.2381865
0.3248563 0.2347171
0.3570578 0.2305173
0.3893319 0.2275334
0.421784 0.2275334
0.4542361 0.2275334
0.4866882 0.2275334
0.5174489 0.2275334
0.549901 0.2275334
0.5823531 0.2275334
0.6148052 0.2275334
0.6472573 0.2275334
0.6797094 0.2275334
0.7121615 0.2275334
0.7446136 0.2275334
0.7770657 0.2275334
0.8095178 0.2275334
0.8352252 0.2345707
0.8275062 0.2674391
0.8131744 0.2971399
0.7942096 0.3246035
0.7790257 0.3545285
0.7638417 0.3844535
0.7473767 0.4136243
0.7306802 0.4426589
0.7136489 0.4714689
0.6952638 0.4993709
0.6768788 0.5247241
0.6615865 0.5545873
0.6460512 0.5842886
0.6265799 0.6113765
0.6101542 0.6405435
0.5872666 0.6645449
0.5655572 0.6897128
0.5445952 0.7155424
0.5301024 0.7455558
0.5160075 0.7752064
0.5085044 0.8079873
0.5 0.8396355
0.4904964 0.8671318
