0.4946677 0.9034441
0.4741033 0.8844562
0.4549941 0.8621509
0.4370956 0.8370858
0.4200668 0.8105115
0.4033189 0.7834496
0.3870419 0.7556485
0.3707792 0.7278247
0.3564008 0.6975031
0.3426932 0.6662926
0.3289856 0.6350821
0.3157488 0.6033743
0.303563 0.5705569
0.2913771 0.5377395
0.2785435 0.5055845
0.2654054 0.478746
0.2526522 0.4465088
0.2404664 0.4136914
0.2302519 0.3792014
0.2175285 0.3470858
0.2285564 0.3315288
0.2520847 0.3271402
0.2755868 0.3223932
0.2992228 0.3201558
0.322881 0.3183354
0.346565 0.3182653
0.37025 0.3182653
0.3939351 0.3182653
0.4176201 0.3182653
0.4413052 0.3182653
0.4649902 0.3182653
0.4886752 0.3182653
0.5 0.3182653
0.523685 0.3182653
0.5473182 0.3196773
0.5708372 0.3242015
0.5943562 0.3287256
0.6178751 0.3332498
0.6411872 0.3397178
0.6642905 0.3481475
0.6873939 0.3565772
0.710418 0.3655453
0.7333224 0.3752347
0.7557842 0.3873651
0.7777067 0.3976468
0.7953522 0.4087282
0.7868764 0.4443579
0.772489 0.474759
0.7579823 0.5
0.7426832 0.5292158
0.727384 0.5584316
0.7119806 0.5874894
0.6949198 0.614036
0.6778589 0.6405826
0.6607982 0.6671292
0.6441664 0.6943689
0.6277374 0.7219365
0.6113085 0.7495041
0.5947844 0.7769207
0.5780365 0.8039827
0.5609918 0.8305294
0.5430933 0.8555945
0.5262069 0.8823158
