0.5078479 0.8525008
0.4914054 0.8321706
0.4648538 0.8134788
0.4406662 0.7881929
0.4164786 0.7629069
0.3921899 0.7378439
0.3676739 0.7132826
0.3431579 0.6887212
0.3205146 0.6605837
0.2988639 0.6305504
0.2791763 0.5976737
0.260001 0.5640548
0.2418593 0.5291744
0.2245128 0.5
0.2113358 0.460396
0.2000232 0.4196315
0.1907057 0.3776251
0.1820825 0.3353596
0.1797357 0.2913728
0.1900823 0.260255
0.2186671 0.2495159
0.2480901 0.2490087
0.2774951 0.2464976
0.3069087 0.2443523
0.3363733 0.2443523
0.3657532 0.2416767
0.3950851 0.2374787
0.4243688 0.2326401
0.4535859 0.2269132
0.482803 0.2211862
0.502557 0.2179793
0.5319467 0.2148246
0.5613364 0.2116698
0.5907261 0.2085151
0.6199937 0.2036464
0.6491621 0.1973844
0.6783305 0.1911225
0.7076551 0.1874109
0.7370942 0.1855675
0.7665262 0.1835815
0.7958288 0.1789463
0.8251383 0.1745054
0.8546029 0.1745054
0.844893 0.2063059
0.8240316 0.2374536
0.8029871 0.2682809
0.7843291 0.3025507
0.761555 0.3302725
0.737726 0.356316
0.7138969 0.3823594
0.6917578 0.411558
0.6690763 0.4398002
0.6457042 0.46673
0.6216558 0.4922912
0.5998538 0.5155722
0.5785114 0.5460817
0.5596261 0.5797929
0.5466874 0.6193551
0.5314863 0.6571939
0.523801 0.699437
0.5147801 0.7415361
0.5 0.7795428
0.4999983 0.8212268
