0.4829669 0.8777525
0.4682682 0.8532411
0.4535053 0.8287711
0.4384483 0.80449
0.4221158 0.781126
0.405016 0.7583137
0.3898409 0.7341684
0.3756212 0.7093613
0.3614015 0.6845542
0.3471817 0.6597471
0.332962 0.6349401
0.3198578 0.6094956
0.3067956 0.5840271
0.2931827 0.5588764
0.2787533 0.5341972
0.2655942 0.5088713
0.2551964 0.4877264
0.245405 0.4607617
0.2345956 0.4353622
0.223419 0.4089906
0.2220614 0.3805388
0.2341881 0.3615803
0.2618634 0.3574233
0.2897147 0.3540679
0.3174343 0.3496915
0.3452433 0.3460091
0.3731174 0.3428308
0.4009915 0.3396525
0.4289238 0.337552
0.4569695 0.337552
0.4850152 0.337552
0.5 0.3388675
0.527963 0.3410749
0.5559261 0.3432823
0.5832301 0.348839
0.6098365 0.3579402
0.636443 0.3670415
0.6630494 0.3761427
0.6896558 0.385244
0.7164912 0.3933737
0.7442107 0.39775
0.7702521 0.4075367
0.7867118 0.4251328
0.7812116 0.4533545
0.7695557 0.4795039
0.7576956 0.5
0.7446895 0.5254986
0.7316762 0.5509934
0.718513 0.5764042
0.7045984 0.6013928
0.6906838 0.6263814
0.6767306 0.6513473
0.6626788 0.6762548
0.6486269 0.7011624
0.6316467 0.7239164
0.6161113 0.7474709
0.6019121 0.7719867
0.5863129 0.795858
0.5692933 0.8186215
0.5508251 0.8402812
0.5325818 0.8621122
0.5177176 0.8865182
0.5010135 0.9096295
