0.4361414 0.7510395
0.4143407 0.7273183
0.3936683 0.7017099
0.374399 0.6737542
0.3568081 0.643595
0.3397832 0.61273
0.3231681 0.5813934
0.3075446 0.5490256
0.2924286 0.5161303
0.2773125 0.5
0.2621964 0.4671047
0.2477033 0.4336258
0.2332604 0.4001
0.2210065 0.364793
0.2120552 0.3276951
0.2060813 0.2891485
0.2017707 0.2504565
0.2083444 0.213412
0.2312234 0.1929501
0.2556055 0.1773714
0.2825386 0.1720235
0.3097218 0.1692953
0.336947 0.167578
0.3641721 0.1658607
0.3913046 0.1622688
0.4184203 0.1583349
0.4455359 0.1544009
0.4727491 0.1533059
0.5 0.1533059
0.5228826 0.1533059
0.5501247 0.152858
0.5773312 0.1506025
0.6045377 0.1483471
0.6317441 0.1460916
0.6589366 0.1435185
0.6861182 0.1407017
0.7132998 0.137885
0.74051 0.1357907
0.7677352 0.1340734
0.794951 0.1321082
0.8221415 0.1294784
0.8357286 0.1441838
0.8158015 0.1676465
0.7989333 0.1982628
0.7796639 0.2262184
0.7607908 0.2547029
0.7431884 0.2848836
0.7260821 0.3156436
0.7095286 0.3470488
0.6925619 0.3779577
0.6743911 0.407421
0.6562203 0.4368843
0.6373754 0.4654224
0.6181061 0.493378
0.5988368 0.5045686
0.5773801 0.5289294
0.5558696 0.5532017
0.5343044 0.5773715
0.5127047 0.6014766
0.4976023 0.6290995
0.4807188 0.6593018
0.4645008 0.6881061
0.4497207 0.7198315
