0.5667439 0.872045
0.5429985 0.8521372
0.5213521 0.8296559
0.5 0.8068738
0.4889586 0.7840495
0.4676478 0.7612251
0.4464433 0.7382947
0.4253739 0.7152299
0.4043044 0.6921651
0.383235 0.6691003
0.3626497 0.645582
0.3427272 0.6214428
0.3228048 0.5973036
0.3028824 0.5731644
0.28296 0.5490252
0.2633588 0.5246066
0.2439737 0.5
0.2245887 0.4783652
0.2052036 0.4537587
0.1865004 0.4286186
0.1701813 0.4044393
0.2005461 0.4010224
0.2308132 0.3962596
0.2610061 0.3910746
0.2909392 0.384413
0.3208722 0.3777514
0.3508053 0.3710898
0.3807383 0.3644282
0.4106714 0.3577666
0.4406045 0.3511049
0.470184 0.3429512
0.4996754 0.3344256
0.5188974 0.3259001
0.5483888 0.3173745
0.5778803 0.308849
0.6073717 0.3003234
0.6368631 0.2917979
0.6664317 0.2835821
0.6962048 0.2761878
0.725978 0.2687936
0.7557511 0.2613993
0.7772765 0.2660995
0.7705522 0.2961228
0.755972 0.3240784
0.7417662 0.3522363
0.7280759 0.3806731
0.7143854 0.4091098
0.7005524 0.4374718
0.6866709 0.4658084
0.6727895 0.494145
0.6589079 0.5195097
0.6450264 0.5478464
0.6334234 0.5772632
0.6219016 0.6067186
0.6103797 0.636174
0.5988578 0.6656293
0.5873359 0.6950847
0.5767967 0.7249294
0.5665006 0.7548704
0.5562045 0.7848114
0.547002 0.8151075
0.5390435 0.8458076
0.5291231 0.875792
