0.5 0.5
0.4857031 0.4835384
0.4726256 0.4656194
0.4596937 0.4475514
0.4484025 0.4281301
0.4372618 0.4085849
0.426121 0.3890396
0.4149803 0.3694943
0.4038395 0.349949
0.3926995 0.3304031
0.3815736 0.3108469
0.3704477 0.2912907
0.3593218 0.2717345
0.3481959 0.2521783
0.33707 0.2326221
0.3264482 0.212718
0.3162736 0.1925052
0.306099 0.1722924
0.2959244 0.1520796
0.2870836 0.1311128
0.2790052 0.109715
0.2721016 0.09076211
0.2924978 0.08847901
0.3128799 0.08590811
0.3332621 0.08333725
0.3536831 0.08131498
0.3741651 0.08015248
0.3946471 0.07898989
0.4151291 0.07782733
0.435611 0.07666481
0.456093 0.07550225
0.4765421 0.07380313
0.4969679 0.07172665
0.5171896 0.06965017
0.5376154 0.0675737
0.5580412 0.06549722
0.5784671 0.06342071
0.5988975 0.06141484
0.6193734 0.06012344
0.6398494 0.05883208
0.6603254 0.05754074
0.6808014 0.05624941
0.7012774 0.05495808
0.7169394 0.05907616
0.7088383 0.08036691
0.70103 0.1018935
0.6924812 0.1230192
0.6826611 0.1434568
0.672841 0.1638943
0.663021 0.1843318
0.6548259 0.2056376
0.6472095 0.2272526
0.6395932 0.2488677
0.631977 0.2704827
0.6235938 0.2917132
0.6146469 0.312661
0.6057 0.3336088
0.5967741 0.3545677
0.5884452 0.3758413
0.5801163 0.3971149
0.5717874 0.4183886
0.5626729 0.4391581
0.5510418 0.4583174
0.5396153 0.4752658
