0.5265128 0.4906533
0.5124959 0.4733045
0.5 0.4543028
0.4973184 0.4350178
0.484514 0.4162881
0.4718321 0.3974319
0.4592306 0.3784926
0.4470355 0.3591604
0.4352363 0.3394451
0.4234372 0.3197299
0.411341 0.3003052
0.3985723 0.2815382
0.3858038 0.2627712
0.3722427 0.2448789
0.3586319 0.2270417
0.3453459 0.208839
0.3322924 0.1903745
0.3192785 0.1718675
0.3062959 0.1533268
0.2926228 0.1355817
0.2788484 0.1179481
0.2655578 0.09974647
0.2775605 0.094807
0.2973058 0.09266517
0.3170783 0.09091708
0.3368508 0.08916911
0.3566615 0.08874691
0.3764844 0.08874691
0.3963073 0.08874691
0.4161301 0.08874691
0.435953 0.08874691
0.4557759 0.08874691
0.4755749 0.08792049
0.4953474 0.08617249
0.5055531 0.08442441
0.5252945 0.08221436
0.5450281 0.07988819
0.5648052 0.07826167
0.5845996 0.07706356
0.6040877 0.07430214
0.6232477 0.06830928
0.6420727 0.06066903
0.6618372 0.05878726
0.6816471 0.05837023
0.695577 0.07367918
0.6976207 0.09535873
0.6930665 0.1191779
0.6859506 0.1420775
0.6761219 0.1633395
0.6669492 0.1850751
0.658084 0.2070198
0.649219 0.2289644
0.6406748 0.2511001
0.6324731 0.2734348
0.6246645 0.2959859
0.6164192 0.3182951
0.6079475 0.3404751
0.5990825 0.3624198
0.5917401 0.385112
0.5848253 0.4080461
0.5770393 0.4305955
0.5715025 0.4540584
0.5632344 0.4763349
0.558607 0.5
