0.5202505 0.8762613
0.5 0.8544444
0.4826325 0.8290643
0.4650798 0.80385
0.4465475 0.7795125
0.4280153 0.755175
0.4094831 0.7308375
0.3909509 0.7065
0.3734393 0.681279
0.3568251 0.6552812
0.3402109 0.6292835
0.3235967 0.6032857
0.3069825 0.577288
0.2901568 0.5514604
0.2732099 0.5257302
0.2562631 0.5
0.2393162 0.4825283
0.2226795 0.4565547
0.206607 0.4301381
0.1905347 0.4037215
0.1707168 0.3815062
0.1954141 0.3769778
0.2237619 0.3723018
0.2519605 0.3666698
0.2800612 0.3604123
0.308162 0.3541548
0.3362628 0.3478972
0.3643636 0.3416397
0.3925101 0.3356436
0.4206613 0.3296734
0.4488124 0.3237032
0.4769636 0.3177329
0.5045729 0.3117626
0.5327241 0.3057925
0.5608752 0.2998222
0.5890263 0.293852
0.6172272 0.2881835
0.6454484 0.2826384
0.6736696 0.2770934
0.7018908 0.2715484
0.730112 0.2660034
0.7585007 0.262146
0.7871284 0.2606972
0.7939978 0.2804967
0.783555 0.3102101
0.7724574 0.339586
0.758871 0.3676795
0.7452846 0.3957729
0.7316982 0.4238663
0.7185441 0.4522125
0.7054914 0.4806179
0.6924387 0.5007647
0.679389 0.5291718
0.6663651 0.5575936
0.6533413 0.5860154
0.6403174 0.6144372
0.6272935 0.642859
0.6154941 0.6719309
0.6038553 0.7010881
0.5922164 0.7302454
0.5811749 0.759619
0.5751703 0.790818
0.5691658 0.822017
