0.4806836 0.5
0.4708444 0.4780852
0.4599389 0.4567563
0.4504066 0.4344605
0.4388987 0.4135056
0.4273629 0.3925518
0.4163966 0.3711767
0.4065477 0.3491224
0.3978909 0.3263434
0.3884695 0.3040172
0.3778944 0.2823741
0.3673193 0.260731
0.3576182 0.2385408
0.3482919 0.2161334
0.3398955 0.1932215
0.3297659 0.1713799
0.3182508 0.1504041
0.306498 0.1296134
0.2962914 0.1077297
0.2845197 0.08699301
0.2739007 0.06553656
0.2897796 0.06915429
0.3106212 0.07437724
0.3318658 0.07515174
0.3531775 0.07532284
0.3744721 0.07640556
0.3957669 0.07748839
0.4170069 0.07608685
0.4382257 0.07372352
0.4594109 0.07100481
0.4805612 0.06791294
0.5 0.06482106
0.5212666 0.06319803
0.5425425 0.06169009
0.5638183 0.06018215
0.5850967 0.05872771
0.6063788 0.05734497
0.6276624 0.05599988
0.6489478 0.05468979
0.6702479 0.05404136
0.6915627 0.05404136
0.7128775 0.05404136
0.7181481 0.07280499
0.7145448 0.09711397
0.7063785 0.1199826
0.696585 0.1421044
0.6876529 0.1647376
0.6753365 0.1850092
0.6644632 0.2064122
0.6540133 0.2281384
0.6433094 0.2496943
0.6335185 0.271785
0.624442 0.294328
0.6137595 0.3158694
0.6043574 0.3381663
0.5947811 0.3601689
0.5829872 0.3807349
0.5681095 0.3977156
0.5564457 0.4173039
0.5432517 0.434769
0.5331931 0.4562613
0.5192703 0.4717136
0.5056205 0.4899455
