0.4739374 0.824154
0.4543831 0.7942672
0.4354875 0.7635324
0.41954 0.7290022
0.4032794 0.6948528
0.3848399 0.6633542
0.3664004 0.6318557
0.3496704 0.5983084
0.3340547 0.5634257
0.3176541 0.5294632
0.2996571 0.5
0.2816602 0.467909
0.2642701 0.4350606
0.2472923 0.4016975
0.229669 0.3691756
0.2108003 0.3382766
0.1932501 0.3058303
0.1767301 0.2722542
0.1682714 0.2397235
0.1930509 0.2211654
0.217353 0.201419
0.2437233 0.1886912
0.2703471 0.1776652
0.2977231 0.1716879
0.3250588 0.1653519
0.3521757 0.1570628
0.3792926 0.1487737
0.4067162 0.1440732
0.4343163 0.1414367
0.4619163 0.1388002
0.4895414 0.1373908
0.5037924 0.1373908
0.5314463 0.1373908
0.5591002 0.1373908
0.5867541 0.1373908
0.614408 0.1373908
0.6420468 0.1376687
0.6693245 0.1446172
0.6966021 0.1515658
0.7240987 0.1553795
0.7517214 0.1573899
0.779316 0.1600856
0.8068531 0.1638629
0.834394 0.1666377
0.8442594 0.1882489
0.8276671 0.2220619
0.8100417 0.2544631
0.7899041 0.2834309
0.7697666 0.3123987
0.7506163 0.3428892
0.7314824 0.373405
0.7123485 0.4039208
0.6927193 0.4336842
0.6728754 0.4631217
0.6530315 0.4925591
0.6331876 0.5193688
0.6133271 0.5487784
0.5922871 0.5762069
0.571247 0.6036355
0.550207 0.6310641
0.529167 0.6584926
0.5079439 0.6855875
0.5 0.7124565
0.4794049 0.7405911
