0.5260129 0.4790628
0.5140005 0.4571824
0.5005251 0.4376281
0.4934186 0.4154317
0.4819865 0.3927454
0.4691702 0.3720717
0.4563508 0.3514026
0.4436335 0.3305727
0.4311157 0.3094286
0.4185977 0.2882845
0.4057572 0.2676578
0.3927148 0.2473545
0.3796726 0.2270511
0.3666317 0.2067455
0.3538122 0.1860763
0.3409928 0.1654072
0.3278085 0.1453505
0.3144809 0.1255347
0.3011168 0.105783
0.2875611 0.08637604
0.2732298 0.06872374
0.2700832 0.05599743
0.2878467 0.06168839
0.3054831 0.06845877
0.3234324 0.07161117
0.3415447 0.07288083
0.3596591 0.0740633
0.377775 0.0751867
0.3958922 0.07625407
0.4140128 0.077167
0.4321332 0.07808003
0.4502573 0.07862768
0.4683867 0.07862768
0.486516 0.07862768
0.5 0.07862768
0.5181293 0.07862768
0.5362586 0.07862768
0.5543779 0.07801136
0.5724821 0.07647502
0.5905864 0.07493871
0.6086907 0.07340237
0.6266965 0.06999835
0.6447589 0.06815881
0.6628882 0.06815881
0.6810175 0.06815881
0.6987587 0.07201457
0.7094403 0.09224275
0.7090793 0.1212793
0.6998234 0.1462798
0.6919922 0.1725171
0.680972 0.1955947
0.67112 0.2200885
0.6616461 0.2449636
0.6503208 0.2677888
0.6401591 0.2919858
0.6304744 0.3165887
0.6191818 0.3394209
0.6083324 0.3627917
0.6001558 0.3888753
0.5877518 0.4092106
0.5782621 0.432606
0.5675149 0.4556152
0.5557628 0.4756359
0.5471153 0.5
