0.5970212 0.7586794
0.5756679 0.7360303
0.5561683 0.7114521
0.5371657 0.6865704
0.5185829 0.6614324
0.5 0.6362945
0.48273 0.6111565
0.4641471 0.5860186
0.4469943 0.5600884
0.430019 0.5340599
0.4130436 0.5080315
0.3960683 0.4835367
0.379093 0.4575083
0.3621177 0.4314798
0.3451424 0.4054513
0.3263469 0.3804594
0.3070673 0.3557433
0.2877878 0.331027
0.2685082 0.3063109
0.2492287 0.2815947
0.2303873 0.2566152
0.2120019 0.2313617
0.1936166 0.2061083
0.1752312 0.1808548
0.1600793 0.1539998
0.1645104 0.1363861
0.1981072 0.1391129
0.2317804 0.1403378
0.2655157 0.1403378
0.2992511 0.1403378
0.3329864 0.1403378
0.3667218 0.1403378
0.4004484 0.1398914
0.4341633 0.1388414
0.4678781 0.1377913
0.5002801 0.1367413
0.533995 0.1356912
0.5677099 0.1346412
0.6014247 0.1335912
0.6351548 0.1333203
0.6688901 0.1333203
0.7026255 0.1333203
0.7363608 0.1333203
0.7688633 0.1392485
0.7856593 0.1590689
0.7814021 0.1888737
0.7737955 0.2181031
0.7623687 0.2464421
0.7508218 0.2747417
0.7389765 0.3029434
0.7271312 0.3311451
0.7154862 0.3594128
0.7039573 0.3877189
0.6924286 0.4160249
0.6808997 0.4443309
0.6695316 0.4726845
0.6598378 0.5
0.650144 0.5288492
0.6404502 0.5576984
0.6316524 0.5867733
0.6230198 0.6158899
0.614215 0.644962
0.6040562 0.6736833
