0.4321864 0.7193702
0.4437592 0.6899441
0.4659719 0.6670672
0.4913509 0.6490016
0.5117897 0.630936
0.5360081 0.6108226
0.5596854 0.5897546
0.5833628 0.5686867
0.6080804 0.5493886
0.6329289 0.5303133
0.656691 0.5094497
0.6798022 0.4939029
0.7026657 0.4716108
0.7252594 0.4489296
0.7484767 0.4271768
0.7721542 0.4061089
0.7915787 0.3797299
0.8096496 0.3520752
0.822289 0.3203757
0.8305168 0.2868656
0.8440017 0.2583253
0.842423 0.2236542
0.8208997 0.2021999
0.7933334 0.1896018
0.7647796 0.1803629
0.7354159 0.1759803
0.706032 0.1717907
0.6765822 0.1682969
0.6471324 0.164803
0.6176738 0.1614147
0.5882147 0.1580324
0.5587556 0.1546502
0.5293481 0.1507282
0.5 0.1461867
0.4755921 0.1416452
0.4460714 0.1392694
0.4165258 0.1372075
0.3869306 0.1371463
0.3573338 0.1371463
0.3277371 0.1371463
0.2985487 0.1395065
0.2705804 0.1489185
0.2413908 0.1528426
0.2122013 0.1567667
0.2053927 0.1787151
0.2100342 0.2133933
0.2157936 0.2476228
0.2290296 0.279029
0.2387973 0.3121397
0.248365 0.3453604
0.259357 0.3779623
0.2706478 0.4104152
0.2825676 0.4425549
0.2944874 0.4746945
0.307153 0.5
0.3218371 0.5304868
0.3365212 0.5609736
0.349824 0.5922989
0.3620712 0.6242648
0.3743184 0.6562307
0.3882332 0.6872091
0.4028971 0.7177011
0.4186548 0.747373
0.4321864 0.7743073
