0.5 0.5
0.4886498 0.4771517
0.4772136 0.4544119
0.4656288 0.43186
0.4541393 0.4091874
0.4427555 0.3863807
0.4311816 0.3638249
0.4190449 0.3420112
0.4069083 0.3201973
0.3947345 0.298436
0.3824089 0.2768889
0.3700832 0.2553419
0.358062 0.2333751
0.3462456 0.2111257
0.3344293 0.1888764
0.3224832 0.166802
0.3104513 0.1448436
0.298548 0.1227109
0.2864375 0.1008836
0.2734469 0.08033693
0.2844502 0.08057997
0.3026615 0.08436918
0.3208851 0.08800954
0.3391556 0.09105137
0.3574953 0.09200636
0.3758667 0.09200636
0.3942382 0.09200636
0.4126095 0.09200636
0.430981 0.09200636
0.4493524 0.09200636
0.4677239 0.09200636
0.4860138 0.09002233
0.5034741 0.08626404
0.5217445 0.08345461
0.5400951 0.08207253
0.5583798 0.07953522
0.5765742 0.075544
0.5945888 0.06984538
0.6126667 0.06487346
0.6309847 0.06267351
0.6493561 0.06267351
0.6676077 0.06000695
0.6858395 0.05734029
0.7037529 0.05427173
0.7184184 0.06261459
0.7118437 0.08647245
0.7018816 0.1101623
0.6927769 0.1351179
0.6811095 0.1566943
0.6698618 0.1794731
0.6586346 0.2021501
0.6476275 0.2253006
0.6354229 0.2470194
0.6245818 0.2704586
0.6146777 0.2948407
0.6033634 0.3172984
0.5950338 0.3431584
0.5820433 0.3637051
0.5704304 0.3847392
0.5562191 0.400314
0.5437745 0.4181173
0.5311504 0.4362006
0.5207487 0.4553191
0.5110455 0.4733337
