0.5736319 0.8785309
0.5570459 0.8567666
0.5375534 0.8366029
0.517988 0.8165046
0.5 0.7972356
0.4795097 0.7779666
0.4590194 0.7586976
0.4385789 0.7393842
0.4191649 0.7191537
0.3997509 0.6989232
0.380337 0.6786926
0.360923 0.658462
0.3415605 0.6381887
0.3225359 0.6176335
0.3035114 0.5970784
0.2844869 0.5765232
0.2654624 0.5559681
0.2464378 0.535413
0.2274133 0.5148578
0.209637 0.5
0.1922505 0.4781997
0.1756261 0.4560238
0.1733284 0.4336331
0.2019796 0.429619
0.2305015 0.4248047
0.2590234 0.4199906
0.2875452 0.4151764
0.316106 0.4105712
0.3446703 0.4059851
0.3732346 0.4013989
0.401799 0.3968127
0.4303633 0.3922266
0.4589276 0.3876404
0.4874919 0.3830543
0.5133215 0.3774272
0.5414339 0.370818
0.5695463 0.3642088
0.5976588 0.3575996
0.6257712 0.3509904
0.6538434 0.3442321
0.6819018 0.3374228
0.7099602 0.3306136
0.730917 0.3250864
0.7293354 0.3522496
0.7259495 0.3793134
0.7225637 0.4063772
0.7182611 0.4333061
0.712697 0.4600495
0.707133 0.4867928
0.701569 0.5068899
0.6957849 0.5335895
0.6893414 0.5601577
0.6828979 0.586726
0.6764544 0.6132941
0.6700109 0.6398624
0.6636366 0.6664437
0.6586292 0.6932842
0.6536219 0.7201247
0.6486146 0.7469652
0.6436073 0.7738057
0.6385999 0.8006462
0.6327813 0.8273404
0.6268711 0.854018
0.6148871 0.8785309
