0.5270199 0.5
0.5140742 0.4815303
0.5047228 0.4602825
0.5 0.4392489
0.490591 0.4180355
0.4795154 0.3980513
0.4669346 0.3791566
0.4557433 0.3591315
0.4440462 0.3395179
0.4314654 0.3206232
0.4176525 0.3029381
0.4035401 0.2855473
0.3899758 0.2675924
0.3766845 0.2493595
0.3639364 0.2306152
0.3510753 0.2119754
0.3380091 0.1935256
0.3256223 0.1744609
0.3137566 0.1549697
0.3024583 0.1350236
0.2913003 0.1149715
0.2784026 0.09638503
0.2699841 0.08122122
0.2903262 0.07748103
0.310895 0.07664445
0.3315214 0.07620633
0.352139 0.07525355
0.3727493 0.07419452
0.393242 0.07140923
0.4137347 0.06862393
0.4342274 0.06583869
0.4547742 0.06367499
0.475337 0.06169531
0.4958997 0.05971563
0.5114968 0.05833718
0.5321309 0.05833718
0.5527649 0.05833718
0.5733979 0.05828989
0.5940062 0.05709943
0.6146175 0.05604878
0.6352515 0.05604878
0.6558856 0.05604878
0.6763698 0.05711529
0.6931502 0.06788877
0.708948 0.07612985
0.7020564 0.09827292
0.6919205 0.1189857
0.6829007 0.1403234
0.6712641 0.1599993
0.6607152 0.1804157
0.652588 0.202265
0.6420977 0.2227726
0.6324035 0.2435281
0.6256078 0.2657543
0.6139733 0.2853574
0.6045806 0.306577
0.5947364 0.3275174
0.5879315 0.3499158
0.5779911 0.3707854
0.5677358 0.3914291
0.5577334 0.4118584
0.5489204 0.4333784
0.5394924 0.4544832
0.5309814 0.4748274
