0.4853611 0.8304662
0.4585206 0.8075684
0.4306196 0.7860497
0.4087619 0.7584071
0.3891432 0.7288624
0.3745281 0.6962988
0.3591497 0.6641272
0.3426149 0.6325495
0.326632 0.6006771
0.3110349 0.5685989
0.3011228 0.5342466
0.2907086 0.5000818
0.27596 0.4917513
0.2613459 0.4591895
0.2476075 0.4262247
0.2335991 0.3933842
0.2188504 0.3608843
0.2035781 0.3286593
0.1866407 0.297308
0.1777208 0.2632355
0.1734481 0.227806
0.1666513 0.1942585
0.1886419 0.1897951
0.2224622 0.1811554
0.2564471 0.1732134
0.2908749 0.167802
0.3256187 0.1647992
0.360495 0.1647992
0.3953712 0.1647992
0.4302475 0.1647992
0.4651237 0.1647992
0.5 0.1647992
0.5108042 0.1688932
0.5453359 0.1739188
0.5799429 0.1783672
0.6145499 0.1828157
0.6491868 0.1867686
0.6840631 0.1867686
0.7188369 0.187832
0.7533925 0.1911624
0.7882687 0.1911624
0.8153727 0.2110912
0.8406185 0.2341334
0.8508735 0.2683184
0.8546678 0.3037966
0.8274261 0.3198707
0.808055 0.3496619
0.7877836 0.3788461
0.7688759 0.4089375
0.7513027 0.4399166
0.7317797 0.469612
0.7134943 0.5
0.6990624 0.5084805
0.6825569 0.5400557
0.6663784 0.5718186
0.6507813 0.6038969
0.6351842 0.6359751
0.619587 0.6680534
0.6039899 0.7001317
0.5900826 0.7330159
0.5717758 0.7633621
0.5609865 0.7973634
0.5404392 0.825066
0.5256636 0.8524355
