0.4706523 0.5
0.4638414 0.4782238
0.4577862 0.4562276
0.4495772 0.4349028
0.441007 0.4137171
0.4320149 0.3926941
0.4231086 0.3716382
0.4149887 0.3502811
0.4068687 0.3289239
0.3985565 0.307638
0.3900371 0.286429
0.3813276 0.2652965
0.3720058 0.2444102
0.3626838 0.223524
0.3531307 0.2027372
0.3435673 0.1819549
0.3339422 0.161201
0.3234866 0.1408305
0.3130312 0.12046
0.3012146 0.1010451
0.2947915 0.08395356
0.3181261 0.08308083
0.3413893 0.08081469
0.3647172 0.07981381
0.3880965 0.07981381
0.4114758 0.07981381
0.4348473 0.07941166
0.4582098 0.07855281
0.4815724 0.07769397
0.5 0.07683513
0.5233626 0.07597637
0.5467301 0.07526428
0.5701004 0.0746319
0.5934706 0.07399946
0.616762 0.07243749
0.6399221 0.06932557
0.6630821 0.06621364
0.686307 0.06362158
0.7095578 0.06123737
0.7325077 0.05734873
0.7257403 0.07394907
0.7124461 0.09264472
0.7005923 0.1122752
0.6865296 0.1303034
0.6706212 0.1469927
0.6565076 0.165116
0.6428193 0.1835793
0.6282974 0.2014201
0.6135546 0.2190961
0.6011513 0.2383835
0.5889602 0.2578169
0.5751352 0.2761831
0.5617794 0.2948576
0.5494735 0.3142224
0.5372291 0.3336222
0.5254566 0.3532576
0.5125383 0.3720931
0.5005198 0.3914393
0.4978176 0.4126979
0.4874421 0.4329135
0.4821834 0.4547653
0.4770267 0.4765882
0.4706523 0.4974435
