0.6174721 0.7401568
0.5957824 0.7183107
0.5776911 0.6948338
0.5560424 0.6729252
0.5367136 0.6498886
0.5173848 0.626852
0.5 0.6038154
0.4807119 0.5807607
0.4615438 0.557653
0.4423757 0.5345453
0.4232076 0.5114376
0.4040395 0.4965261
0.3852727 0.4732545
0.36821 0.4492872
0.3511473 0.4253199
0.3340845 0.4013526
0.3170218 0.3773853
0.2999591 0.353418
0.2826024 0.3295634
0.2651196 0.3057573
0.2476367 0.2819512
0.2301538 0.2581451
0.2125697 0.2343788
0.1947466 0.2107069
0.1769234 0.1870351
0.1588112 0.1634907
0.1831557 0.1573483
0.2201626 0.155808
0.2571696 0.1542678
0.2941811 0.1527867
0.3311954 0.1513425
0.3682096 0.1498983
0.4052239 0.148454
0.4422382 0.1470098
0.4792258 0.1452615
0.5142479 0.1432672
0.551214 0.1412728
0.5881801 0.1392784
0.6251461 0.1372841
0.6621689 0.1360875
0.6992202 0.1352938
0.7362715 0.1345001
0.7707202 0.1354961
0.7585005 0.1609659
0.7483172 0.1869248
0.738134 0.2128837
0.7264041 0.2384793
0.7138487 0.263881
0.7021174 0.2894682
0.6928149 0.3156019
0.6835124 0.3417355
0.6742099 0.3678692
0.6649075 0.3940029
0.6562268 0.420235
0.6497849 0.4468219
0.6433432 0.4734088
0.6369364 0.5
0.6308426 0.518434
0.6275107 0.5452309
0.6261534 0.5721956
0.623373 0.5991132
0.6192796 0.6259457
0.6137692 0.6526272
