0.5913938 0.9065645
0.5710337 0.8954598
0.5549753 0.8732376
0.5358064 0.8538982
0.5169083 0.8342344
0.5 0.8144939
0.4814477 0.7944632
0.4651116 0.7721498
0.4487754 0.7498365
0.4323243 0.7276275
0.4158556 0.7054345
0.4007165 0.6821845
0.3870808 0.6577393
0.373445 0.633294
0.3576006 0.6106047
0.341132 0.5884116
0.3246191 0.5662593
0.3080345 0.5441728
0.2914498 0.5220864
0.2748652 0.5
0.2604486 0.4827734
0.2460858 0.4588466
0.2321775 0.4345913
0.2240181 0.4078911
0.2366287 0.3934771
0.2603344 0.404083
0.2838101 0.416241
0.3082429 0.4253492
0.3334445 0.4320083
0.3587177 0.4382738
0.3842713 0.4430002
0.4098249 0.4477267
0.4355623 0.4504714
0.4614476 0.4516205
0.4873329 0.4527696
0.5113097 0.4529659
0.5372158 0.4529659
0.5631219 0.4529659
0.5890279 0.4529659
0.614934 0.4529659
0.64084 0.4529659
0.666746 0.4529659
0.692652 0.4529659
0.717878 0.4590967
0.7381475 0.4749095
0.7522057 0.4946554
0.7497173 0.5164756
0.7393667 0.542781
0.7266743 0.5677677
0.7125996 0.5919004
0.6978536 0.6155385
0.6831408 0.6392019
0.6684642 0.6628932
0.6549073 0.6873175
0.6433219 0.7130323
0.6317363 0.7387472
0.6175693 0.7627994
0.6031992 0.7867209
0.5919062 0.8125844
0.5807289 0.8385209
0.5696373 0.8645016
0.5589173 0.8906747
0.5483704 0.9169341
