0.4949582 0.860652
0.4714612 0.8473567
0.4499863 0.8231068
0.4283176 0.7993239
0.4073259 0.7740389
0.3872229 0.7467828
0.3675039 0.7188005
0.3483383 0.6897715
0.3291728 0.6607424
0.3105464 0.6308409
0.2932447 0.5987954
0.2759069 0.5668041
0.2581376 0.5354598
0.2410779 0.5032068
0.2269952 0.4707687
0.2126715 0.4349627
0.198263 0.3992559
0.1919768 0.3674015
0.2176575 0.3605559
0.2430799 0.3512549
0.2686503 0.3431708
0.2942873 0.3356337
0.3199255 0.3281079
0.3455782 0.320717
0.3712309 0.3133262
0.3968836 0.3059353
0.4225888 0.2990994
0.4483925 0.2933064
0.4741963 0.2875133
0.5 0.2817203
0.5210014 0.2757957
0.5467628 0.2695124
0.5725242 0.263229
0.5982856 0.2569457
0.6240469 0.2506624
0.6498684 0.2453361
0.6758659 0.2428184
0.7018635 0.2403006
0.7278668 0.2380995
0.7539093 0.2380995
0.7799519 0.2380995
0.8059058 0.241319
0.829119 0.2517056
0.8110192 0.2821259
0.7914914 0.3104932
0.7713966 0.3377436
0.7509781 0.3643565
0.7305596 0.3909693
0.7099855 0.4172548
0.6893784 0.4434709
0.6692252 0.4705608
0.6502919 0.5
0.6313586 0.5258115
0.6129422 0.5561262
0.5945273 0.5864437
0.5761124 0.6167611
0.5580071 0.647514
0.5426896 0.6821889
0.5247375 0.7131574
0.5083421 0.7462403
0.4983792 0.7815714
0.4854743 0.8187609
0.4706279 0.8534495
0.4495085 0.8764049
