0.5820692 0.8861622
0.5668967 0.8597729
0.5546512 0.8317866
0.5401803 0.804843
0.5244287 0.7786368
0.5085126 0.7525253
0.4959936 0.7260107
0.48085 0.6994414
0.4645343 0.6736058
0.4473711 0.6483008
0.4302078 0.6229957
0.4123222 0.5982052
0.3941353 0.5736294
0.3759484 0.5490535
0.357757 0.5244811
0.3394433 0.5
0.3211296 0.4810766
0.3028159 0.4565956
0.2848153 0.4318835
0.2669444 0.4070757
0.2472838 0.3837467
0.2264081 0.3614219
0.2070234 0.3378609
0.1894556 0.3128521
0.1823858 0.2895666
0.2124163 0.2950407
0.242676 0.2990422
0.2729424 0.3030001
0.3032089 0.3069581
0.3334754 0.310916
0.3637863 0.3144993
0.3941323 0.3177884
0.4244784 0.3210775
0.454825 0.3243601
0.4852022 0.3273459
0.5128623 0.3303317
0.5432395 0.3333175
0.5736167 0.3363034
0.6039857 0.3393666
0.6343073 0.3428743
0.6646289 0.3463819
0.6947384 0.351296
0.7246656 0.3572449
0.7497008 0.3721498
0.7691548 0.3930121
0.781822 0.418779
0.7784096 0.4486035
0.7679787 0.4773624
0.7566346 0.50011
0.7401291 0.5258511
0.7241787 0.5519354
0.7086508 0.5782808
0.6927391 0.6043693
0.6744254 0.6288504
0.6561117 0.6533314
0.6379558 0.6779301
0.6198497 0.7025658
0.600291 0.7259871
0.5793717 0.748271
0.5587653 0.7708367
0.5389013 0.7940708
0.5181037 0.8164383
0.5 0.838724
