0.4693052 0.4879132
0.4619255 0.4658158
0.4526657 0.4442942
0.4431122 0.4228947
0.4333367 0.4016174
0.4224361 0.3810114
0.4136486 0.3592864
0.4053809 0.3372647
0.3957059 0.3159274
0.3868111 0.2941912
0.3778969 0.2724904
0.366431 0.2522607
0.354965 0.2320311
0.3438556 0.2115749
0.3337333 0.1904915
0.3234581 0.1695002
0.3128518 0.148708
0.3029101 0.1275395
0.2937615 0.1059219
0.2848948 0.08416247
0.2763902 0.06224647
0.2894465 0.0527879
0.3110803 0.0527879
0.3327143 0.0527879
0.3543482 0.0527879
0.375982 0.0527879
0.3976159 0.0527879
0.4192498 0.0527879
0.4408837 0.0527879
0.4625138 0.05315864
0.4841423 0.05368865
0.5016486 0.05421865
0.5232772 0.05474865
0.5449065 0.05520529
0.5665404 0.05520529
0.5881744 0.05520529
0.6098083 0.05520529
0.6314422 0.05520529
0.6530762 0.05520529
0.6747102 0.05520529
0.6963441 0.05520529
0.7174551 0.05594367
0.71948 0.07952455
0.7178545 0.1033058
0.7115917 0.1258793
0.7036546 0.1480636
0.6963782 0.1705295
0.6865364 0.1917372
0.6761059 0.2126352
0.6653726 0.2333477
0.655043 0.2543063
0.6448295 0.2753305
0.6305834 0.2932837
0.6164927 0.3113854
0.6039937 0.3308239
0.5905565 0.3495101
0.5753335 0.3664499
0.5617532 0.3849888
0.5490828 0.4042976
0.5357426 0.4230705
0.5232406 0.4424525
0.5121101 0.4629086
0.5 0.4826524
0.4934198 0.5
