0.4320977 0.8349947
0.4132363 0.8025862
0.3947236 0.7697887
0.3765629 0.7365986
0.3568999 0.7051831
0.3369722 0.674105
0.3214404 0.6383749
0.3059087 0.6026448
0.2895712 0.567638
0.2730491 0.532797
0.2565269 0.5
0.2417323 0.4636911
0.2278842 0.4266256
0.2145636 0.3891726
0.2034918 0.350341
0.194099 0.3108152
0.1805026 0.2740722
0.1730783 0.2335362
0.1731031 0.1952487
0.2028888 0.1952487
0.2326745 0.1952487
0.2624593 0.1952135
0.2921791 0.1924281
0.3218896 0.1894622
0.3515875 0.1862506
0.3812855 0.183039
0.4109694 0.1795843
0.4406463 0.1760082
0.4703231 0.1724321
0.5 0.1688561
0.5285137 0.16428
0.5581173 0.1596558
0.5877208 0.1550317
0.6173471 0.1509873
0.6471328 0.1509873
0.6769185 0.1509873
0.7067042 0.1509873
0.7364899 0.1509873
0.7662756 0.1509873
0.7956232 0.155587
0.8240708 0.1677675
0.8500028 0.187777
0.8580365 0.2157865
0.8427674 0.2517077
0.8258131 0.286136
0.8088588 0.3205642
0.7919044 0.3549925
0.7741402 0.3886001
0.7562688 0.422099
0.7377766 0.4548627
0.717325 0.4853055
0.6968735 0.5137042
0.6754021 0.5426822
0.6533149 0.5707758
0.6312278 0.5988694
0.6082432 0.6254599
0.5847318 0.6511679
0.561276 0.6769748
0.5380172 0.7031331
0.5148671 0.7293037
0.4890609 0.7460616
0.4658134 0.7692471
0.4426576 0.7950906
