0.5049127 0.5
0.5 0.4800656
0.4900016 0.4601732
0.4797837 0.4402087
0.4669947 0.4218606
0.4547522 0.4031332
0.4435655 0.3837027
0.4337219 0.3635161
0.4225867 0.3440566
0.4110889 0.3248125
0.399394 0.3056933
0.3869243 0.2870953
0.3745904 0.2684029
0.362381 0.2496242
0.3483152 0.2324059
0.3335529 0.215734
0.3201273 0.1978607
0.3052682 0.1812256
0.2889389 0.166126
0.2759477 0.1481559
0.2659411 0.129308
0.2737185 0.110042
0.2911983 0.09664258
0.3127461 0.09204689
0.3341307 0.0867236
0.3553438 0.08075133
0.3770852 0.07723132
0.398769 0.07336661
0.4204118 0.06925702
0.4422077 0.06651428
0.4641958 0.06548944
0.486091 0.06329507
0.5032052 0.0616875
0.5252161 0.0616875
0.5471761 0.06022665
0.5690781 0.06184992
0.5909825 0.06405446
0.6129466 0.06520814
0.6348655 0.06690931
0.6568732 0.06696841
0.6787726 0.0658159
0.6987295 0.05816695
0.7029694 0.07521525
0.6967658 0.09672734
0.6896262 0.1180415
0.6837484 0.1397902
0.67409 0.1599398
0.6681477 0.1816266
0.6594772 0.2023711
0.6526896 0.2238143
0.6438673 0.2444913
0.6342108 0.2647678
0.626551 0.2856287
0.6185325 0.3064398
0.6085639 0.3264961
0.5994951 0.3415738
0.5890713 0.3599975
0.5794433 0.3802376
0.5666174 0.398404
0.5552604 0.415536
0.5423087 0.4299699
0.5318664 0.4436707
0.5193039 0.456817
0.5100631 0.4735954
