0.4755787 0.7798643
0.4642426 0.7533417
0.4516574 0.7271993
0.439616 0.7008833
0.4279011 0.674463
0.4139457 0.6488919
0.397615 0.624221
0.3813291 0.59953
0.3656054 0.5745883
0.3498817 0.5496466
0.3339634 0.5247908
0.3178977 0.5
0.301832 0.4850989
0.2858197 0.4602843
0.2698729 0.4354405
0.2561206 0.409749
0.241359 0.3844797
0.2285885 0.3585316
0.2434343 0.3397382
0.2770459 0.3361593
0.3106354 0.3324381
0.3437998 0.3267534
0.3768439 0.3205134
0.4100655 0.3150485
0.4435583 0.3107672
0.477051 0.3064858
0.5 0.3012071
0.5331346 0.2953075
0.5662692 0.289408
0.5994037 0.2835084
0.6325765 0.2777966
0.6662016 0.2743043
0.6998267 0.2708119
0.7335364 0.268016
0.7673378 0.2661694
0.7998916 0.2682389
0.8228948 0.2868833
0.834035 0.3123832
0.8154846 0.3331308
0.7943629 0.3545846
0.7661674 0.370203
0.7402856 0.3883757
0.714619 0.4067526
0.6897871 0.4259115
0.6653994 0.4454289
0.6430848 0.4666186
0.6207702 0.4878084
0.6000648 0.5002027
0.5794803 0.5225689
0.5583711 0.5445914
0.5370024 0.5664439
0.5175647 0.589421
0.5001301 0.6135648
0.4931514 0.637763
0.480731 0.6639598
0.4683107 0.6901566
0.4558904 0.7163535
0.4434901 0.7425568
0.4311418 0.7687771
0.4187935 0.7949975
0.4045663 0.8205238
0.3894117 0.8457075
0.3780245 0.8720492
