0.4266333 0.7262633
0.4049224 0.7078394
0.3877226 0.6758337
0.3712738 0.6428267
0.3554493 0.6089956
0.3402557 0.5744037
0.3231234 0.5424827
0.3057369 0.5109343
0.2908577 0.4875545
0.2760394 0.4525348
0.2611015 0.417658
0.2455207 0.3836773
0.2369252 0.3435614
0.2260951 0.3051869
0.2193435 0.2644551
0.2324157 0.2413481
0.2580743 0.2332923
0.2838466 0.2261913
0.3096695 0.2196847
0.3356954 0.2157167
0.3617213 0.2117488
0.3876792 0.2069616
0.4134215 0.1995739
0.4391638 0.1921863
0.4649061 0.1847987
0.4906483 0.177411
0.5041023 0.1716076
0.5301004 0.167183
0.5560985 0.1627584
0.5820965 0.1583339
0.6080946 0.1539093
0.6340926 0.1494848
0.6600907 0.1450602
0.6860887 0.1406356
0.7121421 0.1372516
0.7382215 0.1343599
0.7643009 0.1314682
0.7903805 0.1285765
0.8161107 0.1216419
0.8248494 0.1199041
0.7993645 0.1279792
0.7755402 0.1437331
0.7508865 0.1570402
0.7310256 0.1839923
0.71222 0.2134964
0.6930959 0.2424179
0.6755122 0.2738728
0.6571536 0.3041261
0.6386698 0.3341853
0.620186 0.3642444
0.601508 0.3939812
0.5826509 0.4234207
0.5637938 0.4528603
0.54491 0.4822544
0.525981 0.5
0.507052 0.5293173
0.5 0.5576583
0.4803276 0.5856514
0.4606552 0.6136445
0.4408362 0.6413621
0.4209892 0.6690273
0.4009108 0.696234
0.3803565 0.7224976
