0.4086108 0.7814832
0.3865003 0.7598672
0.3646497 0.7377428
0.3460553 0.7107493
0.3294232 0.6811084
0.3141331 0.6500471
0.2984389 0.6193865
0.2824785 0.58899
0.2666001 0.5585099
0.2511615 0.5275952
0.2359597 0.5
0.224406 0.4659347
0.2129986 0.4317773
0.202367 0.3971312
0.1877431 0.3661609
0.2011454 0.3469957
0.2276616 0.3416292
0.2538831 0.3327257
0.2803727 0.3255069
0.3068625 0.3182882
0.3333522 0.3110694
0.3599787 0.3050904
0.3867954 0.3008344
0.413612 0.2965785
0.4404287 0.2923225
0.467197 0.2875396
0.4939151 0.2822089
0.5169663 0.2768782
0.5436843 0.2715475
0.5704057 0.2662515
0.5971583 0.2612697
0.6239108 0.2562881
0.6506633 0.2513063
0.6774216 0.2463918
0.7042545 0.2423404
0.7310874 0.238289
0.7579204 0.2342376
0.7846646 0.2291998
0.8113827 0.2238691
0.8380344 0.2179982
0.8266998 0.2348167
0.8073032 0.2608811
0.7864532 0.2847803
0.7665329 0.3101111
0.7474486 0.3367647
0.7277161 0.3624761
0.7079374 0.3881225
0.6882838 0.4139565
0.6690568 0.440365
0.6512843 0.4687324
0.6332427 0.4967578
0.614681 0.5205846
0.5961438 0.547979
0.5788658 0.5769361
0.5615876 0.6058933
0.5467705 0.6373803
0.531921 0.6688462
0.5159605 0.6992427
0.5 0.7296391
0.4877063 0.7600355
0.4701229 0.7886047
0.4522405 0.8168372
0.4343581 0.8450697
0.4133991 0.8684193
