0.5696645 0.8973275
0.5463671 0.8839499
0.5245947 0.8656414
0.5025533 0.8476604
0.4885425 0.8281326
0.4682103 0.8081672
0.447878 0.7882017
0.4273688 0.7684418
0.4053274 0.7504609
0.3832861 0.7324799
0.3612448 0.714499
0.3426297 0.692884
0.324185 0.6710995
0.308118 0.647434
0.2902347 0.6253142
0.270953 0.6044866
0.2588658 0.5785571
0.2422513 0.5553098
0.2331134 0.5287835
0.2331134 0.5
0.2331134 0.4834393
0.2313442 0.4547682
0.2300933 0.4260898
0.224809 0.3981807
0.2274635 0.3788739
0.25564 0.3775412
0.2838105 0.3760512
0.3120372 0.3760512
0.3402639 0.3760512
0.3681993 0.3789037
0.3958205 0.3848335
0.4235918 0.389932
0.451473 0.3944212
0.4791602 0.3999751
0.5 0.4062782
0.5273964 0.4132051
0.5547771 0.4200571
0.5813354 0.4297647
0.6093145 0.4335688
0.6372936 0.437373
0.6652409 0.4413464
0.6926248 0.4483275
0.7205992 0.4518492
0.7483563 0.4550881
0.7717388 0.4616813
0.7717388 0.4904648
0.7678921 0.5065426
0.7610461 0.5344667
0.7539694 0.56233
0.7466472 0.5901254
0.7365987 0.6170233
0.7265501 0.6439211
0.7147678 0.670061
0.7025893 0.6960276
0.6902713 0.7219245
0.6776478 0.7476693
0.6650245 0.7734141
0.6513647 0.7985893
0.6372221 0.8234993
0.6216012 0.8474128
0.6049161 0.8705977
0.5919489 0.89615
0.5741573 0.9174565
