0.5958976 0.8557652
0.566294 0.8368092
0.5409385 0.8150502
0.5162525 0.7929842
0.5 0.7689593
0.4795827 0.7449344
0.4591653 0.7209095
0.4382848 0.6970691
0.4172319 0.6732973
0.396179 0.6495255
0.3751261 0.6257536
0.3542407 0.6019238
0.3381217 0.5764429
0.3220028 0.5509619
0.3058838 0.525481
0.2897648 0.5
0.2736459 0.4819382
0.2574555 0.4564781
0.2412142 0.4310328
0.2249728 0.4055876
0.2087314 0.3801423
0.1943202 0.3541968
0.1799524 0.3282395
0.1645514 0.3025606
0.1486723 0.2770106
0.153194 0.2587315
0.1935706 0.2542847
0.2341578 0.2507594
0.274745 0.2472341
0.3153323 0.2437088
0.3559134 0.2401511
0.3964933 0.2365873
0.4370732 0.2330235
0.4776531 0.2294596
0.5140681 0.2258958
0.5546404 0.2222922
0.5952124 0.2186874
0.6357844 0.2150825
0.6763564 0.2114776
0.7169285 0.2078728
0.7576325 0.2052273
0.7984889 0.2036895
0.8040022 0.22436
0.790142 0.2504437
0.7762818 0.2765274
0.7648889 0.3031245
0.7547477 0.3299821
0.7446065 0.3568397
0.7344654 0.3836973
0.7242354 0.4105394
0.7139662 0.4373747
0.703697 0.4642099
0.6934277 0.4910451
0.6831585 0.5104612
0.6718444 0.5370986
0.6600863 0.5636519
0.6483281 0.5902052
0.63657 0.6167585
0.6248119 0.6433118
0.613348 0.6699167
0.6046036 0.6969988
0.5958593 0.7240809
0.587957 0.7512509
0.5849152 0.7788799
