0.5277401 0.5
0.5138382 0.4822502
0.5 0.4644552
0.4867211 0.4466603
0.4744607 0.4278824
0.4628136 0.4087223
0.4511665 0.3895623
0.4395194 0.3704023
0.4278723 0.3512423
0.4165304 0.3319192
0.4053552 0.312507
0.3941799 0.2930948
0.3830046 0.2736825
0.3718293 0.2542704
0.3606541 0.2348581
0.3495819 0.2153927
0.3385442 0.1959095
0.3275066 0.1764263
0.316469 0.1569431
0.3054313 0.1374599
0.2943937 0.1179766
0.2831768 0.09858611
0.2719572 0.07919711
0.272716 0.07231238
0.2959973 0.07231238
0.3192785 0.07231238
0.342537 0.07176009
0.365747 0.07002982
0.388957 0.06829962
0.412167 0.06656939
0.435377 0.06483918
0.4585934 0.06319305
0.4818231 0.06172112
0.5044935 0.06024915
0.5277232 0.05877721
0.5509529 0.05730531
0.5741826 0.05583328
0.5974358 0.05503207
0.6207172 0.05503207
0.6439984 0.05503207
0.6672797 0.05503207
0.6905609 0.05503207
0.7138422 0.05503207
0.7163658 0.07602698
0.7109615 0.09708679
0.7016786 0.1173799
0.6922767 0.1376209
0.682105 0.1575254
0.6719333 0.1774298
0.6617616 0.1973343
0.6513988 0.2171474
0.6406579 0.2367799
0.629917 0.2564124
0.6191761 0.2760449
0.6084353 0.2956774
0.5976944 0.3153099
0.5880924 0.3354613
0.5787162 0.3557155
0.5693399 0.3759698
0.5599636 0.396224
0.5505874 0.4164783
0.5417578 0.4369456
0.5334697 0.4576241
0.5254675 0.4783996
