0.4474445 0.4715287
0.4347368 0.4508757
0.4229411 0.428632
0.4132288 0.4048733
0.4039906 0.3808365
0.3948769 0.3567301
0.3860745 0.332455
0.3777817 0.3079302
0.3708735 0.282766
0.3621714 0.2584698
0.3531163 0.2343336
0.3445109 0.209953
0.3357706 0.1856453
0.3266159 0.1615613
0.3168679 0.1378238
0.3087006 0.1132507
0.2969492 0.09101978
0.2871156 0.06738177
0.287594 0.0543834
0.3093733 0.05632207
0.3312188 0.05632207
0.3530645 0.05632207
0.3749071 0.05661148
0.3967459 0.0572744
0.4185848 0.05793735
0.4404236 0.05860022
0.4622683 0.05869469
0.4841139 0.05869469
0.5 0.05869469
0.521808 0.06002119
0.5436019 0.0618462
0.5653999 0.06357983
0.5872266 0.06468415
0.6090532 0.06578839
0.6308984 0.06581256
0.6526564 0.0674164
0.6743304 0.0705578
0.6961759 0.0705578
0.7180216 0.0705578
0.7267727 0.08923697
0.7206096 0.1139958
0.7148755 0.1394829
0.7063319 0.1636342
0.6957227 0.1868215
0.6873151 0.2112578
0.6768036 0.2342709
0.6634939 0.2552905
0.6526225 0.277974
0.6405047 0.3000444
0.6275331 0.3213813
0.615159 0.3431703
0.6009207 0.3629099
0.590204 0.3854332
0.5750722 0.4042293
0.5603245 0.4235739
0.5452383 0.4413219
0.5271911 0.4561327
0.5113323 0.4727371
0.4992353 0.4845671
0.4851037 0.5
0.4654942 0.4934449
0.4470606 0.4800865
0.432781 0.4608418
