0.399754 0.8635747
0.3901889 0.8263348
0.3785709 0.7903044
0.3666532 0.7544504
0.3547355 0.7185965
0.3431521 0.6825345
0.3325545 0.6458591
0.3219569 0.6091838
0.3109469 0.572753
0.2999214 0.5363313
0.2887485 0.5
0.27753 0.4665354
0.2663113 0.4302321
0.2548891 0.3940584
0.243258 0.3580311
0.2364697 0.3195887
0.2296813 0.2811462
0.2220276 0.2430998
0.2195468 0.2282199
0.247235 0.2338322
0.274801 0.2404765
0.3027902 0.2404765
0.3307794 0.2404765
0.3587686 0.2404765
0.3867578 0.2404765
0.414747 0.2404765
0.4427097 0.2387914
0.4706713 0.237032
0.4986329 0.2352726
0.5090836 0.2335132
0.5370479 0.2318426
0.5650138 0.2302265
0.5929797 0.2286105
0.6209456 0.2269945
0.6489115 0.2253785
0.6768983 0.2252097
0.7048875 0.2252097
0.7328767 0.2252097
0.7608658 0.2252097
0.788855 0.2252097
0.8168442 0.2252097
0.8432395 0.2274662
0.8290914 0.2580028
0.810541 0.2874551
0.7921167 0.3172103
0.7726756 0.3457171
0.7532344 0.3742237
0.7337933 0.4027304
0.7134913 0.4299797
0.6927592 0.4566008
0.6720271 0.4832218
0.6512949 0.5070043
0.6305628 0.5336253
0.6098278 0.5602418
0.5890569 0.5868022
0.5682861 0.6133627
0.5475152 0.6399232
0.5266758 0.666368
0.5045825 0.6906957
0.5 0.7150235
0.4779067 0.7393512
0.4552281 0.7625611
0.4323618 0.7854124
