0.5971472 0.9006392
0.5733905 0.8855727
0.5529333 0.8680838
0.5340023 0.8494743
0.5150713 0.8308649
0.5 0.8118857
0.4828463 0.7923037
0.4656927 0.7727216
0.448539 0.7531396
0.4313853 0.7335575
0.4142317 0.7139754
0.3972212 0.6943212
0.3802248 0.6746598
0.3632283 0.6549985
0.3462318 0.6353372
0.3292354 0.615676
0.3122389 0.5960147
0.2952424 0.5763534
0.2788188 0.5564319
0.2641577 0.5357103
0.2494965 0.5149887
0.2348354 0.5
0.2201742 0.4792784
0.2046231 0.4589786
0.2132353 0.4502402
0.2441595 0.4502402
0.2750826 0.4503269
0.3060006 0.4507975
0.3369187 0.4512681
0.3678367 0.4517387
0.3987548 0.4522093
0.4294068 0.4491557
0.4600506 0.4459935
0.4906943 0.4428313
0.5181541 0.4396691
0.5487978 0.4365069
0.5785012 0.4300036
0.6081581 0.4233351
0.637815 0.4166667
0.6675453 0.4102409
0.6980746 0.4066101
0.7039878 0.4275044
0.7039878 0.4510391
0.7032802 0.4745514
0.7007121 0.4980048
0.698144 0.5157253
0.694588 0.5390627
0.6877519 0.5620152
0.6809159 0.5849677
0.6740798 0.6079202
0.6672437 0.6308727
0.6604077 0.6538251
0.6535715 0.6767776
0.6459588 0.6995854
0.6380888 0.7223452
0.6302189 0.745105
0.6223488 0.7678648
0.6144788 0.7906246
0.6059682 0.813249
0.5972817 0.8358362
0.5885951 0.8584233
0.579793 0.8809837
0.5704808 0.9034259
