0.1985899 0.1691679
0.2098763 0.1997072
0.2217982 0.2299046
0.2346115 0.2596226
0.2472475 0.2894407
0.2595128 0.319468
0.2719266 0.3494093
0.285271 0.3788113
0.2986153 0.4082133
0.3118188 0.4377007
0.3250076 0.467197
0.3381963 0.4966933
0.3488615 0.5249006
0.3586529 0.5561259
0.369014 0.5870847
0.3806505 0.6174467
0.3929589 0.6474141
0.4071741 0.6762621
0.4233603 0.7035793
0.4412503 0.7295263
0.4644103 0.7473861
0.4829467 0.7587409
0.5 0.7320584
0.5003773 0.7028041
0.515775 0.6748945
0.5329659 0.6483139
0.5505005 0.6220436
0.5685033 0.5961959
0.5865061 0.5703483
0.6045088 0.5445006
0.6256877 0.5221547
0.6470399 0.5
0.6680674 0.4800204
0.688327 0.4565263
0.7085866 0.4330322
0.7288463 0.409538
0.7491059 0.3860439
0.769201 0.3623686
0.7883677 0.3376722
0.8093355 0.3150935
0.8258964 0.289557
0.8204605 0.2573542
0.8016828 0.2325293
0.782159 0.2082714
0.7595212 0.1884224
0.7323401 0.1779155
0.7049127 0.1691679
0.6762612 0.1691679
0.6478467 0.1658481
0.6195851 0.1603858
0.5910466 0.1588037
0.5623951 0.1588037
0.5337812 0.1597628
0.5052474 0.1627709
0.489918 0.1657462
0.4612961 0.1672549
0.4326742 0.1687636
0.4040771 0.1707858
0.3754784 0.1726227
0.3468269 0.1726227
0.3195298 0.1629444
0.2915541 0.1560449
0.2660277 0.1418449
0.2492351 0.1208014
