0.6515423 0.8391895
0.6263058 0.8177192
0.6019099 0.7956874
0.5775419 0.7736369
0.5543364 0.7509128
0.5332429 0.7269649
0.5121495 0.7030171
0.4927781 0.6790692
0.472509 0.6547264
0.4536076 0.6297284
0.4347061 0.6047305
0.4158046 0.5797325
0.3969032 0.5547346
0.3782723 0.5296202
0.3602077 0.504262
0.3421431 0.4803481
0.3240786 0.4549899
0.3060139 0.4296318
0.2879494 0.4042736
0.2701384 0.3788113
0.25253 0.3532658
0.2349216 0.3277202
0.2173133 0.3021746
0.1997049 0.276629
0.1820966 0.2510834
0.1647168 0.2254479
0.1478458 0.1996123
0.1326438 0.1737087
0.1644436 0.1882248
0.2007712 0.1960131
0.2373019 0.2030048
0.2747872 0.2062541
0.3122725 0.2095034
0.3497578 0.2127526
0.3872513 0.2159395
0.4248342 0.2184418
0.4624171 0.2209441
0.5 0.2234464
0.5358608 0.2259488
0.5734437 0.228451
0.6109762 0.231355
0.6484936 0.2343788
0.6860111 0.2374027
0.7235286 0.2404265
0.761027 0.2435813
0.7978467 0.2479782
0.79712 0.2763519
0.7922407 0.3049944
0.7848389 0.3332789
0.7759871 0.3613576
0.7663379 0.3892683
0.7551833 0.4168619
0.7440287 0.4444555
0.7328741 0.472049
0.7233618 0.5
0.7138943 0.5265166
0.7044268 0.5544773
0.6949593 0.582438
0.6858253 0.6104631
0.6768385 0.6385167
0.6678516 0.6665702
0.6588647 0.6946238
0.6495665 0.7226168
