0.4484968 0.5
0.4363535 0.4800659
0.4265254 0.4577973
0.4153057 0.4365438
0.405719 0.4138444
0.3967482 0.3907259
0.3885538 0.3670788
0.3777755 0.3453577
0.3666045 0.3239884
0.3550146 0.3030167
0.3426321 0.2828597
0.333009 0.2604179
0.3241218 0.2372647
0.3140612 0.2149319
0.3035207 0.1930037
0.2932478 0.1708614
0.2850552 0.1473633
0.2860099 0.1341216
0.3055642 0.1341216
0.3247498 0.1291619
0.3440417 0.125116
0.363508 0.1226467
0.3829152 0.1196199
0.4021346 0.1148203
0.421354 0.1100206
0.4405734 0.105221
0.4599496 0.1017425
0.4793433 0.09840959
0.4987368 0.09507668
0.5131744 0.09272379
0.5326753 0.09079987
0.5521761 0.08887592
0.5714713 0.08470318
0.5907484 0.08033302
0.6100254 0.07596287
0.6293025 0.07159266
0.6485792 0.0672197
0.6678444 0.06275722
0.6871096 0.05829486
0.7065077 0.055172
0.7260221 0.05400226
0.7249911 0.07323092
0.7127954 0.09321302
0.7022619 0.1150814
0.6924102 0.1375205
0.6812903 0.1589371
0.6698147 0.180023
0.6593956 0.2020591
0.6477944 0.2230064
0.6353783 0.2431037
0.6234507 0.2636997
0.6108242 0.2835141
0.5999504 0.3049344
0.5866652 0.3240094
0.5718464 0.3406073
0.5599145 0.3609281
0.5460876 0.379344
0.5309436 0.3956204
0.5171613 0.4135343
0.5 0.4259791
0.4889771 0.4407437
0.4746546 0.4572093
0.460656 0.4741268
0.450502 0.4919879
