0.5229334 0.4956415
0.5114076 0.4766805
0.5 0.4576443
0.4947371 0.4393663
0.4815153 0.4216109
0.4693794 0.4031035
0.4583063 0.3838602
0.4472255 0.3646216
0.4356025 0.3457233
0.4239796 0.326825
0.4136577 0.3071592
0.4036159 0.2873282
0.393534 0.2675194
0.3829634 0.2479802
0.3723928 0.2284412
0.3617093 0.208974
0.3493781 0.1905551
0.3373091 0.1719671
0.32651 0.1525602
0.3154716 0.1332973
0.3038688 0.1143934
0.2936002 0.09484598
0.2843608 0.07466739
0.2733473 0.05541599
0.2860423 0.05432239
0.3071586 0.05974352
0.3276616 0.06724474
0.3481597 0.07476252
0.3687319 0.08201161
0.3900243 0.08664972
0.4113167 0.09128782
0.4326091 0.0959259
0.454028 0.09988815
0.4754777 0.1036859
0.4969274 0.1074837
0.5113094 0.1102204
0.5329205 0.1128835
0.5545942 0.1147785
0.5763357 0.1158416
0.5980878 0.1164472
0.619854 0.1164472
0.6415394 0.1180275
0.663186 0.1203674
0.6848216 0.1228117
0.705761 0.1273436
0.7118063 0.1434876
0.7094812 0.1656418
0.7027294 0.1865652
0.6926108 0.2063453
0.6834448 0.2266187
0.6742788 0.2468921
0.6650606 0.2671402
0.6556695 0.2873046
0.6462783 0.307469
0.6366311 0.3275048
0.626467 0.3472469
0.6147813 0.3661044
0.606241 0.3866466
0.595346 0.4058923
0.5872517 0.4263502
0.5794595 0.4471042
0.5683111 0.4661988
0.5566452 0.4849446
0.544155 0.5
