0.484323 0.7924057
0.4647459 0.7615298
0.4447528 0.731166
0.4249672 0.7005457
0.4053026 0.6697757
0.3868929 0.6376287
0.3696174 0.6042367
0.3502134 0.5731709
0.3306415 0.5422885
0.315444 0.5070629
0.3004681 0.5
0.2850859 0.464898
0.2690136 0.4303799
0.2545746 0.3945324
0.2415625 0.3576834
0.2297193 0.3200612
0.2144276 0.2848735
0.2020045 0.247642
0.187869 0.2125131
0.1818995 0.1725018
0.2043653 0.1605617
0.2327728 0.1484937
0.2622259 0.1460269
0.2919476 0.1460269
0.3216694 0.1460269
0.3513912 0.1460269
0.3811129 0.1460269
0.4108347 0.1460269
0.4405565 0.1460269
0.4702782 0.1460269
0.5 0.1460269
0.5261938 0.1460269
0.5559156 0.1460269
0.5856373 0.1460269
0.6153591 0.1460269
0.6450809 0.1460269
0.6748027 0.1460269
0.7045244 0.1460269
0.7342461 0.1460269
0.7639679 0.1460269
0.7936896 0.1460269
0.8234114 0.1460269
0.8531331 0.1460269
0.8438084 0.170761
0.8219687 0.1985945
0.8009328 0.2275268
0.7809921 0.2579561
0.7610514 0.2883854
0.7402582 0.3176952
0.7192417 0.3467118
0.6982752 0.3757926
0.6787546 0.4067367
0.6592339 0.4376808
0.6397132 0.4686249
0.6201963 0.4995737
0.6006935 0.5021566
0.5811908 0.5331222
0.5625404 0.5650164
0.545265 0.5984084
0.5279896 0.6318004
0.5092689 0.6636714
0.4940668 0.6955333
0.4754998 0.7275767
0.4594727 0.7619078
