0.5443892 0.8587359
0.5337587 0.8195673
0.5195748 0.7828282
0.5 0.7529948
0.4794188 0.723991
0.4595138 0.6939156
0.4387635 0.665247
0.4170338 0.6382084
0.3956897 0.6105695
0.3771528 0.5785601
0.358616 0.5465507
0.338282 0.5171778
0.3176539 0.4959665
0.2981304 0.4653447
0.2788374 0.4343721
0.2601988 0.4025489
0.2428072 0.3691044
0.2242838 0.3371771
0.2044949 0.3069363
0.1857932 0.2751466
0.171351 0.2388299
0.1611915 0.2059505
0.1886114 0.2138256
0.2160495 0.2232991
0.2440557 0.2272927
0.2721131 0.2307354
0.3001734 0.2341272
0.3282336 0.2375189
0.3557949 0.2461227
0.383341 0.254885
0.4113289 0.2592012
0.4393632 0.263052
0.4674029 0.2668104
0.495447 0.2704951
0.5232084 0.27451
0.5509753 0.2815024
0.5787421 0.2884948
0.6066259 0.2941871
0.6346211 0.2986397
0.6624802 0.3045431
0.6901918 0.31202
0.7179033 0.319497
0.7457438 0.3255997
0.773739 0.3300523
0.8017405 0.3344118
0.8281298 0.3454837
0.8304238 0.3701465
0.8179436 0.4078986
0.7980386 0.437974
0.7786139 0.4687466
0.7595204 0.5
0.7398508 0.5226867
0.7199458 0.5527621
0.6994953 0.5819821
0.6788672 0.6109238
0.6595371 0.6417962
0.6407058 0.6734108
0.6218745 0.7050253
0.6028176 0.7363292
0.5837241 0.7675826
0.5648872 0.7991894
0.5487195 0.8337137
0.5319556 0.8677075
