0.5296186 0.5
0.5144113 0.4837709
0.5 0.4657399
0.4878587 0.4464666
0.4739318 0.4275349
0.4596726 0.4091924
0.4459751 0.3899259
0.4332097 0.369126
0.4204442 0.3483261
0.4077063 0.3274879
0.3956268 0.3057338
0.3835473 0.2839797
0.3704176 0.2637835
0.356816 0.2442873
0.3436252 0.2241855
0.3316357 0.2023131
0.3197182 0.1803521
0.3085814 0.1574306
0.2972119 0.1348061
0.2847262 0.1136055
0.2730559 0.09146932
0.276121 0.07509381
0.2945926 0.07240102
0.3131348 0.07110003
0.331677 0.06979895
0.350136 0.06718266
0.3684919 0.06293249
0.3868479 0.05868223
0.4053822 0.05812252
0.4239435 0.05812252
0.4425047 0.05812252
0.461053 0.05723542
0.4795952 0.05593434
0.4981373 0.05463335
0.5151033 0.05447066
0.5336646 0.05447066
0.5522258 0.05447066
0.5707871 0.05447066
0.5893483 0.05447066
0.6079096 0.05447066
0.6264709 0.05447066
0.6450322 0.05447066
0.6635935 0.05447066
0.6821548 0.05447066
0.6997747 0.06233689
0.7169924 0.06981605
0.7157083 0.09641898
0.705064 0.1198915
0.6936736 0.1424706
0.682584 0.1653014
0.6727633 0.1895579
0.6616943 0.2125497
0.6521446 0.2371185
0.6413687 0.2603559
0.6296149 0.2825312
0.6186876 0.3056726
0.6073159 0.3280919
0.595131 0.3488721
0.585797 0.3735736
0.5749976 0.3968636
0.5629544 0.4186628
0.5522774 0.442057
0.5421851 0.4659944
0.5319844 0.489044
