0.4882562 0.4729318
0.4784057 0.4505031
0.466318 0.4298529
0.4557551 0.4077143
0.4463186 0.3846444
0.4356668 0.3626858
0.4237329 0.341874
0.4147148 0.3184811
0.4053675 0.295358
0.3944954 0.2734836
0.3836233 0.2516093
0.3725349 0.2299457
0.3609174 0.2087977
0.3493206 0.1876287
0.3378347 0.166347
0.3265051 0.1449191
0.3161098 0.1226169
0.3057145 0.1003146
0.2941971 0.079072
0.2823717 0.05815178
0.2825214 0.05124319
0.2997396 0.06144086
0.3189695 0.06452957
0.3380737 0.06882557
0.3571728 0.0731715
0.3763329 0.07689103
0.3955994 0.07952142
0.4148658 0.0821518
0.4339996 0.08614165
0.4530987 0.09048757
0.4721978 0.09483349
0.4913297 0.09881029
0.5 0.1008378
0.5193055 0.1028652
0.538469 0.1066175
0.5576224 0.1104915
0.5768903 0.1127478
0.5962328 0.1139482
0.6155724 0.1152355
0.6348984 0.1166574
0.6535159 0.1239197
0.6726815 0.1268332
0.6919144 0.1295793
0.711044 0.1323228
0.7204933 0.1458569
0.7112548 0.1685739
0.7037119 0.1927482
0.6939515 0.2155655
0.6838961 0.2381551
0.6762532 0.2623314
0.666163 0.2846082
0.6556133 0.3067527
0.6433522 0.3272123
0.6302068 0.3465451
0.6194664 0.3685404
0.6058089 0.386359
0.5920744 0.404732
0.5795316 0.4226913
0.5650593 0.4392712
0.5499149 0.4544598
0.5368078 0.4703844
0.5226775 0.4860589
0.5088584 0.5
