0.4667903 0.8885033
0.448874 0.8651198
0.4377011 0.8359762
0.4267404 0.8066748
0.4155141 0.7775107
0.4047524 0.7481064
0.394363 0.7185215
0.3842168 0.6888187
0.3731863 0.6595808
0.3609687 0.6309672
0.3482601 0.602653
0.3352483 0.5745236
0.3222364 0.5463942
0.3065253 0.5202668
0.2903696 0.4971104
0.2794887 0.4677858
0.2683805 0.438563
0.2568275 0.4095734
0.2422191 0.3826374
0.2279141 0.3556266
0.2198798 0.3250503
0.2071482 0.297273
0.2299697 0.289535
0.2568479 0.2932252
0.2831162 0.3020138
0.3103361 0.3042533
0.3375814 0.3065057
0.3647338 0.3100386
0.3918054 0.3142532
0.4187531 0.3195124
0.4457009 0.3247717
0.4727779 0.3290158
0.4998639 0.3331891
0.5 0.3373625
0.5270804 0.3415816
0.5540724 0.3465203
0.5810643 0.3514589
0.6080564 0.3563976
0.634619 0.3637623
0.6610642 0.3717908
0.6875094 0.3798193
0.711647 0.3947366
0.7352261 0.4108519
0.7583779 0.4278264
0.7791954 0.4473397
0.7944068 0.4709831
0.7961576 0.5
0.7936274 0.5316262
0.7833611 0.5609789
0.7700936 0.588944
0.7551425 0.615599
0.7382639 0.6407541
0.7201562 0.6646707
0.7014324 0.6879665
0.6834217 0.7119646
0.66703 0.7375574
0.6502823 0.7628179
0.6326355 0.7872393
0.6147958 0.8114665
0.5968058 0.8355421
0.5782683 0.859018
0.5589505 0.8816389
0.5385907 0.9028531
