0.5965146 0.9212496
0.5799251 0.9037119
0.5639473 0.8854656
0.5484455 0.8666679
0.5325251 0.848345
0.5162625 0.8304102
0.5 0.8124753
0.4955299 0.7948847
0.4787139 0.7776322
0.4618979 0.7603798
0.4450819 0.7431273
0.4282659 0.7258749
0.4113908 0.708699
0.3943543 0.6917328
0.3773177 0.6747665
0.3602811 0.6578003
0.3432446 0.6408341
0.3264657 0.6235463
0.3102501 0.6055558
0.2940345 0.5875652
0.277819 0.5695747
0.2614827 0.5517284
0.245093 0.533946
0.2306512 0.5145372
0.2523038 0.5113824
0.2746708 0.5078664
0.2970379 0.5043505
0.319405 0.5008346
0.3417496 0.5
0.3640675 0.4960951
0.3863853 0.4921902
0.4087031 0.4882852
0.431021 0.4843803
0.4533388 0.4804754
0.4756961 0.4768911
0.4980873 0.4735823
0.5084069 0.4702734
0.5307981 0.4669646
0.5531893 0.4636557
0.5755804 0.4603469
0.5979716 0.457038
0.6203628 0.4537292
0.6428393 0.4513089
0.6653233 0.448968
0.6878283 0.4471545
0.6955336 0.4641163
0.6874291 0.4882489
0.6793244 0.5095227
0.6712199 0.5336554
0.6642383 0.5582203
0.6579723 0.5830606
0.6517063 0.6079009
0.6454404 0.6327413
0.6399912 0.6578284
0.6347404 0.6829755
0.6294897 0.7081226
0.6242388 0.7332697
0.6189708 0.758412
0.6137019 0.7835542
0.6084331 0.8086963
0.6031643 0.8338385
0.5972549 0.85879
0.5911676 0.8836884
0.5855068 0.9086428
