0.3933319 0.8234782
0.3791323 0.7927324
0.366249 0.7603192
0.3522465 0.7294515
0.3369171 0.7003838
0.3234334 0.6686857
0.3099498 0.6369874
0.2956879 0.6063362
0.2836348 0.5732367
0.2721582 0.5394729
0.2584802 0.5081295
0.2477037 0.4823625
0.2361922 0.4484191
0.2255229 0.4138716
0.2186397 0.3763636
0.21228 0.3386948
0.2179132 0.3033893
0.2397166 0.2943799
0.262366 0.2915663
0.2850965 0.2915663
0.307801 0.2926932
0.3304591 0.2958331
0.3531113 0.2990727
0.3756767 0.3038106
0.3982419 0.3085485
0.4208072 0.3132864
0.4433725 0.3180243
0.4659379 0.3227623
0.4885032 0.3275002
0.5 0.3298739
0.5226912 0.332186
0.5453825 0.3344981
0.5679266 0.3394138
0.5904459 0.3447678
0.6129652 0.3501219
0.6354846 0.355476
0.6580056 0.3608087
0.6805366 0.3660125
0.7030678 0.3712163
0.7253999 0.3781755
0.7473942 0.3881143
0.7694871 0.3972046
0.7919892 0.4027729
0.8104043 0.4213613
0.8096455 0.4543244
0.7930967 0.4810591
0.7770238 0.5
0.760251 0.5264749
0.7423776 0.5508009
0.7250323 0.5762351
0.7078551 0.6020223
0.6884058 0.6223302
0.6688772 0.6424726
0.6497569 0.6637644
0.6312082 0.6864809
0.6130239 0.7101053
0.5946847 0.7333666
0.5761744 0.756216
0.5573217 0.7781958
0.5379907 0.7988862
0.5186597 0.8194201
0.5011576 0.8444574
0.4937722 0.8662815
0.4807507 0.8919811
