0.4802994 0.8556989
0.4603088 0.8315203
0.4401034 0.8035452
0.4176639 0.7772762
0.400501 0.7468338
0.383273 0.7164346
0.3651509 0.6866286
0.3470289 0.6568224
0.3292743 0.6267676
0.3115943 0.5966623
0.2974535 0.564603
0.2845085 0.5318834
0.2699594 0.5
0.253605 0.4794511
0.2388684 0.4476739
0.2261672 0.4148464
0.2120234 0.3827582
0.1970575 0.351117
0.1857303 0.3177305
0.1744447 0.2843283
0.163435 0.2510912
0.1959132 0.2466687
0.2286848 0.2401267
0.2611566 0.2319954
0.2938776 0.2253718
0.3270077 0.2212238
0.3601236 0.2169511
0.3932245 0.2125477
0.4263255 0.2081443
0.4596111 0.2060769
0.4929382 0.2045349
0.5231778 0.2034148
0.5565364 0.2034148
0.589895 0.2034148
0.6232535 0.2034148
0.6566121 0.2034148
0.6899518 0.2037571
0.7230819 0.2079051
0.7561315 0.2125933
0.7888006 0.2197386
0.8210419 0.2287621
0.8368343 0.2508256
0.8255351 0.2842287
0.8142359 0.3176317
0.8023541 0.3507766
0.7880414 0.3828444
0.7737286 0.4149122
0.7594159 0.44698
0.7451032 0.4790478
0.730198 0.5003966
0.713925 0.5313875
0.697652 0.5623784
0.681379 0.5933693
0.6651046 0.6243594
0.6450895 0.6527606
0.6250744 0.6811619
0.6050592 0.7095632
0.584913 0.7378558
0.5639238 0.7654493
0.5429347 0.7930427
0.5214158 0.8201078
0.5 0.8441879
0.4769306 0.8695168
