0.4597556 0.560635
0.450643 0.5410941
0.4466074 0.518025
0.4427931 0.4952563
0.4356314 0.4729317
0.4256146 0.4512674
0.4174475 0.4290339
0.4089251 0.4069076
0.3991496 0.3851609
0.3896627 0.3633216
0.3806862 0.3413186
0.3711128 0.31951
0.361096 0.2978456
0.3514296 0.2760655
0.3422125 0.2541372
0.3324488 0.232434
0.3185724 0.2124259
0.3054439 0.1920442
0.2934414 0.1713126
0.2783136 0.1521775
0.2884566 0.1365327
0.3145645 0.1309918
0.3411966 0.1277983
0.3681303 0.126572
0.3949134 0.1240571
0.421586 0.1205958
0.4482585 0.1171345
0.4749311 0.1136733
0.5 0.1110109
0.5268666 0.10896
0.5537332 0.1069092
0.5805365 0.1044574
0.6070566 0.1002087
0.6335766 0.09595999
0.6602359 0.09254205
0.6870587 0.09009939
0.71345 0.08563703
0.7394977 0.0795885
0.7628809 0.07468414
0.7548238 0.09649023
0.7415144 0.1167548
0.7281317 0.1369238
0.7121003 0.1556879
0.696069 0.1744519
0.6803184 0.1933906
0.6648515 0.2125059
0.6492693 0.231546
0.6322993 0.2496817
0.6153292 0.2678173
0.5985229 0.2860653
0.5819644 0.3044835
0.5654058 0.3229016
0.5488472 0.3413197
0.5322887 0.3597379
0.5157301 0.378156
0.5006781 0.3974951
0.4878528 0.417148
0.473314 0.4368009
0.4595373 0.4568569
0.4487121 0.4780148
0.4409145 0.5
0.4296912 0.5211354
0.4199139 0.5427038
