0.4749641 0.5
0.4629802 0.4847583
0.4553565 0.4629713
0.4459472 0.442014
0.4361313 0.4212906
0.4267257 0.4003548
0.4189342 0.3785835
0.4076603 0.3591001
0.3944311 0.3409015
0.3817342 0.3222434
0.3693279 0.3033344
0.3589236 0.2830037
0.3488777 0.2624184
0.3381557 0.2422899
0.3265186 0.2227796
0.3154564 0.2028627
0.3046628 0.1827559
0.2938691 0.162649
0.281235 0.1440305
0.2774611 0.1244067
0.2972311 0.119604
0.3180569 0.1168018
0.3388598 0.113769
0.359728 0.1114781
0.3806607 0.1099183
0.4015933 0.1083586
0.422524 0.1067668
0.4434534 0.1051536
0.4643828 0.1035402
0.4852104 0.1007918
0.5054903 0.09773284
0.5262901 0.09467393
0.5470912 0.09162685
0.5679084 0.08871841
0.5887256 0.08581004
0.6095427 0.08290157
0.6300975 0.07822365
0.6506416 0.07347286
0.6710924 0.0683673
0.6906731 0.05994976
0.7106848 0.05296919
0.723972 0.0566912
0.7165409 0.07848972
0.7057473 0.0985966
0.6981336 0.1204453
0.6897764 0.1418026
0.6763459 0.1598162
0.6634371 0.1782908
0.6508496 0.1970496
0.6389129 0.216323
0.6272758 0.2358333
0.6150753 0.254898
0.6024877 0.2736568
0.5898646 0.2923852
0.5770734 0.310971
0.5647303 0.3299245
0.5533631 0.3496042
0.5421814 0.369429
0.533276 0.3887366
0.5230119 0.4071688
0.5128721 0.4256967
0.5 0.4419591
0.4887888 0.4597462
0.4769928 0.4773253
