0.2802335 0.5584347
0.3108846 0.5612414
0.3415294 0.5654157
0.3720726 0.5713301
0.4026957 0.5758424
0.4333022 0.5804389
0.4638433 0.586301
0.4945197 0.5900694
0.5242617 0.5911506
0.555041 0.5911506
0.5858204 0.5911506
0.6164997 0.5889593
0.647059 0.58414
0.6777115 0.581363
0.6968988 0.5703377
0.6722965 0.5422133
0.6441574 0.5229295
0.6171356 0.5
0.5890672 0.4896759
0.561691 0.4677981
0.5346345 0.4449883
0.507696 0.4218523
0.4821608 0.3979121
0.4548149 0.3771036
0.4381954 0.3722664
0.4452613 0.4185016
0.45241 0.4650806
0.4606732 0.5018111
0.4713633 0.5467188
0.4840303 0.5903496
0.4975609 0.6333489
0.5107599 0.6758164
0.5284733 0.7149803
0.5460359 0.7543066
0.5635154 0.7937159
0.5824884 0.8313507
0.6051453 0.8635734
0.6224648 0.8826693
0.6177745 0.8353608
0.6117694 0.7884693
0.6091688 0.7407707
0.608143 0.6929181
0.608143 0.6450291
0.608143 0.5971402
0.608143 0.5492513
0.608143 0.5013624
0.608143 0.4628013
0.608143 0.4149124
0.5912541 0.3878248
0.560583 0.3897488
0.5302829 0.3981661
0.5 0.4067328
0.4709375 0.4168386
0.4409235 0.4274518
0.4107906 0.4371809
0.3805604 0.4461875
0.3504967 0.4562442
0.3210401 0.4701323
0.291529 0.4837349
0.2619702 0.4970868
0.2329846 0.5038574
0.2047802 0.522906
0.1781861 0.5468319
