0.3557765 0.1348112
0.3772353 0.1626948
0.4020604 0.1890439
0.4322429 0.2113044
0.464656 0.2310316
0.5 0.2460293
0.5361134 0.261027
0.5731114 0.2743723
0.6110801 0.2857284
0.6499603 0.294546
0.6896746 0.3005924
0.7295768 0.3053534
0.7126949 0.3187677
0.6782506 0.3359109
0.6405421 0.3478732
0.6019515 0.3577357
0.5628873 0.3661864
0.523531 0.3735512
0.4843839 0.3785964
0.4444852 0.3837213
0.4050418 0.3908878
0.3653757 0.3970606
0.3255825 0.4026615
0.2861679 0.4099365
0.295853 0.390335
0.3180975 0.362357
0.3415089 0.3350392
0.3659398 0.3083391
0.3904385 0.2816819
0.4149649 0.2550423
0.4413518 0.2296974
0.4686349 0.2049763
0.495918 0.1802551
0.5226058 0.1556678
0.550189 0.1311774
0.5764441 0.1057323
0.601571 0.07948202
0.6217396 0.05582157
0.6125045 0.08817729
0.5953661 0.118542
0.5787808 0.1491032
0.5638428 0.180258
0.5510747 0.212073
0.5406018 0.2444062
0.5322236 0.2772122
0.5243933 0.3101112
0.516611 0.3430184
0.5088995 0.3759367
0.5014586 0.4088984
0.4977289 0.4421785
0.4958591 0.475657
0.495409 0.5
0.4899574 0.4667755
0.4838623 0.43363
0.4798447 0.4002605
0.4763458 0.366852
0.4730828 0.3334257
0.4728318 0.2998981
0.4723544 0.266368
0.4711674 0.2328465
0.4709129 0.1993136
0.4709129 0.1657777
0.4682565 0.1323613
