0.3703765 0.1771276
0.3948484 0.2099922
0.4275145 0.2339565
0.4623141 0.2532059
0.4981875 0.2691481
0.528601 0.2805108
0.566376 0.2889018
0.6042867 0.2964629
0.64235 0.3028937
0.6804132 0.3093246
0.7184765 0.3157555
0.7567589 0.318539
0.7646863 0.3352375
0.7308859 0.3567347
0.6946951 0.3720616
0.6578979 0.3852445
0.6205962 0.3962733
0.583092 0.4062272
0.5453608 0.4149769
0.5076381 0.4237723
0.4770942 0.4345199
0.4395783 0.4443227
0.4015378 0.4509388
0.3638059 0.4595346
0.3262718 0.4693992
0.2885 0.4778824
0.2505165 0.4848502
0.2444236 0.4734162
0.2715567 0.4418375
0.2999839 0.4112973
0.3288521 0.3813024
0.3568417 0.3501259
0.3850946 0.3192824
0.4136388 0.2888196
0.4424124 0.2586569
0.4711862 0.2284942
0.4997705 0.1980813
0.5214877 0.1676013
0.5499071 0.1369727
0.5783431 0.1063654
0.6068676 0.07587394
0.6250241 0.07580528
0.6154901 0.1198577
0.6038228 0.163095
0.5899395 0.2054849
0.5781354 0.248762
0.5665411 0.292118
0.5551494 0.3355474
0.5453643 0.3795233
0.5360152 0.4236185
0.5284745 0.4682086
0.5204991 0.510296
0.5147722 0.5551431
0.5121167 0.6004878
0.5 0.5854799
0.4934633 0.5428978
0.4807166 0.5
0.4637014 0.4616286
0.4494216 0.4194079
0.4339277 0.3778154
0.4190946 0.3359329
0.4066344 0.2929151
0.3951744 0.2495804
0.3866815 0.2092668
