0.3097664 0.1701335
0.3327876 0.1955947
0.3627543 0.2181754
0.3943233 0.2393199
0.4277898 0.2583224
0.4619804 0.2764572
0.4974687 0.2928004
0.5257908 0.30728
0.5637283 0.3192602
0.6012748 0.3320416
0.6385895 0.345298
0.6777533 0.3537985
0.7165229 0.3632329
0.7274958 0.3668821
0.6884481 0.3614418
0.6478509 0.3614418
0.6072538 0.3614418
0.567072 0.3658302
0.5268906 0.370568
0.4947288 0.3740909
0.4549246 0.3805085
0.415574 0.3886659
0.3769082 0.3989224
0.338107 0.4087846
0.3008352 0.4200402
0.2904602 0.4186519
0.3147129 0.3917577
0.3398855 0.3653601
0.3650915 0.3389933
0.3916798 0.3135624
0.4190427 0.2887104
0.4468088 0.2641595
0.4734649 0.2387807
0.5 0.2133118
0.5173979 0.187214
0.5423222 0.1606502
0.5680438 0.1346186
0.5940335 0.1087661
0.6176602 0.08141592
0.6422774 0.05475214
0.6406086 0.08711851
0.6338428 0.1202191
0.6217337 0.1523399
0.6126409 0.1851216
0.6040168 0.2180062
0.5933743 0.250481
0.583052 0.2830198
0.5746886 0.3159505
0.5663251 0.3488812
0.5580122 0.3818202
0.5507499 0.41493
0.5441311 0.4481195
0.5393877 0.4815416
0.5337157 0.5
0.5153836 0.4711125
0.4997178 0.4438964
0.475388 0.4169568
0.451593 0.389693
0.4279964 0.3623087
0.4043998 0.3349245
0.3784474 0.309048
0.3540071 0.282195
0.3328122 0.2535597
0.3162673 0.2240232
