0.6959287 0.3295798
0.6646701 0.3322704
0.6333324 0.3322704
0.6019948 0.3322704
0.570657 0.3322704
0.5393193 0.3322704
0.5079817 0.3322704
0.4797 0.3322704
0.4483624 0.3322704
0.4171959 0.3287233
0.3860729 0.3242759
0.3550297 0.319145
0.3241184 0.3128873
0.2942389 0.3019556
0.2645415 0.2898982
0.2918879 0.2892192
0.3232256 0.2892192
0.3545547 0.2886146
0.3858737 0.2873028
0.4170366 0.284045
0.4479744 0.2779839
0.4788104 0.2713202
0.5061564 0.2620884
0.536516 0.2526556
0.5666546 0.2424758
0.593775 0.2234043
0.6203719 0.2033104
0.6462192 0.1818063
0.6444643 0.1960856
0.6263345 0.2270463
0.6069735 0.2569767
0.5876124 0.286907
0.5682513 0.3168375
0.5474109 0.3452463
0.526297 0.3733739
0.5051831 0.4015015
0.4897159 0.4320277
0.473009 0.4642245
0.4641707 0.5
0.451928 0.4744483
0.4467761 0.4369023
0.4420525 0.3992734
0.437358 0.361639
0.4353727 0.3237566
0.4353727 0.2856927
0.4353727 0.2476287
0.4353727 0.2095648
0.4358068 0.1715196
0.4380394 0.1335524
0.4414994 0.09583485
0.4486641 0.05891126
0.4548826 0.07214725
0.4670641 0.1071234
0.4822463 0.1403882
0.5 0.1717544
0.5156538 0.2022798
0.5346458 0.2325571
0.5541674 0.2623322
0.5741543 0.2915713
0.5980316 0.3162234
0.6226274 0.3396595
0.6494952 0.3592508
0.6753364 0.3807637
0.7025742 0.3995379
