0.364522 0.1581467
0.3852652 0.1825044
0.4129085 0.1965092
0.441236 0.2068124
0.469876 0.215459
0.4989059 0.2202584
0.5217367 0.2242905
0.5508444 0.2283225
0.5799521 0.2323546
0.6091317 0.2349452
0.6383282 0.2371851
0.6675511 0.2384884
0.6967661 0.2400964
0.7259853 0.2412073
0.7358574 0.2573152
0.7084578 0.2714072
0.680581 0.284084
0.6519125 0.2925228
0.6230209 0.2988834
0.5939803 0.3038534
0.5650403 0.3098901
0.5361792 0.3167615
0.5073181 0.3236329
0.4846926 0.3300891
0.4557018 0.3356546
0.426705 0.341148
0.397669 0.3461757
0.3686329 0.3512033
0.3398877 0.3588741
0.3111351 0.3665037
0.3012587 0.3583503
0.3246459 0.3326218
0.3483272 0.3074728
0.3718455 0.2819671
0.3961715 0.2580984
0.4197473 0.2326602
0.4432413 0.2070499
0.4669293 0.1818293
0.4906173 0.1566086
0.508418 0.1322426
0.5332583 0.1095502
0.5569171 0.08433837
0.5817041 0.06166539
0.5925653 0.05912441
0.5780756 0.09617382
0.5656559 0.1351161
0.5527768 0.1737403
0.5407265 0.2129452
0.5287065 0.2521687
0.5181099 0.2922728
0.5080318 0.3326337
0.5 0.3740079
0.4983706 0.4154341
0.4910395 0.4570215
0.4897799 0.5
0.4846882 0.4890446
0.4764547 0.4477602
0.4663986 0.4073922
0.4554706 0.3674874
0.4414427 0.3298912
0.427919 0.2917415
0.4142098 0.2537358
0.4013478 0.2162323
0.3879218 0.1824571
