0.3188829 0.1165906
0.3298484 0.1648187
0.3481355 0.2111022
0.364915 0.2579412
0.3816945 0.3047801
0.3969967 0.3520655
0.4095812 0.4001725
0.4221658 0.4482795
0.435237 0.49625
0.4500794 0.5383595
0.4649218 0.5858332
0.4806688 0.6329832
0.5 0.6788507
0.5138182 0.7094653
0.5185955 0.6602014
0.5275865 0.6113131
0.5385554 0.5630044
0.5579631 0.5171686
0.5773708 0.476697
0.5941458 0.4298841
0.6100397 0.3827443
0.6250673 0.3353332
0.6395097 0.2877391
0.6558647 0.2407556
0.6680816 0.1927367
0.6540288 0.2043929
0.6208894 0.2413089
0.5846317 0.2757207
0.544183 0.3050995
0.5030598 0.3336684
0.4621232 0.3583846
0.4164615 0.3791502
0.3707998 0.3999158
0.3232865 0.4155243
0.2746004 0.427866
0.2251202 0.4339845
0.2420678 0.4509567
0.2889497 0.4687111
0.3380951 0.4791226
0.3872405 0.4895341
0.436374 0.5
0.4855053 0.5051122
0.5321873 0.5156851
0.5811123 0.5270659
0.6300372 0.5384469
0.6788042 0.5504432
0.7272942 0.5635174
0.7757843 0.5765916
0.8209318 0.5983364
0.7914672 0.5751351
0.7520918 0.5442672
0.7116454 0.514769
0.6711991 0.4906349
0.6307529 0.4611366
0.5906295 0.4312238
0.5514449 0.4001054
0.5122604 0.3689871
0.4755031 0.3378688
0.4362554 0.3068292
0.3966746 0.276205
0.3570938 0.2455808
0.3180964 0.2143355
0.2842872 0.1775681
0.2873048 0.158216
