0.3519847 0.320605
0.3580179 0.3753887
0.3720766 0.4281938
0.3874525 0.4806421
0.4037042 0.5313534
0.4211587 0.5829538
0.4386132 0.6345542
0.4544642 0.6868179
0.4702513 0.7391081
0.4848326 0.7918462
0.5 0.8442886
0.5084975 0.8319335
0.5176153 0.7776288
0.5267332 0.7233242
0.535851 0.6690195
0.5511915 0.6166475
0.5676193 0.5646131
0.5840473 0.5125788
0.601706 0.4625436
0.6245308 0.4137282
0.6473556 0.3649128
0.6717551 0.3171275
0.6973969 0.2701548
0.7150738 0.2421739
0.6786906 0.2773772
0.6374357 0.3065844
0.5922554 0.3270162
0.5470752 0.347448
0.5013294 0.365776
0.4560764 0.377554
0.40857 0.3893319
0.3610636 0.4011099
0.3134786 0.4124413
0.2656403 0.4223311
0.217802 0.4322208
0.1698242 0.4411609
0.1374185 0.4518237
0.1850191 0.4630994
0.2328188 0.4731893
0.2807259 0.4826385
0.3286331 0.4920877
0.3765639 0.5
0.4245039 0.5092314
0.4724439 0.5184628
0.518118 0.527764
0.5654355 0.5404873
0.6127529 0.5532107
0.6600704 0.5659339
0.7073879 0.5786573
0.7546257 0.5917532
0.8017966 0.605162
0.7883706 0.5810493
0.7544391 0.5416503
0.7192854 0.503456
0.6810688 0.4706595
0.6428235 0.4365209
0.6045783 0.4023824
0.566333 0.3682438
0.5275558 0.3348902
0.491025 0.3015472
0.4522407 0.2682041
0.4140354 0.2340084
0.3758994 0.1997196
0.3806069 0.1790367
