0.3318481 0.2119533
0.3534482 0.28386
0.3742609 0.3565701
0.3966166 0.4277772
0.4188815 0.4990779
0.4409513 0.5695782
0.4630212 0.64108
0.4826159 0.7147802
0.5 0.7904436
0.5123131 0.8388551
0.5260132 0.7608439
0.5415616 0.6838684
0.5631312 0.6125101
0.5883859 0.5445896
0.6136407 0.4776706
0.6409563 0.412771
0.6720317 0.3533824
0.7031071 0.2939938
0.7338843 0.2340933
0.7646481 0.1741696
0.7600369 0.1920498
0.7233924 0.2391104
0.6837978 0.2782577
0.6442031 0.317405
0.6020701 0.3462003
0.5596196 0.3737012
0.5171691 0.4012022
0.4804371 0.4271949
0.4373958 0.4514633
0.3943545 0.4757316
0.3513131 0.5
0.3082718 0.5232669
0.265012 0.5459952
0.2208962 0.5626903
0.1767804 0.5793854
0.1323355 0.5916263
0.1676665 0.5918993
0.2127017 0.5938914
0.2577175 0.5974929
0.302736 0.6009049
0.3477938 0.601561
0.3928517 0.6022171
0.4379095 0.6028731
0.4829655 0.6038374
0.5220264 0.6049685
0.5670813 0.6060997
0.6121363 0.6072307
0.6571943 0.6075853
0.7022535 0.6075853
0.7473128 0.6075853
0.7920284 0.6029143
0.7617881 0.5695812
0.720395 0.5373962
0.6783637 0.5078388
0.6363292 0.4792987
0.5942358 0.4500361
0.5521424 0.4207735
0.5100489 0.391511
0.4739496 0.3622485
0.4329951 0.3281255
0.3922551 0.293087
0.3516259 0.2576527
0.3120971 0.2182856
