0.3569224 0.1220804
0.3668507 0.1888746
0.3825254 0.2533779
0.3994581 0.3169669
0.4165888 0.3804122
0.4337194 0.4438574
0.4505923 0.5
0.4671574 0.5638695
0.4837224 0.627739
0.5 0.6918167
0.5127759 0.7153274
0.5259018 0.6492594
0.5391738 0.5832461
0.557861 0.5217036
0.5807406 0.4711185
0.6036203 0.4130373
0.6264999 0.3549562
0.6514016 0.299418
0.6779956 0.2460081
0.7045897 0.1925982
0.7313994 0.1394979
0.71294 0.1477473
0.6740944 0.1718402
0.6352466 0.1959226
0.5960061 0.2181276
0.5567656 0.2403326
0.517525 0.2625376
0.4785388 0.2847427
0.439279 0.3068513
0.4000054 0.3288898
0.3607318 0.3509284
0.3214582 0.3729669
0.2821845 0.3950054
0.2429105 0.4170423
0.2035573 0.4386749
0.1726214 0.4517875
0.2139421 0.4513577
0.2550316 0.4569616
0.2957244 0.4697714
0.3364171 0.4825812
0.3771098 0.495391
0.4178007 0.500721
0.4584209 0.514167
0.4990412 0.527613
0.5394072 0.5410591
0.5800274 0.5545051
0.6206477 0.5679511
0.6612679 0.5813971
0.7016444 0.5967136
0.7418771 0.613133
0.7731103 0.6227286
0.7395742 0.5820011
0.705129 0.5433429
0.6708074 0.5043762
0.6366307 0.4725444
0.602454 0.4332165
0.5682495 0.3939583
0.5337517 0.3554329
0.4995083 0.3169075
0.4650106 0.2783822
0.4305128 0.2398568
0.3967146 0.1996249
0.3630772 0.1590009
0.354003 0.136824
