0.1520207 0.5569486
0.2017606 0.5569486
0.2515006 0.5569486
0.3012406 0.5569486
0.3509746 0.556205
0.4007024 0.5546951
0.4503593 0.5509228
0.5 0.5466301
0.5483832 0.5423374
0.5978047 0.5347754
0.6471905 0.5266783
0.6968052 0.5218819
0.7463623 0.5161946
0.7958142 0.5088901
0.8284473 0.5
0.7848736 0.467815
0.7397952 0.439093
0.6943315 0.4115376
0.6486132 0.3847668
0.6040901 0.3545333
0.5596115 0.3241253
0.5144104 0.2959244
0.4687636 0.2733059
0.4216171 0.2516516
0.3732343 0.2362126
0.3241295 0.22545
0.2748118 0.2185752
0.2302015 0.2103904
0.26627 0.2554538
0.2988252 0.3068344
0.3315105 0.3580599
0.3644669 0.4089619
0.3974233 0.4598639
0.4303797 0.5060642
0.4632606 0.5570572
0.4960791 0.6081253
0.5275631 0.6592854
0.5602313 0.710533
0.5927458 0.7619628
0.624372 0.8139417
0.6537324 0.8094738
0.6500107 0.7420245
0.6390444 0.6762161
0.6342162 0.6085832
0.6306065 0.5408516
0.6296048 0.4776167
0.6301711 0.4096713
0.6335316 0.3419267
0.6398969 0.2745252
0.6462622 0.2071237
0.6576087 0.1409591
0.6399319 0.1621529
0.6056614 0.2110919
0.5676915 0.2548763
0.5268257 0.2936192
0.4872175 0.332362
0.4441942 0.3664545
0.4011101 0.4004158
0.3562644 0.429637
0.3107754 0.4571274
0.264519 0.4820121
0.2177736 0.5005352
0.1704856 0.5215898
