0.3459479 0.09188738
0.3588747 0.1400414
0.3695154 0.1897287
0.3822743 0.2385479
0.3950332 0.287367
0.4110095 0.3344378
0.4272589 0.3813602
0.4435142 0.428279
0.4598208 0.4751658
0.4761273 0.5203234
0.4928799 0.5668914
0.5034373 0.6111248
0.5257863 0.6210088
0.5410343 0.573491
0.556589 0.5261483
0.5754027 0.4828764
0.596257 0.4393415
0.6172271 0.3959076
0.6384924 0.3527307
0.6596437 0.3094551
0.6803276 0.2657747
0.7005739 0.2217362
0.7023004 0.2085678
0.6699311 0.2351712
0.6348115 0.2566943
0.5989805 0.27544
0.5613896 0.287313
0.5237986 0.2991861
0.4956682 0.3110592
0.4578349 0.3207324
0.4192852 0.3239024
0.3807355 0.3270724
0.3421857 0.3302423
0.3036358 0.3332822
0.2650782 0.3302888
0.2265207 0.3272954
0.2111331 0.3156995
0.2493649 0.3182085
0.2868599 0.3306141
0.3243548 0.3430198
0.361803 0.3556516
0.3987174 0.3708625
0.4356318 0.3860735
0.4725462 0.4012845
0.5 0.4164955
0.5370353 0.4311604
0.5741717 0.4453698
0.611308 0.4595791
0.6484442 0.4737885
0.6853446 0.4890484
0.7221742 0.5028946
0.732523 0.5
0.703743 0.4655472
0.673851 0.4327943
0.642748 0.4021646
0.6112876 0.3721617
0.5798271 0.3421588
0.5496805 0.3098655
0.5199261 0.2768887
0.4996323 0.2439118
0.4719466 0.2078529
0.4443014 0.1717335
0.4164288 0.1359295
0.3960313 0.1110505
