0.266713 0.300765
0.3062429 0.2986123
0.3458821 0.2988094
0.3855031 0.2999495
0.4250315 0.3020525
0.4643267 0.3065752
0.5 0.311098
0.5394343 0.3141869
0.5790538 0.3153663
0.6186171 0.3174178
0.6581433 0.3200425
0.697782 0.3201392
0.705332 0.3056201
0.6762112 0.2831782
0.6407534 0.2678742
0.6060765 0.2512974
0.5714971 0.2345624
0.5370067 0.217691
0.5025164 0.2008196
0.4728815 0.182203
0.4397216 0.163449
0.4103877 0.1406334
0.3817042 0.1170254
0.3531067 0.09333962
0.3430114 0.1033109
0.3510255 0.1368157
0.3634064 0.1692496
0.3780994 0.2010196
0.3945038 0.2321733
0.4109083 0.2633269
0.4297538 0.2934312
0.4486672 0.3235065
0.4691337 0.3527663
0.4913674 0.3810985
0.5097253 0.4095685
0.5297003 0.4391279
0.5488565 0.4690696
0.5653903 0.5
0.5673313 0.4979669
0.5673313 0.4637459
0.5673313 0.429525
0.5673313 0.395304
0.5702279 0.3612455
0.5753552 0.3273119
0.5804826 0.2933784
0.5863764 0.2595413
0.5926889 0.225757
0.6005372 0.1922267
0.6091369 0.1588206
0.6177368 0.1254146
0.625338 0.09183201
0.6271819 0.05775896
0.6002878 0.05859625
0.5669845 0.077151
0.5373549 0.09988618
0.507365 0.1222614
0.4806321 0.1442721
0.450318 0.1663244
0.420055 0.1884292
0.3886988 0.2092218
0.3547961 0.2269586
0.3208935 0.2446954
0.2880691 0.263873
