0.2170074 0.703013
0.2596289 0.703013
0.3020862 0.7057288
0.3445305 0.7086615
0.3871466 0.7090185
0.4297473 0.7103896
0.4723665 0.7105443
0.5 0.7105443
0.5426215 0.7105443
0.585175 0.7085822
0.6276528 0.7050168
0.6695944 0.6977996
0.7111496 0.6882199
0.6875204 0.6638339
0.6469907 0.6502724
0.6059611 0.6383876
0.5648952 0.6266367
0.523816 0.6149345
0.4980052 0.6022574
0.457362 0.5890387
0.4180892 0.5720174
0.3789405 0.5546622
0.3403209 0.536199
0.3100559 0.5070083
0.2876313 0.4829493
0.3230915 0.5
0.358337 0.5246317
0.3938443 0.5489122
0.4271857 0.5761886
0.4597699 0.6044762
0.4910027 0.6343459
0.5041729 0.6669892
0.5280949 0.7032791
0.5492411 0.7413922
0.5636881 0.7825404
0.5716488 0.8255214
0.5743939 0.8692888
0.5786123 0.9122077
0.5934504 0.8773471
0.6051595 0.8351393
0.6140918 0.7922475
0.6227708 0.7492766
0.632268 0.7064834
0.6389207 0.6631392
0.6451669 0.6197163
0.6522211 0.5764321
0.6593655 0.533165
0.666917 0.4958743
0.6729769 0.4525795
0.6773309 0.4089525
0.6562378 0.413864
0.6180329 0.4332395
0.581336 0.4555372
0.5462356 0.4803675
0.511923 0.500532
0.4928016 0.526852
0.4588284 0.5533594
0.4257104 0.5809833
0.3933425 0.6095055
0.362512 0.6398152
0.3290964 0.6669372
0.2983162 0.6970848
0.2733574 0.7319182
0.2352891 0.7406695
