0.3284067 0.08967808
0.349256 0.1461174
0.3685636 0.2036894
0.3881047 0.2610927
0.4086196 0.3177928
0.4291345 0.3744929
0.4496493 0.431193
0.4682878 0.4892168
0.4868473 0.5462524
0.50408 0.6043319
0.5242093 0.6612903
0.5367206 0.6474754
0.547866 0.5855917
0.5633391 0.5257524
0.5798328 0.467439
0.5963265 0.4080818
0.6150907 0.3501492
0.634071 0.2923521
0.6530513 0.2345551
0.6733828 0.1778313
0.6972259 0.1238963
0.6856444 0.1322027
0.6527122 0.175094
0.6147617 0.2081632
0.5765078 0.2406385
0.5382539 0.2731138
0.5 0.3055891
0.4630729 0.3380644
0.4233818 0.3664156
0.3824264 0.3911389
0.3414711 0.4158622
0.3005157 0.4405855
0.2585537 0.4610621
0.2156425 0.4775344
0.2143908 0.4831445
0.2587863 0.4847722
0.3031808 0.4864994
0.3473612 0.4924679
0.3914626 0.5
0.4355641 0.5064882
0.4796595 0.514092
0.5224004 0.5220215
0.5664683 0.529951
0.6105361 0.5378804
0.6546039 0.5458099
0.6983563 0.5567013
0.7420508 0.5681374
0.78572 0.5797634
0.7847089 0.5638041
0.74716 0.5296661
0.7088071 0.4984926
0.6702983 0.4666477
0.6317895 0.4348028
0.5929938 0.4036955
0.5540058 0.3730826
0.5150178 0.3424698
0.4773566 0.3118569
0.4383686 0.281244
0.3993806 0.2506312
0.3606536 0.2193453
0.3220943 0.1876274
0.2835349 0.1559094
0.246289 0.1215762
