0.6846121 0.3329704
0.6623779 0.3031825
0.6401437 0.2733946
0.6152086 0.246825
0.5899542 0.220636
0.5618981 0.1988461
0.5337244 0.1772407
0.5043961 0.1581203
0.4745059 0.1414542
0.4440616 0.1247255
0.4136248 0.1079778
0.3838763 0.08962864
0.3679116 0.1009954
0.3728046 0.1401416
0.3790838 0.1791867
0.3880652 0.2175062
0.3970467 0.2558256
0.4045381 0.2945863
0.4122362 0.3332824
0.4216322 0.3714619
0.4325302 0.4090548
0.4447748 0.4460722
0.4576838 0.482781
0.4721408 0.5
0.4857697 0.4636574
0.5 0.4279746
0.5146274 0.3921929
0.52797 0.3557014
0.542442 0.3199182
0.560397 0.2863194
0.5781171 0.2525612
0.5934849 0.2172064
0.6088527 0.1818515
0.626146 0.147788
0.6426263 0.1132151
0.6580268 0.07795459
0.6557088 0.05468309
0.626159 0.07248527
0.5973956 0.09296998
0.5688162 0.1138135
0.5401961 0.1345776
0.5114209 0.1550393
0.4832243 0.175501
0.4546474 0.1963416
0.4263962 0.2178043
0.398145 0.2392671
0.3694761 0.2599207
0.34049 0.2799599
0.3115038 0.299999
0.2826223 0.3202433
0.2927113 0.3253422
0.3258664 0.3194856
0.3592919 0.3159917
0.3928202 0.3143361
0.4262663 0.3113046
0.459657 0.3073473
0.4930709 0.303794
0.5260283 0.3023745
0.5595741 0.3016074
0.5931314 0.3016074
0.6266887 0.3016074
0.660246 0.3016074
0.6938034 0.3016074
0.7273606 0.3016074
