0.3570019 0.2415384
0.3789703 0.2821774
0.3975705 0.3257592
0.4160447 0.3694308
0.4341475 0.4133498
0.4521569 0.457331
0.4692618 0.5
0.4846309 0.5455568
0.5 0.5911136
0.5146112 0.6362674
0.5272012 0.6485452
0.5315247 0.599315
0.5358481 0.5500849
0.544431 0.5019742
0.5559611 0.4564898
0.5674913 0.4091536
0.5790214 0.3618173
0.5924369 0.3155454
0.6125796 0.2730711
0.6327223 0.2305968
0.6528651 0.1881225
0.6753678 0.1478583
0.7015896 0.1110765
0.7108683 0.1184558
0.685194 0.1550149
0.6547796 0.185108
0.6184293 0.2035041
0.5820791 0.2219003
0.5455566 0.2396689
0.5080168 0.25373
0.4719605 0.2677912
0.4344207 0.2818523
0.3968809 0.2959135
0.3589228 0.3080412
0.3209558 0.3201276
0.2829888 0.3322141
0.2450217 0.3443005
0.2069139 0.3556481
0.1857732 0.3707854
0.2227279 0.3866245
0.2607761 0.3979235
0.2992769 0.406909
0.3377778 0.4158946
0.3766819 0.4212158
0.4156584 0.4258806
0.4546348 0.4305453
0.4936112 0.43521
0.5309298 0.4417841
0.5697212 0.4484766
0.6085126 0.4551692
0.6470867 0.4634421
0.6853849 0.4737204
0.7236102 0.4844207
0.7220273 0.4622453
0.6890351 0.4358574
0.655203 0.4109953
0.6201137 0.3890267
0.5850245 0.367058
0.5496564 0.3458437
0.513837 0.3258502
0.4795012 0.3058566
0.4443625 0.2841201
0.4100481 0.2602726
0.3796355 0.2337286
