0.3793412 0.1327136
0.399027 0.1583378
0.4252664 0.1797846
0.4550062 0.1957945
0.4862614 0.2088192
0.5102427 0.2181994
0.5429026 0.2270135
0.5758295 0.2341691
0.6095649 0.2363029
0.6433593 0.2365229
0.6771605 0.2365229
0.7033883 0.2371554
0.6735106 0.2523395
0.6409317 0.2614523
0.6084825 0.2710305
0.5760036 0.2804973
0.5432116 0.288794
0.5105214 0.2974748
0.4865104 0.3068725
0.453539 0.314074
0.4201118 0.3191484
0.3877774 0.3288356
0.3551763 0.3377954
0.3622565 0.3258916
0.3845083 0.3004999
0.4074567 0.275385
0.4308572 0.2507098
0.4556823 0.2275994
0.4826864 0.2070279
0.5 0.1849315
0.5273338 0.1649231
0.5557123 0.1463397
0.5801173 0.122782
0.6064514 0.101597
0.63423 0.08222699
0.656759 0.05675265
0.6671804 0.07416826
0.6556078 0.1060336
0.6397709 0.1362107
0.6231096 0.1659734
0.606174 0.1955778
0.5886497 0.2248164
0.5702286 0.2534978
0.5529218 0.2828352
0.5373929 0.3132191
0.5218638 0.3436031
0.5053161 0.3734179
0.496668 0.4029028
0.4822901 0.4338567
0.4732617 0.4664724
0.46767 0.5
0.4580601 0.4710725
0.4457742 0.4392064
0.4355128 0.4066523
0.4223847 0.3754477
0.4049942 0.3461148
0.3853488 0.318278
0.3657022 0.290442
0.3480454 0.2612935
0.3308135 0.2318648
0.3127605 0.2030276
0.2909269 0.1769139
0.2686306 0.1512061
