0.2115859 0.4641534
0.2577083 0.4660704
0.3040234 0.4659448
0.3501989 0.4615727
0.3962558 0.4557425
0.4423299 0.4504333
0.488635 0.4490621
0.5210673 0.4476909
0.5673639 0.4459963
0.6136488 0.4438613
0.6599031 0.4409782
0.7061391 0.4376511
0.7524347 0.4359658
0.7986178 0.4321237
0.7984549 0.4044042
0.7664597 0.3644931
0.7305802 0.3293747
0.6919542 0.2989713
0.6505507 0.2741985
0.6072861 0.254619
0.5626357 0.2401536
0.5171345 0.2297592
0.4851794 0.2217463
0.4391001 0.2164114
0.3928946 0.2125219
0.3466989 0.208468
0.3004162 0.2072717
0.2671023 0.2139674
0.2937276 0.2583866
0.3171522 0.3063108
0.3385455 0.3555701
0.3598865 0.4048648
0.3830941 0.4529405
0.4069896 0.5
0.4327584 0.5459943
0.4637848 0.5871643
0.5 0.6217831
0.5245124 0.652582
0.5655613 0.6782393
0.6082878 0.699349
0.6078359 0.6524017
0.5985607 0.5980203
0.5923195 0.5431936
0.5888184 0.4883268
0.5861317 0.4329132
0.5861317 0.3773617
0.5867596 0.3218384
0.5902237 0.2664425
0.5958707 0.2113214
0.6042718 0.1567549
0.6139109 0.1024331
0.6074969 0.09896711
0.5741543 0.1375273
0.5430551 0.1786618
0.5112314 0.2188885
0.4900486 0.255198
0.4549932 0.2915076
0.4192847 0.3268248
0.381695 0.3592837
0.3436258 0.3908012
0.3023902 0.4161035
0.2607495 0.4404036
0.218972 0.4640872
