0.3812168 0.2167339
0.3925327 0.2694095
0.4020044 0.3225271
0.4110487 0.3757475
0.4207445 0.4288249
0.4304403 0.4819023
0.4418613 0.5278462
0.4539776 0.5802991
0.4660938 0.6327521
0.4747631 0.6859962
0.4821361 0.7395377
0.4965397 0.7811712
0.5002802 0.7273159
0.5055199 0.6734616
0.5184345 0.6213884
0.5328262 0.5696581
0.5472178 0.5179277
0.5644552 0.4744081
0.5915039 0.4294485
0.6185526 0.3844888
0.6456013 0.3395292
0.6770215 0.2983882
0.6846225 0.2825834
0.6394917 0.3023913
0.5934082 0.3190222
0.5467041 0.3335835
0.5 0.3481447
0.4547764 0.3627059
0.4077807 0.3759582
0.3604164 0.387556
0.313052 0.3991539
0.2656877 0.4107518
0.2183792 0.4226304
0.1710205 0.4339913
0.1919407 0.4377068
0.239942 0.4453678
0.2878322 0.4537175
0.3352042 0.4652756
0.3825763 0.4768337
0.4299485 0.4883918
0.4773099 0.5
0.522753 0.5069633
0.5696766 0.5206152
0.6166003 0.5342669
0.6635239 0.5479188
0.709918 0.5634757
0.7555103 0.5819179
0.8011025 0.60036
0.831611 0.6124622
0.7973574 0.5741947
0.7624747 0.5365675
0.7255472 0.5014627
0.6885846 0.4730898
0.6516219 0.4380283
0.6132118 0.4050017
0.574295 0.3726872
0.5353783 0.3403726
0.497942 0.3080581
0.4594662 0.2751035
0.4215494 0.2413378
0.3836326 0.207572
0.3457158 0.1738063
0.3102858 0.1372574
0.308857 0.1257887
