0.2565318 0.3451952
0.289154 0.3470023
0.3217762 0.3488094
0.3544271 0.3492162
0.3870862 0.3492162
0.4197453 0.3492327
0.4523987 0.3499494
0.485052 0.3506662
0.511148 0.351389
0.5438008 0.3521338
0.5764537 0.3528785
0.6090514 0.3548733
0.6415977 0.3580284
0.6741441 0.3611834
0.6866932 0.3586032
0.6540917 0.357258
0.6215661 0.3542969
0.5890864 0.3503197
0.5566297 0.3460993
0.5241817 0.3417855
0.5 0.3294027
0.4698508 0.3149894
0.4424952 0.2942359
0.4175341 0.2699624
0.3940607 0.2435601
0.3723391 0.2152048
0.3495463 0.188259
0.3325757 0.2019764
0.3399132 0.2377321
0.3560182 0.2707829
0.3730176 0.3031487
0.3930687 0.3331372
0.4147663 0.3615324
0.436381 0.3900102
0.4571427 0.419337
0.4773652 0.4491684
0.4977902 0.4787565
0.5180158 0.5
0.5367514 0.4720897
0.5506298 0.4377
0.5644969 0.4033032
0.5784031 0.3689278
0.5917979 0.3343167
0.6018924 0.2981855
0.6119869 0.2620542
0.6211609 0.225594
0.630242 0.1891007
0.6379511 0.1521911
0.6453489 0.115187
0.6539134 0.07855448
0.6562273 0.0632813
0.6356196 0.0927484
0.6133597 0.1205312
0.58989 0.1467611
0.5630379 0.1683863
0.5353968 0.1885595
0.5070844 0.2074972
0.4852973 0.2263688
0.4566613 0.2446364
0.4278124 0.2624162
0.3982409 0.2785411
0.3685096 0.2942517
0.3385155 0.3091958
