0.7158265 0.1255137
0.6816147 0.1402311
0.647403 0.1549485
0.6132956 0.1699202
0.5795737 0.1858322
0.5458519 0.2017441
0.5116162 0.2162236
0.476547 0.2275544
0.4411822 0.2388853
0.4066666 0.2527452
0.3723325 0.267146
0.3384158 0.2825213
0.3053433 0.2998664
0.2740293 0.3198575
0.2714265 0.3461654
0.3043351 0.3637426
0.3384093 0.3788025
0.3741564 0.3886549
0.4102885 0.3947047
0.4471742 0.3970545
0.4839708 0.3998321
0.5200964 0.4058397
0.5565127 0.4125783
0.5934349 0.4146668
0.6299369 0.42044
0.6664538 0.4264972
0.6975721 0.4270116
0.6739936 0.3990433
0.6512842 0.368561
0.6289307 0.3376727
0.6067043 0.3066899
0.5854983 0.274924
0.5648966 0.2427305
0.5447436 0.2102197
0.5223753 0.179343
0.5 0.1484717
0.4744468 0.1207796
0.4475855 0.09423733
0.4193634 0.06991172
0.3982781 0.05530444
0.3982781 0.09407967
0.3982781 0.1328549
0.4031213 0.1712931
0.4080085 0.2097282
0.4124192 0.2482266
0.418893 0.2862692
0.4296599 0.3233645
0.4415598 0.3600695
0.4526992 0.3970248
0.4626746 0.4343578
0.4700696 0.4723043
0.4780885 0.5
0.4868073 0.4624025
0.4962595 0.4249172
0.5081121 0.3882941
0.5212399 0.3520691
0.5358066 0.3164291
0.5505499 0.2808698
0.5655684 0.2454366
0.5821395 0.2108346
0.6007079 0.1773022
0.619307 0.1437888
0.6383325 0.1105393
