0.2894286 0.08785483
0.3029074 0.1277882
0.3259171 0.1575338
0.3502461 0.1848651
0.374469 0.2123351
0.3960665 0.2446977
0.4176639 0.2770604
0.4381425 0.3110985
0.4575672 0.3465179
0.4754822 0.3838562
0.4930062 0.4216317
0.5083582 0.4600615
0.5237222 0.5
0.5365893 0.4978926
0.5410952 0.4520312
0.5472321 0.40655
0.5547529 0.3615577
0.5640888 0.3174458
0.5745848 0.2738966
0.584258 0.2299248
0.5927506 0.1853466
0.6023623 0.1413287
0.6118656 0.09729829
0.6135512 0.05667028
0.5839416 0.06463706
0.5552759 0.07879883
0.5267791 0.09374598
0.5 0.1094109
0.4721893 0.1271774
0.4469244 0.1518978
0.4243149 0.1821457
0.4048735 0.2176175
0.3865215 0.2544199
0.3682201 0.2912909
0.3484952 0.3263304
0.3261121 0.3571613
0.341966 0.3662887
0.3720636 0.3662887
0.4021613 0.3662887
0.4322589 0.3662887
0.4623515 0.3658808
0.4924277 0.3641286
0.5209572 0.3623765
0.5510452 0.3612902
0.5811385 0.3605028
0.6112319 0.3597153
0.6412393 0.3562816
0.6712329 0.3524228
0.7012742 0.3498115
0.7312115 0.3466477
0.7057092 0.3288183
0.6764518 0.3179154
0.6474138 0.3057207
0.6184536 0.2930669
0.58954 0.2801831
0.5610571 0.2651679
0.5326121 0.2500168
0.5059782 0.2283753
0.480891 0.2067338
0.4536087 0.1871164
0.4263008 0.1675792
0.3984458 0.1500126
0.3704503 0.1329517
