0.7002953 0.3903021
0.6806413 0.35353
0.6548049 0.3229071
0.6254964 0.2969364
0.5944493 0.2741031
0.5634023 0.2512699
0.5307989 0.2320861
0.5 0.2138742
0.4666575 0.1968013
0.4315726 0.1858393
0.3964876 0.1748773
0.3614028 0.1639153
0.3277009 0.1476967
0.295369 0.1287945
0.2696179 0.09779894
0.2922949 0.1218793
0.3165112 0.1548335
0.3390206 0.1895651
0.3606803 0.2251278
0.3822316 0.2607895
0.4033587 0.2968203
0.4237182 0.3335192
0.4452358 0.3691745
0.4677345 0.403946
0.4903991 0.4385532
0.5111972 0.4728114
0.5397889 0.5
0.5574113 0.4832793
0.5666175 0.4404343
0.5745323 0.3971302
0.5845999 0.3545005
0.5946674 0.3118709
0.6064059 0.2699175
0.6190324 0.2283238
0.631659 0.1867301
0.6444783 0.1452252
0.6575047 0.1038364
0.6752555 0.06515604
0.6794739 0.05623868
0.6529049 0.08635837
0.6246227 0.1137802
0.5931864 0.1357988
0.5617501 0.1578173
0.5296383 0.1781692
0.4985496 0.1955704
0.4652422 0.2129717
0.4319347 0.2303729
0.3984262 0.2471634
0.3645914 0.2629624
0.3307566 0.2787614
0.2974336 0.296082
0.2900943 0.3066821
0.3241276 0.3213333
0.3587739 0.3342172
0.3935145 0.3466362
0.4289035 0.3560151
0.4642926 0.365394
0.4996228 0.3750997
0.5327277 0.3848417
0.5680394 0.3946481
0.6033359 0.4045371
0.6388687 0.4124512
0.6749954 0.4154033
0.7111604 0.416938
