0.2991523 0.1131415
0.320181 0.1448789
0.3439296 0.1741534
0.3653896 0.2055564
0.3868497 0.2369594
0.410147 0.2666951
0.4335737 0.2963133
0.454878 0.3278467
0.4761551 0.3594009
0.4949738 0.3928263
0.5081154 0.4269677
0.5236946 0.4623728
0.5323852 0.5
0.5445225 0.4687372
0.5532034 0.4305579
0.5636455 0.3928842
0.5739602 0.3551672
0.5842576 0.3174444
0.5938352 0.2794895
0.6033385 0.2415107
0.6128733 0.2035416
0.6224176 0.1655755
0.631108 0.127403
0.6374549 0.08870926
0.6390611 0.05900016
0.6077778 0.07718962
0.5751443 0.09270999
0.5431522 0.1098096
0.5113698 0.1273731
0.4844169 0.145606
0.4536065 0.1651931
0.4241885 0.1867634
0.3999036 0.2155194
0.374027 0.2425044
0.3493695 0.2708459
0.3250583 0.2995744
0.3022955 0.3294963
0.2991742 0.3650657
0.3337211 0.3703132
0.3692211 0.3701819
0.4044704 0.3654388
0.4397343 0.3608527
0.4751021 0.3573627
0.5059426 0.3538728
0.5412464 0.3497065
0.5764955 0.3449635
0.6116818 0.3396907
0.6468321 0.3341163
0.6820442 0.3292234
0.7174833 0.326793
0.735625 0.3209178
0.7008165 0.3142701
0.6656839 0.3094656
0.6315429 0.298637
0.5977097 0.2866797
0.5641969 0.2737041
0.5310565 0.2595542
0.5 0.2405734
0.473821 0.2207808
0.4453226 0.1973675
0.4169682 0.1737261
0.3860569 0.1543308
0.3540195 0.1374812
0.3255695 0.1221651
