0.2793201 0.3380519
0.31176 0.3388985
0.3441733 0.3410947
0.3766021 0.3428597
0.4090426 0.3438936
0.4414995 0.3438936
0.4739565 0.3438936
0.5002443 0.3438936
0.5327013 0.3438936
0.5651582 0.3438936
0.5976151 0.3438936
0.6300721 0.3438936
0.662529 0.3438936
0.6949859 0.3438936
0.721441 0.3377725
0.6930279 0.3240098
0.6626691 0.3090606
0.6320187 0.2951145
0.6014633 0.280828
0.5711327 0.2657354
0.5425913 0.2457781
0.5166306 0.2208814
0.5 0.1907365
0.4811348 0.156238
0.4602444 0.124424
0.433305 0.1008177
0.4049405 0.0803639
0.3739058 0.06809869
0.3509559 0.06078139
0.3622716 0.1004529
0.373989 0.1398702
0.3875508 0.1783862
0.40087 0.2170473
0.4187109 0.2523848
0.4371204 0.2873008
0.4555473 0.3222011
0.4740794 0.3570034
0.4933329 0.391134
0.5043779 0.4269381
0.5201678 0.4639244
0.5369602 0.5
0.5414862 0.4854626
0.5414862 0.4430673
0.5422431 0.4007376
0.5465327 0.3587143
0.5508223 0.3166909
0.5551398 0.2746727
0.560002 0.2327559
0.5648643 0.190839
0.5719814 0.1495121
0.5779744 0.1079972
0.5795004 0.06566828
0.5728691 0.05171004
0.5510738 0.08309981
0.5281233 0.1130778
0.51052 0.1485726
0.4996785 0.1846789
0.4805483 0.2188855
0.460878 0.252608
0.441163 0.286286
0.4194731 0.3176358
0.395838 0.346692
0.3684459 0.3692629
