0.2680101 0.3458238
0.3101085 0.3479876
0.3521837 0.3515641
0.3943102 0.3497919
0.4364534 0.3466525
0.4786555 0.344126
0.5144641 0.3418195
0.5565609 0.33832
0.5986439 0.3346828
0.6407871 0.3315434
0.6830561 0.3306768
0.7045184 0.3235984
0.6729106 0.3026012
0.639636 0.281178
0.6074922 0.2586259
0.579439 0.2327483
0.5497774 0.2084698
0.5141351 0.1897779
0.4843971 0.1717795
0.4475804 0.1546841
0.4098804 0.1391831
0.3699392 0.127728
0.3295338 0.1178595
0.2925151 0.117711
0.286495 0.1517174
0.2882487 0.1863416
0.3018529 0.2186618
0.3209191 0.2496051
0.3409021 0.2801709
0.3640617 0.3090573
0.3898087 0.336576
0.4162228 0.3636266
0.4454417 0.3887093
0.4737785 0.4144197
0.5 0.4416359
0.5168342 0.4705671
0.5392009 0.5
0.5494328 0.4968984
0.5519176 0.4622955
0.5551924 0.4277325
0.5617922 0.3934813
0.5683921 0.3592302
0.578096 0.3255278
0.5893166 0.2920935
0.6003844 0.2586278
0.6097627 0.2248146
0.619141 0.1910014
0.6291198 0.1573143
0.6407452 0.123973
0.6523705 0.09063172
0.6627371 0.05707714
0.6472673 0.08527616
0.6238124 0.114125
0.5990362 0.1422358
0.5732534 0.1697301
0.5468965 0.1968361
0.5183634 0.2224435
0.4968774 0.2484864
0.4710028 0.2759246
0.4445167 0.3029605
0.417426 0.329599
0.3918224 0.3571728
0.3665365 0.3849325
