0.2825961 0.3513387
0.3145449 0.3535312
0.3465407 0.3535312
0.3785365 0.3535312
0.4104716 0.3512265
0.4423934 0.3484121
0.4743252 0.3458056
0.5 0.3434227
0.5319427 0.3410397
0.5638999 0.3390206
0.5958627 0.3371419
0.6277726 0.3343417
0.6595986 0.3300844
0.6915677 0.3294136
0.7235634 0.3294136
0.7010427 0.3030816
0.6717371 0.286648
0.6421513 0.2708952
0.6116679 0.258346
0.581138 0.2459688
0.5501336 0.2357495
0.5191292 0.2255301
0.4945788 0.2145169
0.464407 0.2007471
0.4343153 0.1866946
0.4043993 0.1720214
0.3766876 0.1518094
0.3491903 0.1307563
0.3209816 0.112355
0.3397427 0.142898
0.3609118 0.1739212
0.3843039 0.202129
0.4076354 0.2304228
0.4295849 0.2605256
0.4515345 0.2906283
0.4733391 0.3209059
0.4950413 0.3513071
0.508324 0.3839779
0.5269979 0.4175737
0.544868 0.4518787
0.5629171 0.4860275
0.5747482 0.5
0.5737265 0.4586597
0.5716337 0.4173787
0.5694768 0.3761069
0.5685362 0.3347515
0.567966 0.2933891
0.567966 0.2520158
0.5686767 0.2107035
0.5729053 0.1696932
0.5784299 0.1289687
0.5838302 0.08826247
0.5821375 0.05276474
0.5592086 0.08118862
0.5362633 0.1099639
0.5122716 0.1373373
0.4946655 0.1648706
0.4723447 0.1945134
0.4500239 0.2241562
0.427874 0.2540081
0.406211 0.284456
0.3854412 0.3158844
0.3657219 0.3484661
0.3470277 0.3820339
