0.2543502 0.2773603
0.2915436 0.2871125
0.3296912 0.2918302
0.3680962 0.2953128
0.4060967 0.3017182
0.444218 0.3071743
0.4827445 0.3094472
0.5177246 0.3117092
0.5562597 0.3138489
0.5947497 0.3164162
0.6333514 0.3164162
0.671824 0.3188573
0.6862987 0.3079756
0.6575155 0.2837473
0.6279598 0.2603194
0.5979569 0.237393
0.5673213 0.2152329
0.53644 0.1933704
0.5057399 0.1712847
0.4788879 0.1488279
0.4484591 0.1264074
0.4179888 0.1040369
0.3873082 0.08194187
0.3541646 0.06450462
0.3215856 0.068156
0.3333111 0.1021851
0.3498587 0.1348867
0.3706024 0.1655797
0.3925213 0.1955732
0.4145653 0.2254849
0.435845 0.2558681
0.4560167 0.2869348
0.4761885 0.3180014
0.4965026 0.3489854
0.5099378 0.3813199
0.5197608 0.4165579
0.5291231 0.4519075
0.5341691 0.4878883
0.540217 0.5
0.5448734 0.4638858
0.5524439 0.4281558
0.5603645 0.3925003
0.5697268 0.3571507
0.5795629 0.3219246
0.5907338 0.2870461
0.6019046 0.2521677
0.6136404 0.2174684
0.6270472 0.1832992
0.6403845 0.1491058
0.6535764 0.1148621
0.6653783 0.08017829
0.6485741 0.08135056
0.6176135 0.1031107
0.5867912 0.1250465
0.5562464 0.1473261
0.5260105 0.1699677
0.5 0.193404
0.4703536 0.2167373
0.4400882 0.2393542
0.4097208 0.2618418
0.3780971 0.2827374
0.3463918 0.3035219
0.3147114 0.3243341
