0.2272621 0.7609714
0.2755364 0.7549331
0.3231064 0.7458053
0.3712767 0.7395619
0.4197567 0.7348058
0.4680299 0.728768
0.5112492 0.72267
0.5595127 0.7165721
0.6081049 0.7134502
0.6568419 0.7115808
0.7052463 0.7063159
0.7402222 0.696745
0.70734 0.6667331
0.674346 0.6368005
0.6391591 0.608606
0.6028296 0.5814197
0.5653294 0.5553606
0.526539 0.5307187
0.4913986 0.5076087
0.449721 0.491365
0.4069551 0.4717509
0.3596504 0.4638658
0.3114436 0.4577664
0.2631204 0.4520493
0.2663366 0.4644026
0.2900063 0.5
0.3140659 0.5305176
0.3392189 0.5653943
0.3648622 0.600027
0.3892559 0.6352857
0.4123548 0.6711347
0.4348634 0.707252
0.4599782 0.7421569
0.4846429 0.7772838
0.5041949 0.8124446
0.5284927 0.8477489
0.5527114 0.8830913
0.5749795 0.9190633
0.5856127 0.8902788
0.5919262 0.8499149
0.5991912 0.8096941
0.6101676 0.7700307
0.6183444 0.7299104
0.6267706 0.6898242
0.6366607 0.6499627
0.6449983 0.6098595
0.6522548 0.5696173
0.6578848 0.5291842
0.666466 0.4940115
0.6728358 0.4536832
0.6784018 0.4132459
0.664731 0.4059582
0.6297575 0.4343257
0.5962404 0.4639193
0.5650731 0.4952324
0.5332018 0.5210139
0.5 0.5463082
0.4623143 0.5721563
0.4259686 0.5993292
0.3884303 0.625261
0.3487978 0.6490203
0.3118286 0.675359
0.2832153 0.7082366
0.2588955 0.7427089
