0.4158407 0.1508051
0.4158407 0.2010558
0.4210337 0.2507751
0.4279966 0.3003133
0.4349594 0.3498515
0.4434251 0.3990414
0.4520605 0.4481919
0.4607369 0.4973309
0.4708009 0.5412316
0.480865 0.5899819
0.490474 0.6388659
0.4995078 0.6124468
0.5034831 0.5630276
0.5130304 0.5143031
0.5279852 0.472279
0.54294 0.4254053
0.5601353 0.3797891
0.5800053 0.3356742
0.5998753 0.2915593
0.6198381 0.2475062
0.6399087 0.2035247
0.6599793 0.1595432
0.6821991 0.1171204
0.680325 0.1040511
0.6462082 0.1326216
0.6103656 0.1579416
0.574523 0.1832614
0.5375917 0.206065
0.5 0.2273424
0.4659504 0.2486198
0.4283587 0.2698971
0.390767 0.2911745
0.3531753 0.3124518
0.3143608 0.3298263
0.2745754 0.3441019
0.23479 0.3583775
0.1946732 0.3698865
0.2125588 0.3717159
0.2535599 0.3785999
0.2942492 0.3884549
0.3347575 0.3992912
0.3750427 0.411337
0.415328 0.4233828
0.4556132 0.4354286
0.4958984 0.4474744
0.5323602 0.460754
0.5720404 0.4754526
0.6117207 0.4901511
0.651401 0.5
0.6910812 0.5146986
0.7307956 0.5292572
0.7273721 0.5016467
0.7041896 0.4648939
0.6763248 0.4276588
0.64846 0.3904237
0.6183465 0.3560531
0.5862311 0.3242325
0.5541157 0.2924118
0.5220003 0.2605912
0.4937121 0.2283641
0.4625975 0.1951172
0.431483 0.1618702
0.4019459 0.1266544
