0.2553066 0.378046
0.290198 0.3809124
0.3251419 0.3826627
0.3601031 0.3834156
0.3950773 0.3834156
0.4300515 0.3834156
0.4650258 0.3834156
0.5 0.3834156
0.5286013 0.3834156
0.5635755 0.3834156
0.5985356 0.3825344
0.633484 0.3809185
0.6684552 0.3807308
0.7034295 0.3807308
0.7319605 0.3756138
0.7035223 0.3529024
0.6696714 0.3435896
0.6353071 0.3358557
0.6008844 0.3285161
0.56637 0.3217245
0.5338321 0.3064571
0.5009777 0.292485
0.4762982 0.2732568
0.4464333 0.251382
0.4175782 0.2276782
0.3898029 0.2021395
0.3610125 0.1783192
0.3302434 0.1632624
0.3264167 0.1982648
0.3371317 0.2378836
0.3536641 0.2748541
0.3725479 0.3102339
0.392288 0.3449338
0.4126163 0.3791457
0.4341845 0.4122216
0.4556877 0.4453635
0.4765682 0.4790866
0.4980451 0.5055111
0.5119044 0.539753
0.5214072 0.5402427
0.5312212 0.5
0.5380191 0.4655462
0.5467486 0.4249807
0.558595 0.3854229
0.5683659 0.3450827
0.5774287 0.3044756
0.5865731 0.2638986
0.5979743 0.2241522
0.6093497 0.1843952
0.6204095 0.1445096
0.6301125 0.1041352
0.6397422 0.06396657
0.6150117 0.09369558
0.5892527 0.1221029
0.5624858 0.1491307
0.5346221 0.174541
0.5067585 0.1999513
0.4858015 0.2261852
0.4581974 0.2519882
0.4303737 0.2774007
0.4048587 0.3061557
0.3773523 0.3320276
0.3478461 0.354389
