0.2770324 0.5867627
0.3179735 0.5854125
0.3587735 0.5808544
0.3997377 0.5805131
0.440716 0.5805131
0.4816539 0.5788514
0.5122457 0.5763468
0.553224 0.5763468
0.5942023 0.5763468
0.6351807 0.5763468
0.6760998 0.5749855
0.7169561 0.5721804
0.7295564 0.5609116
0.6939376 0.536469
0.6583254 0.5120047
0.6226574 0.4958833
0.5864168 0.4727966
0.5516611 0.4467427
0.5178651 0.4187706
0.4943586 0.3908622
0.4605186 0.3629677
0.4254109 0.3375185
0.3908362 0.3110119
0.3672117 0.2943035
0.3922856 0.3334218
0.4159364 0.3738069
0.4400387 0.4138072
0.4615526 0.4557535
0.4807258 0.4994672
0.5 0.5349059
0.5089584 0.5785486
0.5234093 0.624698
0.5350604 0.6720523
0.5435011 0.7204501
0.5501414 0.7692403
0.5545691 0.8183388
0.5644383 0.8663024
0.5714689 0.8634837
0.5762697 0.8143799
0.5825416 0.7655131
0.5899793 0.7168751
0.5980158 0.6683738
0.6053516 0.6197112
0.6137259 0.5713056
0.6230292 0.523142
0.6347069 0.4839415
0.6448928 0.4360776
0.6527624 0.3875485
0.6567567 0.3384463
0.6258789 0.338236
0.5885324 0.3585938
0.5515293 0.3798376
0.5140972 0.3997893
0.4856261 0.4156974
0.446376 0.4299101
0.407909 0.4469031
0.3689562 0.4622334
0.3311528 0.4812687
0.2968347 0.5
0.2648951 0.5308724
0.2363342 0.5661295
0.2110262 0.6049756
0.187208 0.6452243
0.1596728 0.6805058
