0.2160875 0.4951707
0.2539473 0.4938366
0.2912475 0.4842341
0.3286538 0.475556
0.3662959 0.46893
0.4039243 0.4621602
0.4414626 0.4545668
0.4788714 0.4457975
0.505568 0.438321
0.5431498 0.4310788
0.5809636 0.4273453
0.6188809 0.4251761
0.6566291 0.4199157
0.6943927 0.4151904
0.7323428 0.4151904
0.770293 0.4151904
0.7480642 0.3956242
0.7146733 0.3708778
0.6807296 0.3475753
0.6459116 0.3268959
0.6110865 0.3062123
0.576654 0.2843037
0.541503 0.2647521
0.5059658 0.2464688
0.4812274 0.2284063
0.4456751 0.2101815
0.410284 0.1913715
0.3741249 0.1758109
0.3599826 0.1733922
0.3716219 0.2229012
0.3859631 0.2711383
0.4014057 0.3187242
0.4176225 0.3658323
0.4345944 0.4124373
0.4524122 0.458423
0.4711446 0.5028423
0.4901643 0.5479317
0.5 0.5915407
0.5235878 0.632296
0.5467589 0.652593
0.5555372 0.6021239
0.5616243 0.5506955
0.5703783 0.5
0.5748125 0.4491474
0.5799189 0.3975185
0.585421 0.3459651
0.5918078 0.2946023
0.5981097 0.2432198
0.6043486 0.1918226
0.610128 0.1403244
0.6129907 0.08842537
0.5951663 0.08866325
0.5695061 0.1269856
0.5408276 0.1611115
0.5118433 0.1947434
0.4935479 0.2281009
0.4632533 0.2594714
0.4328157 0.2905926
0.4013064 0.3195828
0.369381 0.3477509
0.3379781 0.3770086
0.3083816 0.4095692
0.2794619 0.4432701
0.2558692 0.483466
