0.2372038 0.5976307
0.2775151 0.5853934
0.3193638 0.5794317
0.3612472 0.5739051
0.4032087 0.569531
0.4452142 0.5662678
0.4872925 0.5648433
0.5224097 0.5620389
0.564441 0.5591323
0.6065096 0.5572765
0.6485728 0.5552195
0.690326 0.5484295
0.7323875 0.5478345
0.7708467 0.5474375
0.7341282 0.5220224
0.6965562 0.5
0.6589098 0.4751631
0.621752 0.4490582
0.5849496 0.4220902
0.5484034 0.3945163
0.5124664 0.365581
0.4832886 0.336987
0.4452489 0.3133089
0.4069717 0.2902002
0.3879637 0.2694067
0.4135937 0.3119962
0.4322192 0.3617922
0.4492471 0.4126091
0.4655188 0.4638654
0.4813613 0.5123529
0.4972038 0.5638431
0.5061303 0.6153332
0.5219728 0.6668234
0.5391539 0.7175345
0.5572507 0.7677127
0.574934 0.818145
0.5931341 0.8682451
0.600244 0.8569562
0.600244 0.8013793
0.6020352 0.745905
0.6064151 0.6906382
0.6115106 0.6354699
0.6156504 0.5801675
0.6197376 0.5248556
0.624386 0.4726213
0.6293612 0.4174345
0.6344833 0.3622706
0.638661 0.3070025
0.6420885 0.2552609
0.6046091 0.2805529
0.5674428 0.3066331
0.530602 0.3335149
0.5 0.3586337
0.4618094 0.3820016
0.423679 0.4055397
0.3855932 0.4292042
0.3476806 0.4533219
0.3106197 0.4796709
0.2737216 0.5034122
0.2409614 0.5376126
0.2115206 0.5771538
0.1856658 0.6209499
0.169857 0.6714373
0.1617759 0.7233069
