0.1551654 0.5568585
0.1986479 0.5568585
0.2421303 0.5568585
0.2856128 0.5568585
0.3290601 0.5549769
0.3724928 0.5524731
0.4158368 0.5482441
0.4591923 0.5443693
0.5 0.5443693
0.5434664 0.5436664
0.5868819 0.5407247
0.6303526 0.5402063
0.673835 0.5402063
0.7171867 0.5371684
0.7444252 0.5190243
0.7089187 0.4908432
0.6713464 0.4645578
0.6327627 0.4401074
0.5929499 0.4188222
0.555507 0.3918623
0.5166337 0.3681028
0.4807717 0.3435418
0.4436034 0.3160196
0.405825 0.2897782
0.3666668 0.2668844
0.3261155 0.2504912
0.3324907 0.2759188
0.3556669 0.3207827
0.3796903 0.3649828
0.4039027 0.4090266
0.4271681 0.4538286
0.4485306 0.5
0.4698922 0.5448223
0.4912772 0.5909313
0.5045398 0.6402723
0.5198802 0.6898848
0.5313846 0.7285098
0.5419763 0.677667
0.5551181 0.6271291
0.569645 0.577149
0.5833954 0.526839
0.6008905 0.4796691
0.6180201 0.4309424
0.6336911 0.3814748
0.649791 0.3322164
0.6666414 0.283332
0.6842827 0.2348613
0.7017747 0.1863157
0.7191249 0.1379377
0.6896476 0.1596185
0.6565477 0.1939678
0.6223246 0.2266819
0.5882459 0.2596186
0.5542918 0.2927471
0.5203378 0.3258756
0.4890336 0.3589642
0.4537344 0.3899308
0.4184352 0.4208975
0.3828137 0.4512878
0.3462868 0.4800587
0.3098128 0.5075567
0.2759861 0.5408783
0.241654 0.5734159
