0.3934015 0.2959044
0.4051121 0.3410871
0.4195868 0.3855285
0.4329628 0.4303994
0.4463387 0.4752702
0.4597147 0.5170801
0.4736145 0.5617436
0.4884665 0.60603
0.5 0.6503166
0.5151046 0.6944894
0.5318389 0.7379285
0.5485731 0.7813675
0.5661091 0.8243964
0.5830161 0.8594242
0.5854786 0.812234
0.5887859 0.7650808
0.5962659 0.7185819
0.6046858 0.6722305
0.6162838 0.6270254
0.633673 0.5839091
0.6518731 0.5412506
0.6725677 0.5
0.6938437 0.4621895
0.7156787 0.4216887
0.7041532 0.4062685
0.6645814 0.422972
0.6249384 0.4394664
0.5840582 0.4515633
0.5431101 0.4634191
0.5021622 0.475275
0.4645326 0.4871308
0.4232506 0.4973394
0.3817335 0.5033273
0.3402164 0.5123761
0.2986993 0.5214249
0.2571451 0.5301616
0.2149542 0.5335314
0.1727633 0.5369012
0.1524165 0.5388911
0.1940746 0.5470685
0.2351422 0.558218
0.2759502 0.5706629
0.3167582 0.5831078
0.3578863 0.5941104
0.3991619 0.6044489
0.4404374 0.6147875
0.481713 0.625126
0.5196701 0.6354645
0.5603429 0.6484044
0.6009142 0.6617817
0.6414856 0.6751591
0.680261 0.693831
0.6986082 0.698452
0.6730561 0.6607831
0.6471508 0.6234075
0.6232655 0.5843721
0.5993803 0.5453367
0.5749832 0.5067051
0.5501045 0.4715143
0.5252258 0.4332627
0.5003471 0.3950111
0.4802824 0.3556016
0.4571751 0.3159916
