0.3142632 0.1463216
0.3226078 0.2122279
0.3358424 0.2766829
0.3550256 0.3384898
0.3742089 0.4002968
0.3973089 0.4594699
0.4210574 0.513414
0.4440461 0.5726556
0.462776 0.6347245
0.4815058 0.6967934
0.5 0.7589924
0.5100918 0.8216165
0.5230759 0.7749733
0.5361347 0.7102206
0.5491935 0.6454679
0.5637436 0.5813776
0.5807444 0.5183761
0.5977452 0.4601677
0.6163104 0.3981333
0.6393481 0.3388641
0.6623858 0.2795949
0.6854236 0.2203257
0.7101836 0.1623838
0.7082551 0.1640802
0.6669576 0.2000649
0.6239064 0.2312729
0.5783029 0.2555291
0.5326992 0.2797854
0.4945483 0.3033101
0.4475664 0.3219495
0.4005844 0.3405888
0.3536025 0.3592282
0.3066205 0.3778676
0.2594533 0.3955241
0.2117937 0.4105684
0.164134 0.4256127
0.1465717 0.4318046
0.1951943 0.4376837
0.2434478 0.4485828
0.2917013 0.459482
0.3396121 0.4729271
0.3875106 0.4864635
0.4354091 0.5
0.4833076 0.5087433
0.523454 0.5229964
0.5708419 0.539582
0.6182299 0.5561675
0.6656179 0.5727531
0.7127543 0.5906137
0.7597495 0.6091898
0.806334 0.6292551
0.8190275 0.6314946
0.7794067 0.5921115
0.739645 0.5530109
0.6986046 0.5164753
0.6575642 0.4847329
0.6161007 0.4491478
0.5737349 0.4155897
0.5313692 0.3820317
0.4966513 0.3484368
0.4544489 0.3144924
0.4122466 0.2805479
0.3700442 0.2466035
0.3399739 0.2037301
