0.3171198 0.6543719
0.3577724 0.6443162
0.3992642 0.6426061
0.4407105 0.6396772
0.4821981 0.6385353
0.5207213 0.6395277
0.5621507 0.6428075
0.603522 0.6470702
0.6448596 0.6517967
0.6862739 0.6543719
0.7277887 0.6543719
0.7691306 0.6515772
0.7469534 0.6279175
0.7116758 0.6010512
0.6761841 0.5744958
0.6430944 0.5435318
0.6104013 0.5118966
0.5769249 0.494563
0.542474 0.4659834
0.5075038 0.4383263
0.475762 0.4101637
0.4395275 0.3851138
0.4038819 0.3588145
0.3764211 0.3476363
0.3824684 0.3983353
0.3864822 0.4493462
0.3927341 0.4999702
0.4012389 0.5371883
0.4129726 0.5864092
0.4282318 0.6340103
0.4458076 0.6805135
0.4634278 0.7269908
0.4870668 0.7691348
0.5053442 0.8131918
0.530365 0.8539838
0.5648057 0.8823692
0.5697241 0.8443464
0.5674921 0.7931106
0.5671174 0.7417893
0.5671174 0.6904592
0.5671174 0.639129
0.5704985 0.5880826
0.5761077 0.537223
0.5845337 0.5
0.5924687 0.4496308
0.5993943 0.3990268
0.6106342 0.3496138
0.6241795 0.301125
0.6122493 0.3026102
0.5814688 0.3370359
0.55322 0.3746503
0.525086 0.4123957
0.5 0.450234
0.471568 0.4876344
0.4429747 0.5118253
0.4147264 0.549437
0.3867343 0.5873436
0.3586356 0.6251274
0.3300231 0.6623191
0.3014105 0.6995108
0.2707546 0.7341222
0.2398158 0.7683355
0.2079232 0.8011963
0.1778296 0.8364927
