0.4223084 0.116404
0.4415647 0.146543
0.4669842 0.1701068
0.4951649 0.189311
0.5213212 0.2087971
0.5495626 0.2278097
0.5790581 0.2439044
0.6091757 0.2579648
0.640244 0.2689177
0.6713238 0.2798139
0.7027214 0.289298
0.7107018 0.29375
0.6783381 0.29375
0.6459741 0.29375
0.6136103 0.29375
0.5814975 0.2982609
0.5494252 0.3034976
0.5172567 0.3077677
0.4869695 0.3118613
0.4550716 0.3183486
0.4232537 0.3255011
0.3916579 0.3338471
0.3603673 0.343834
0.3290767 0.3538208
0.2982692 0.3656229
0.2691057 0.3819115
0.2698211 0.4012842
0.2947255 0.3774442
0.3192886 0.352408
0.3455343 0.3295422
0.3714254 0.3060799
0.3972928 0.2825798
0.4229769 0.2587876
0.4486611 0.2349955
0.4743452 0.2112034
0.5 0.1873669
0.5228823 0.1622155
0.5476566 0.1370543
0.572412 0.1118659
0.59543 0.08439076
0.61796 0.05650496
0.6101726 0.08980143
0.5945988 0.124058
0.580975 0.159505
0.5684591 0.1955665
0.5563905 0.2318471
0.5464464 0.2688785
0.5411258 0.3074505
0.5323347 0.3450771
0.5259664 0.3832283
0.5235035 0.4222134
0.5235035 0.4613174
0.525653 0.5
0.5196532 0.4769624
0.5139978 0.4384853
0.5045747 0.4010756
0.4961387 0.3640239
0.4860341 0.3268866
0.4770641 0.2893146
0.4680941 0.2517425
0.4593614 0.2140909
0.4510224 0.1763072
0.4426835 0.1385235
0.4380346 0.1016253
