0.33753 0.1826728
0.3637585 0.1988464
0.396962 0.2122451
0.4309097 0.2243254
0.4653563 0.2352365
0.5 0.2456891
0.5255769 0.2556154
0.5605199 0.2652625
0.5957007 0.2742274
0.6311733 0.28216
0.6670469 0.2886746
0.7030508 0.294601
0.7393706 0.2983232
0.7541522 0.2991641
0.7178099 0.3024197
0.6820854 0.3091466
0.6460111 0.3140489
0.6109977 0.3235049
0.5752871 0.3305164
0.5393272 0.3366536
0.5034155 0.3430031
0.4767915 0.3494467
0.440902 0.3558936
0.4050158 0.3623547
0.3691297 0.3688158
0.3329701 0.3737194
0.3328297 0.3577725
0.3518707 0.3303273
0.3699661 0.3023763
0.3874139 0.2741036
0.4089335 0.2481064
0.4307814 0.2222973
0.4532721 0.1969165
0.4756829 0.1714821
0.497663 0.1457589
0.5107369 0.1202883
0.5344625 0.09578893
0.5552779 0.06941122
0.5629928 0.08521727
0.5620315 0.1173449
0.5578989 0.1492562
0.5520602 0.1809989
0.5458359 0.2126853
0.5408843 0.2445224
0.5373272 0.2765244
0.5335281 0.3085018
0.5286408 0.3403683
0.5237535 0.3722348
0.5192971 0.4041435
0.5160772 0.436173
0.5120676 0.46812
0.5078825 0.5
0.5006432 0.4898664
0.496523 0.4599847
0.4799266 0.4313219
0.4627398 0.4029262
0.4457513 0.3744409
0.4293683 0.3456815
0.412804 0.3170032
0.395941 0.2884583
0.3784442 0.2602122
0.3614079 0.2317553
0.3425311 0.2042997
