0.2656815 0.6213917
0.3026831 0.6213917
0.3396148 0.6180691
0.3765075 0.6128919
0.4133773 0.6072029
0.4502666 0.6020333
0.4872143 0.5983899
0.5073146 0.5959744
0.5443057 0.5943677
0.5812194 0.5900634
0.6181009 0.5846307
0.6550258 0.5802848
0.6919833 0.5771278
0.7289551 0.5744417
0.7658991 0.5707273
0.7738509 0.5456355
0.7397092 0.5198253
0.7054231 0.4972171
0.6719098 0.4686454
0.6379838 0.4417939
0.6037222 0.4163319
0.5702424 0.3875896
0.5364645 0.3600808
0.5022499 0.3343794
0.4852426 0.3072623
0.4511152 0.2813213
0.416119 0.259412
0.3802387 0.2452076
0.3988069 0.2817524
0.4162873 0.3408098
0.433304 0.4007085
0.4505809 0.4603967
0.4675515 0.5176134
0.4837944 0.578263
0.5 0.6389468
0.5015418 0.6974927
0.519986 0.7560107
0.5383528 0.8146098
0.5596244 0.8697468
0.5788211 0.8545629
0.5788211 0.7870607
0.5788211 0.7195586
0.5788211 0.6520565
0.5788211 0.5845543
0.5788211 0.5170522
0.5788211 0.4523171
0.5811641 0.3850584
0.5853655 0.3179928
0.5928214 0.252191
0.5658571 0.2655365
0.5345454 0.3014929
0.5025841 0.3355053
0.4874875 0.3694895
0.4554889 0.4033847
0.4234903 0.4372799
0.3914917 0.4711751
0.358034 0.5
0.3245686 0.5260306
0.2912759 0.5554706
0.2583162 0.5861483
0.2253566 0.616826
0.1925522 0.6480516
0.1634182 0.6891811
