0.3237762 0.185745
0.3591119 0.1904864
0.3944833 0.1948554
0.4299887 0.1981898
0.4654299 0.2021641
0.5002851 0.2039196
0.5358799 0.2059302
0.5713929 0.2091884
0.6069751 0.2115135
0.6426147 0.2121954
0.6782741 0.2121954
0.7019212 0.2216048
0.6755866 0.2456829
0.6450418 0.2637993
0.6121898 0.277795
0.5796038 0.2924114
0.5469801 0.3069376
0.5138712 0.3203035
0.4815162 0.3336694
0.4484072 0.3470352
0.4156646 0.3612842
0.3829949 0.3757092
0.3499038 0.3890709
0.3163913 0.4013699
0.2825821 0.4128093
0.2626182 0.4183066
0.2878363 0.3930542
0.3126484 0.3674321
0.3395424 0.343817
0.36567 0.3193256
0.391557 0.2945745
0.4180717 0.2705292
0.4452419 0.2472212
0.4729086 0.2245205
0.5 0.2020386
0.5262772 0.1777885
0.5514923 0.1523407
0.5767074 0.1268928
0.6019223 0.101445
0.627872 0.07677481
0.651818 0.05994332
0.6441101 0.09465289
0.6278454 0.1265005
0.6171073 0.1608187
0.6074489 0.1954603
0.5949507 0.2290883
0.5816941 0.2624269
0.5737482 0.2975108
0.5658024 0.3325946
0.559379 0.3679819
0.5541323 0.4035324
0.5541323 0.4395211
0.5541323 0.4755098
0.5565149 0.5
0.5423128 0.4681095
0.5237181 0.437401
0.5027698 0.4083344
0.4814531 0.3800711
0.4586245 0.3524238
0.435796 0.3247765
0.4129288 0.2971624
0.3894469 0.2700782
0.3655147 0.2434023
