0.3657886 0.1990426
0.3764324 0.2655491
0.3860706 0.3325219
0.3962842 0.3992803
0.4064319 0.4660635
0.4159645 0.5249978
0.4254971 0.5920128
0.4350297 0.6590278
0.4455141 0.7256746
0.4565078 0.7920841
0.4727939 0.8556914
0.4920811 0.8281652
0.5010362 0.7697258
0.5258098 0.7135451
0.5505832 0.6573645
0.5759223 0.6018325
0.6013219 0.5463702
0.62683 0.4991164
0.6524796 0.4439486
0.6776829 0.3882731
0.701727 0.3313366
0.6848809 0.3259748
0.6451414 0.3506257
0.6033159 0.3666641
0.5614907 0.3827024
0.5194332 0.3971077
0.4908778 0.4115073
0.4488196 0.425907
0.4063092 0.435033
0.3633766 0.4392327
0.3204439 0.4434324
0.2775112 0.4476321
0.2345786 0.4518318
0.1915966 0.451591
0.1485977 0.4498294
0.1615553 0.4432588
0.203993 0.4535379
0.2462525 0.4661666
0.2879421 0.4830833
0.3296316 0.5
0.371309 0.5089075
0.4126231 0.5280318
0.4539372 0.547156
0.4952513 0.5662802
0.5230624 0.5854045
0.5643765 0.6045287
0.6049187 0.6272869
0.6449835 0.6522921
0.6850483 0.6772974
0.7248499 0.7032956
0.7639692 0.7318683
0.8031646 0.7601712
0.78128 0.7129445
0.7502748 0.6653113
0.7188894 0.6183325
0.6868517 0.5724766
0.6548141 0.5266206
0.6229907 0.4884752
0.5918605 0.4410504
0.5607303 0.3936257
0.5299954 0.3455632
0.5 0.2963069
0.4835076 0.2470506
0.4577758 0.1957023
