0.4075297 0.3366435
0.4113076 0.3991215
0.4169917 0.4614097
0.4255538 0.5118542
0.4343499 0.5733356
0.4405254 0.6355211
0.4486805 0.6971023
0.459617 0.7578344
0.4732412 0.786007
0.487391 0.7268597
0.5 0.6668428
0.512351 0.6090675
0.5331173 0.5542495
0.5544974 0.5
0.5786945 0.4594558
0.6028916 0.4078155
0.6274319 0.3565395
0.6526964 0.3060324
0.679319 0.2571062
0.6577847 0.2924143
0.6222323 0.3267496
0.5817051 0.3452182
0.5410501 0.3632793
0.5003952 0.3813404
0.4635153 0.3994015
0.421901 0.411738
0.3802606 0.4239184
0.3386202 0.4360987
0.2969754 0.4482433
0.2550894 0.4584115
0.2132035 0.4685798
0.1712931 0.4784472
0.1636264 0.49331
0.2025356 0.5073294
0.2414448 0.5324451
0.2807249 0.5562594
0.3200186 0.5800261
0.3593122 0.603793
0.3986101 0.6275446
0.4379181 0.6512594
0.4772261 0.6749742
0.5127591 0.6986889
0.552062 0.7224221
0.591319 0.7463214
0.630576 0.7702207
0.669833 0.79412
0.70909 0.8180193
0.7479739 0.843173
0.7863789 0.8699362
0.7858436 0.8466659
0.7552478 0.8031009
0.724224 0.7602134
0.6928426 0.7178916
0.6614612 0.6755699
0.6300798 0.6332482
0.6025889 0.5854197
0.575455 0.537086
0.548321 0.4998485
0.5211871 0.4515147
0.4978282 0.403181
0.4710718 0.3543897
0.4444448 0.3054416
0.4196703 0.2545048
