0.6603819 0.0587745
0.6304178 0.08098504
0.6028445 0.1098688
0.5759763 0.1401466
0.5488433 0.1699006
0.5210064 0.1982637
0.494007 0.2266268
0.4659502 0.2544949
0.4367586 0.2798085
0.407567 0.3051221
0.3780059 0.3294677
0.3478249 0.3521906
0.3159941 0.3690106
0.2829192 0.379607
0.2647979 0.3967794
0.2948728 0.4148906
0.328601 0.4193051
0.3622327 0.4127578
0.3957225 0.4045134
0.4294223 0.398184
0.4632914 0.3945124
0.4972163 0.3917173
0.5303014 0.3888717
0.5641752 0.3849791
0.5980598 0.3814872
0.632039 0.3814872
0.6659524 0.3793749
0.6998403 0.3764448
0.7051859 0.3713186
0.6731946 0.3551261
0.6412115 0.33855
0.6102251 0.3182536
0.5807433 0.2937225
0.5520437 0.2672507
0.5237803 0.2398228
0.4968675 0.211304
0.4672865 0.1869672
0.4365911 0.1658854
0.4048789 0.1483243
0.3724266 0.1336645
0.3386736 0.1296044
0.3053659 0.1243255
0.3190166 0.1625222
0.340952 0.2001562
0.3675933 0.2308558
0.3935903 0.262663
0.418794 0.2958332
0.4468685 0.3236955
0.4749229 0.3516008
0.5 0.3842767
0.5210881 0.422058
0.542042 0.4608121
0.5639565 0.4982941
0.5772416 0.5
0.5783629 0.4505794
0.5845952 0.4022491
0.593601 0.3545587
0.6022961 0.3067461
0.611721 0.2592583
0.6228839 0.212544
0.6340468 0.1658298
0.6460512 0.119564
0.6564574 0.07260311
