0.3738805 0.2070122
0.3738805 0.2590549
0.3755533 0.310938
0.3829741 0.3622727
0.3901207 0.4136556
0.3963305 0.4652035
0.4025403 0.5087206
0.4122625 0.5595095
0.4226656 0.6101513
0.436318 0.6593147
0.4599388 0.7035402
0.469407 0.671156
0.4785525 0.6201926
0.488031 0.5693217
0.5 0.5191418
0.5070879 0.4769928
0.5206907 0.4274309
0.5368347 0.3788305
0.5529788 0.33023
0.5692853 0.2817065
0.587378 0.2340271
0.6054708 0.1863478
0.6238999 0.1427008
0.6045642 0.1893232
0.5748397 0.2284893
0.5446995 0.267136
0.5084482 0.2981455
0.4770778 0.329155
0.4393839 0.3576437
0.4003935 0.3838665
0.361403 0.4100893
0.3203799 0.4316312
0.278808 0.4519092
0.2703601 0.4567112
0.3145563 0.4669757
0.358692 0.4778892
0.4028012 0.4889446
0.4469104 0.5
0.4910195 0.5030246
0.5302477 0.51408
0.5743381 0.5252334
0.6184027 0.536523
0.6624671 0.5478127
0.7065316 0.5591024
0.7494236 0.5751114
0.7919897 0.5924323
0.8346617 0.6093967
0.7987843 0.5783125
0.7624105 0.5475019
0.7255579 0.517449
0.6887054 0.495427
0.6518213 0.465427
0.6143742 0.4363676
0.5769271 0.4073082
0.53948 0.3782487
0.5020329 0.3491893
0.4695668 0.3199595
0.4322267 0.2907176
0.3948866 0.2614757
0.3575466 0.2322338
0.3231146 0.1987481
0.2898004 0.1636313
0.2564862 0.1285145
