0.3255001 0.08756354
0.3538326 0.1084635
0.3837472 0.1298389
0.4164833 0.1479101
0.4522436 0.1620841
0.4893162 0.1737194
0.5239177 0.184304
0.5625866 0.1913901
0.6018445 0.1965603
0.6413743 0.1995554
0.6810997 0.2010042
0.7207853 0.2030475
0.7418154 0.2176901
0.7101254 0.2371731
0.674505 0.2516007
0.6383066 0.265035
0.6016575 0.2776349
0.5650084 0.2902347
0.5278686 0.3017708
0.4931355 0.3120384
0.4549523 0.3210362
0.4164398 0.3291224
0.3780868 0.3376502
0.3403621 0.3479178
0.3192118 0.3468001
0.3434231 0.3210475
0.371469 0.2980371
0.3959343 0.2725292
0.4205965 0.2470636
0.4434561 0.2205433
0.4663589 0.194087
0.492629 0.1697119
0.5158881 0.1453231
0.5419317 0.1207865
0.5682796 0.09670669
0.5686417 0.1279237
0.5686417 0.1603928
0.5686417 0.1928619
0.5686417 0.2253309
0.5686417 0.2578
0.5686417 0.2902691
0.5686417 0.3227382
0.5686417 0.3552073
0.5686417 0.3876764
0.5686417 0.4201455
0.5686417 0.4526146
0.5686417 0.4850837
0.567451 0.5
0.5595145 0.4682497
0.5451413 0.4380201
0.5300553 0.4079784
0.5150034 0.3779252
0.5 0.3478558
0.4878341 0.3178396
0.4718954 0.2880928
0.4559567 0.258346
0.4378163 0.229463
0.419332 0.2007149
0.4008477 0.1719669
0.3815221 0.1435914
0.3620786 0.1152693
0.3384898 0.08912987
0.3160303 0.06236398
0.307171 0.07045937
