0.3561101 0.1616924
0.3796844 0.1835425
0.4057653 0.2061178
0.439692 0.2194147
0.4750252 0.2302234
0.5098206 0.2390978
0.5462878 0.2463466
0.5828556 0.2532396
0.6190537 0.2615446
0.6557543 0.2676166
0.6928275 0.272007
0.7300078 0.2751765
0.7404068 0.2907361
0.7072704 0.3060012
0.6738818 0.3208237
0.6401561 0.335061
0.6056566 0.3477025
0.5706289 0.3592548
0.534799 0.3686486
0.5 0.3775197
0.4636459 0.3852793
0.4272893 0.3930308
0.3904053 0.3981014
0.3531658 0.401183
0.3158193 0.4028477
0.3032203 0.3932072
0.3276231 0.3686602
0.3549716 0.3462112
0.3766274 0.3195114
0.3985527 0.2928584
0.419708 0.265739
0.4400957 0.2381533
0.4608078 0.2107554
0.4815589 0.1833801
0.501085 0.1560047
0.5218361 0.1286295
0.5425872 0.1012541
0.5649276 0.07490084
0.5794693 0.06158856
0.5732604 0.09388661
0.5644149 0.1257571
0.5591244 0.1583275
0.5523012 0.1906734
0.5451651 0.22297
0.5378285 0.2552321
0.5322905 0.287747
0.5278333 0.3204136
0.5272404 0.3532835
0.5272404 0.3861846
0.5276893 0.4190692
0.5307961 0.4518566
0.5355639 0.4844508
0.5402976 0.5
0.5284176 0.4692265
0.5065516 0.442689
0.4880331 0.4147801
0.4672213 0.3874661
0.4455979 0.3606181
0.4236723 0.3339615
0.4011669 0.3076878
0.3777973 0.2819964
0.3564327 0.2549917
0.330691 0.2312054
