0.1897815 0.6651516
0.232739 0.6538367
0.2774297 0.6481812
0.3220772 0.6420858
0.3666653 0.6353881
0.411112 0.6274674
0.4555585 0.6195467
0.5 0.6115852
0.5420814 0.6036158
0.5868083 0.598487
0.6315804 0.5938249
0.676369 0.5893906
0.7210305 0.5834367
0.7618614 0.5804499
0.7218626 0.5570209
0.6802467 0.5368728
0.6385967 0.5168851
0.5959592 0.5
0.5533217 0.4874908
0.5112413 0.4688552
0.472126 0.4483004
0.4300699 0.4294951
0.3891094 0.4075183
0.3493783 0.3829973
0.3209538 0.3618162
0.3481971 0.4034851
0.3696871 0.4503809
0.3913068 0.4971926
0.412997 0.5395824
0.4347357 0.5863157
0.4571233 0.6326151
0.4795857 0.6788622
0.5004815 0.7245544
0.5247906 0.7693872
0.552304 0.8116082
0.5820864 0.8515615
0.612846 0.8904296
0.6314541 0.8652222
0.6315758 0.8118326
0.635144 0.7586058
0.638591 0.7053676
0.6424131 0.6521728
0.6476644 0.5991431
0.6565568 0.5468119
0.6628114 0.4983616
0.6694959 0.4456326
0.6779676 0.393237
0.6834466 0.340244
0.6663188 0.3182314
0.6288209 0.3472509
0.589561 0.3732068
0.5510622 0.400707
0.5151071 0.4327443
0.4844966 0.4690274
0.4510747 0.5003435
0.4173144 0.5355906
0.3859696 0.5738531
0.3542302 0.6116354
0.3211719 0.6478096
0.2878576 0.6836452
0.2540849 0.7188756
0.2205231 0.7543857
0.1876464 0.7907786
