0.200185 0.6130529
0.2384827 0.6048552
0.2761159 0.5899246
0.3137395 0.5749455
0.3513557 0.5599295
0.3889402 0.5447555
0.4265247 0.5295815
0.464184 0.5147831
0.5 0.5
0.5376929 0.4912711
0.5753899 0.4766653
0.6132797 0.4631386
0.6513671 0.4507186
0.6895785 0.4391124
0.7279079 0.4282801
0.7666028 0.4204634
0.8013991 0.4159581
0.7638153 0.4030395
0.7259635 0.3893096
0.6878415 0.3771518
0.6498418 0.3642075
0.6112559 0.355527
0.5725895 0.3474326
0.5342106 0.3370025
0.4977671 0.3259133
0.4596969 0.313396
0.4210944 0.3053985
0.3837349 0.2892376
0.3473126 0.2705607
0.371766 0.2896104
0.3949604 0.3339363
0.4154466 0.3809769
0.4357419 0.4281824
0.4562697 0.4751861
0.4768234 0.5162697
0.4975851 0.563064
0.5161785 0.6101185
0.5370961 0.6567227
0.5627016 0.6982156
0.5693276 0.6896062
0.5614516 0.6355069
0.5534612 0.5814643
0.5491446 0.5265679
0.546023 0.4774459
0.5446279 0.422247
0.5436916 0.3670364
0.5436916 0.3118023
0.5466894 0.2567904
0.5532758 0.2026069
0.565308 0.1500547
0.5822604 0.1010532
0.5730628 0.1270089
0.5461647 0.1668482
0.5166115 0.2029981
0.4886825 0.2387823
0.4588075 0.2744012
0.4285303 0.3093346
0.3985046 0.3446965
0.3685117 0.3801073
0.3373703 0.41349
0.3083326 0.4503665
0.2878152 0.4963747
0.2815981 0.5445206
