0.2925934 0.2289757
0.328963 0.2335722
0.3654145 0.2372196
0.4019181 0.2402404
0.4376399 0.2481951
0.4736756 0.2543982
0.510168 0.2580341
0.5467029 0.2612765
0.5832735 0.2641607
0.619768 0.2675776
0.6558369 0.2739782
0.6921502 0.2787653
0.7287671 0.2802926
0.6986914 0.296133
0.6664265 0.3126796
0.634066 0.3290529
0.6009012 0.3439209
0.5677366 0.358789
0.5338711 0.3721665
0.5 0.3855247
0.4659978 0.3985837
0.4318237 0.4112399
0.3976496 0.423896
0.3628397 0.4348901
0.3282732 0.4464391
0.29545 0.4619715
0.2841742 0.453601
0.3048019 0.4249099
0.3270018 0.3972616
0.3489625 0.369441
0.3710471 0.3417214
0.3945403 0.3150399
0.4180333 0.2883585
0.4417279 0.2618372
0.4657347 0.2355759
0.490532 0.2099735
0.5138956 0.1832215
0.536568 0.1559115
0.5560781 0.1265152
0.5762889 0.09755561
0.5976677 0.06933823
0.6143053 0.05540398
0.613436 0.09009448
0.6084821 0.124439
0.5995817 0.1581334
0.59123 0.1919385
0.5848524 0.2261415
0.5792647 0.2604601
0.5742535 0.2948532
0.5633076 0.3280037
0.55561 0.361722
0.5533208 0.3963858
0.5480512 0.4307272
0.5456246 0.4652686
0.5456246 0.5
0.5318918 0.4965114
0.5092661 0.469176
0.4909477 0.4391501
0.4682264 0.4123057
0.4442694 0.3860282
0.4274653 0.3554669
0.4098036 0.3257111
0.3935254 0.2965983
