0.3277964 0.132516
0.3448159 0.1968689
0.3657453 0.2584606
0.3866747 0.3200523
0.4124593 0.3769193
0.4384834 0.4335532
0.4645076 0.490187
0.4865921 0.5496661
0.5029206 0.6106026
0.5246186 0.6715392
0.5433003 0.7348484
0.5444986 0.6919614
0.5444986 0.6221985
0.5500754 0.5533
0.5588157 0.4859649
0.5717935 0.4197128
0.5904185 0.3563339
0.6092487 0.2931266
0.632538 0.2336467
0.6546043 0.1730804
0.6787151 0.1158868
0.6529342 0.1595289
0.616967 0.2007246
0.5795489 0.2382149
0.5397745 0.2696871
0.5 0.3011594
0.4655951 0.3326317
0.4258206 0.364104
0.3849008 0.3917325
0.3439369 0.4192135
0.302973 0.4466944
0.2615705 0.4723695
0.2192902 0.4944305
0.2054241 0.5030689
0.2498084 0.4978259
0.2942134 0.4922239
0.3387808 0.4922239
0.3833481 0.4922239
0.4279155 0.4922239
0.4724655 0.4933634
0.5116129 0.4966817
0.5561298 0.5
0.6006467 0.5022452
0.6451637 0.5055636
0.6892172 0.5155419
0.7331464 0.5273041
0.7770758 0.5390664
0.8200891 0.5562387
0.7940863 0.5102571
0.7578204 0.4707813
0.7203459 0.4333747
0.6804836 0.4021758
0.6406213 0.3709769
0.600759 0.339778
0.5592896 0.3144912
0.5172881 0.2911618
0.4806561 0.2678324
0.4386546 0.2445031
0.3966531 0.2211736
0.3546652 0.1977857
0.3129355 0.1732903
0.2712058 0.1487949
0.2296416 0.1237054
