0.3347532 0.1568273
0.3481533 0.2190162
0.3604943 0.2815543
0.3722136 0.3442971
0.3848228 0.4067444
0.3984095 0.468867
0.4119752 0.5271895
0.4253753 0.5893784
0.4387755 0.6515674
0.4520638 0.7137954
0.4676757 0.7745228
0.4853713 0.7228205
0.5 0.6610888
0.5136815 0.6030933
0.5357508 0.5450978
0.5578201 0.4909098
0.580124 0.4330805
0.6067676 0.3783242
0.6334112 0.3235679
0.6600548 0.2688116
0.6879193 0.2150697
0.7161305 0.1616159
0.7388201 0.1229854
0.6999285 0.1618346
0.657465 0.1965671
0.6114259 0.2225236
0.5648786 0.2472326
0.5183312 0.2719416
0.4801716 0.2966506
0.4315131 0.3129445
0.3824329 0.3275573
0.3333526 0.3421701
0.2842724 0.3567829
0.2344191 0.3657641
0.1843881 0.3734503
0.1715796 0.3858244
0.2158333 0.4166695
0.2611815 0.4447667
0.3067209 0.4723834
0.3522602 0.5
0.3991354 0.5198564
0.446036 0.5434453
0.4929365 0.5670342
0.5314493 0.5906231
0.5789922 0.6119812
0.6266296 0.6330114
0.6742669 0.6540416
0.7219042 0.675072
0.7702074 0.6933379
0.8185368 0.7113585
0.7948972 0.6923662
0.7507316 0.6613265
0.7072603 0.6287016
0.663789 0.5960767
0.6209801 0.5621796
0.5807382 0.5233531
0.5404963 0.4883342
0.5002545 0.4495077
0.4692479 0.409378
0.4321342 0.3657418
0.3950205 0.3221057
0.360761 0.2755326
0.3354585 0.2197435
