0.2597228 0.3273285
0.2981019 0.333107
0.3377457 0.333107
0.3773894 0.333107
0.4170275 0.3336039
0.4566642 0.3342235
0.4963009 0.3348432
0.5147534 0.3357029
0.55438 0.3366686
0.5940009 0.3377788
0.6336209 0.3388855
0.6732646 0.3388855
0.6726117 0.3224794
0.6380424 0.306644
0.6047587 0.2887986
0.5698383 0.2732763
0.5354741 0.256945
0.5018562 0.2395349
0.4899189 0.2215121
0.4580383 0.2019868
0.4259998 0.1826406
0.3938854 0.1633802
0.3582613 0.1509582
0.3360332 0.1659914
0.3333016 0.1987609
0.3340846 0.2313954
0.3419029 0.2635686
0.3563987 0.2941431
0.3728009 0.3239222
0.393812 0.3517783
0.4164392 0.3787231
0.4400032 0.4051397
0.4658118 0.4300692
0.4924355 0.4543679
0.5 0.4769928
0.528292 0.5
0.5407397 0.4960798
0.5407397 0.4632305
0.5407397 0.4303812
0.5451185 0.3977853
0.5506285 0.3652549
0.5561386 0.3327245
0.5628704 0.3003749
0.5712919 0.2682753
0.5797134 0.2361758
0.5899247 0.204454
0.6010606 0.1729273
0.6134204 0.1418213
0.6324824 0.1130186
0.6518292 0.08436182
0.6770279 0.06151757
0.6618611 0.09071571
0.6406332 0.1184048
0.615868 0.1440558
0.5907514 0.1694699
0.5654758 0.1947768
0.5373048 0.2176106
0.5060119 0.2377781
0.4958963 0.2579456
0.4644395 0.2779291
0.431962 0.2967669
0.3994846 0.3156047
0.3659754 0.3331575
0.3341092 0.3504425
