0.1171454 0.6305328
0.1630641 0.6162038
0.2103654 0.6098358
0.2575961 0.602768
0.3046882 0.5942798
0.3521223 0.5898569
0.3995897 0.5859582
0.447113 0.5832932
0.4945352 0.5790753
0.5238468 0.5719242
0.571136 0.5655153
0.618566 0.5609119
0.665867 0.5546334
0.7131889 0.5487714
0.7511504 0.5332676
0.7286277 0.4956993
0.6950125 0.4534804
0.6614792 0.4110051
0.6251411 0.3723259
0.5858291 0.3385299
0.5459838 0.3057427
0.5037201 0.2782752
0.4760965 0.2627098
0.429333 0.2517031
0.3818249 0.2508618
0.3887416 0.2916166
0.4051429 0.3479567
0.4220275 0.4040606
0.4399318 0.4596674
0.4590335 0.5
0.478118 0.5549781
0.4971661 0.6099726
0.5 0.6639798
0.5221071 0.7170994
0.5476273 0.7677063
0.5761033 0.8156968
0.6055938 0.8146411
0.6092261 0.7547983
0.6138357 0.6950766
0.6198941 0.6355452
0.6256183 0.5759609
0.6325352 0.5165859
0.6399071 0.4719249
0.6462616 0.4124512
0.6537196 0.3532918
0.6657194 0.2952226
0.6770667 0.2370251
0.6854312 0.1784065
0.6595629 0.2007383
0.6215119 0.236756
0.5843808 0.2742153
0.5489615 0.3142816
0.5124235 0.3526874
0.4932978 0.3903399
0.4585966 0.4313344
0.4244756 0.4731557
0.3903305 0.5003116
0.3561799 0.5420945
0.3215423 0.5832338
0.2869613 0.6244459
0.2533241 0.6668867
0.2206502 0.7104952
0.1891717 0.7550464
