0.230219 0.6398245
0.27083 0.6306118
0.3122119 0.627012
0.3536719 0.6247895
0.3951408 0.6229904
0.4366478 0.6229904
0.4781548 0.6229904
0.518962 0.6226275
0.5602878 0.618266
0.6017287 0.6166776
0.643212 0.6155001
0.6846642 0.6131135
0.7202309 0.603098
0.6841005 0.5823787
0.6452048 0.5660726
0.6064751 0.549336
0.566801 0.5356167
0.5274526 0.5207481
0.4891892 0.5046303
0.4527504 0.4830877
0.4159133 0.4615577
0.3792237 0.4397185
0.3456891 0.4129236
0.3413937 0.3988489
0.3631763 0.4380987
0.3824928 0.4794268
0.3989962 0.5214684
0.4141618 0.5649506
0.4288657 0.6086451
0.444281 0.6520294
0.4600123 0.6952676
0.4761194 0.7383322
0.492782 0.7811245
0.5073862 0.8245326
0.5224746 0.8680514
0.5419076 0.9070646
0.5551092 0.8641282
0.5659171 0.8190239
0.5785419 0.7745737
0.5927266 0.7306606
0.6073084 0.6869152
0.6222675 0.643329
0.6390395 0.6006804
0.6586648 0.559507
0.6787971 0.5186579
0.7001523 0.4794228
0.7200036 0.4384052
0.7375583 0.3960925
0.72462 0.3793121
0.6869118 0.3987206
0.6497789 0.4195367
0.6129794 0.4411507
0.575717 0.4616897
0.5378515 0.4808283
0.5 0.5
0.4637332 0.5204503
0.4267817 0.541733
0.3908176 0.5650393
0.3552176 0.5890259
0.3222016 0.617344
0.2915786 0.6488467
0.2644758 0.6841912
0.238095 0.7202203
0.2096581 0.7513498
