0.3458585 0.1314364
0.3514812 0.1822199
0.3634933 0.2319131
0.3765318 0.2812821
0.3902219 0.3304068
0.4052172 0.3790423
0.4202124 0.4276778
0.4352077 0.4763134
0.4539271 0.5194031
0.4733964 0.565915
0.4945699 0.6112696
0.517938 0.6531252
0.5316951 0.6311442
0.539773 0.5804271
0.550406 0.5303081
0.5610389 0.4839672
0.5716718 0.4338482
0.5869421 0.3854556
0.6040969 0.3377646
0.6212516 0.2900735
0.6384064 0.2423825
0.6565372 0.1952158
0.677618 0.1496337
0.6991838 0.1043571
0.7098339 0.1083994
0.6824837 0.1473337
0.6500896 0.1831801
0.6135181 0.2130045
0.5756787 0.2410012
0.5378394 0.2689979
0.5 0.2969947
0.4650261 0.3247952
0.4238101 0.3456284
0.3825941 0.3664616
0.3413782 0.3872948
0.3001623 0.4081279
0.2568455 0.4222029
0.2133976 0.4358559
0.1942768 0.444616
0.2390046 0.4508221
0.2835751 0.4582306
0.3279286 0.4672972
0.3722821 0.4763637
0.416763 0.4845473
0.4613097 0.4922737
0.5028986 0.5
0.5475989 0.5024233
0.5925128 0.5065038
0.6374268 0.5105843
0.6823902 0.5132353
0.7274365 0.513032
0.743865 0.4951675
0.7128307 0.4578397
0.6764774 0.4273719
0.640124 0.396904
0.6037707 0.3664362
0.567206 0.3363029
0.530543 0.3063251
0.496838 0.2763472
0.4600646 0.2465489
0.4230786 0.2170958
0.3860925 0.1876426
0.3499364 0.1568944
