0.3758765 0.1829721
0.3951156 0.2142457
0.4229861 0.2354776
0.4538728 0.249269
0.4852264 0.2614083
0.5123292 0.2665739
0.5447391 0.2723562
0.5764513 0.2828802
0.6086309 0.2902672
0.641171 0.2952346
0.6733649 0.3029588
0.7057519 0.3088844
0.7345564 0.317704
0.7076709 0.3378248
0.6810843 0.361963
0.6501507 0.3757361
0.6187028 0.3873528
0.5869688 0.3977709
0.5552896 0.4084505
0.5236708 0.4194205
0.4974714 0.4305154
0.4660296 0.4422795
0.4345879 0.4540437
0.403235 0.4661838
0.3719107 0.478445
0.3405865 0.4907061
0.3084553 0.4989125
0.2983786 0.4971149
0.3176609 0.463681
0.3358693 0.4290753
0.3559443 0.3961907
0.3768173 0.3640475
0.3982551 0.3325173
0.4199062 0.3012183
0.44179 0.2701851
0.4639359 0.2394515
0.4862027 0.2088616
0.5034137 0.1786706
0.5263842 0.1489497
0.550211 0.1203228
0.5731244 0.09054077
0.5956762 0.06029472
0.6080194 0.05843082
0.6005946 0.09902558
0.5913683 0.1388901
0.5794256 0.1777158
0.567483 0.2165415
0.5559053 0.2555229
0.5470321 0.2956581
0.5381588 0.3357933
0.5316626 0.3766402
0.5251206 0.4174887
0.5192215 0.4583572
0.5185945 0.5
0.5121362 0.4973736
0.5 0.4588356
0.4885653 0.4232064
0.4695508 0.3892486
0.4506072 0.3552267
0.431581 0.3212797
0.4123924 0.2874806
0.3921344 0.254716
0.3720909 0.221736
0.3581169 0.1857967
