0.3074512 0.06705713
0.3349944 0.09531152
0.3655416 0.1194609
0.3979588 0.1404638
0.4310147 0.1602114
0.4638799 0.1803503
0.4969062 0.2001507
0.5255483 0.2192763
0.5601575 0.2351153
0.5955949 0.2487946
0.6311285 0.262127
0.6673076 0.2731302
0.7038767 0.2822523
0.7408905 0.2882038
0.7262312 0.2554205
0.6945469 0.2372281
0.6591735 0.2495719
0.6257017 0.2683836
0.593088 0.2890255
0.5604815 0.3096815
0.5278875 0.3303617
0.5 0.351042
0.468214 0.3731238
0.4378131 0.3976081
0.4071779 0.4217193
0.3761472 0.4452004
0.3466034 0.4709298
0.3196687 0.5
0.3150691 0.490762
0.3330387 0.4540693
0.3510701 0.4174023
0.3697588 0.3811559
0.3890526 0.3452969
0.4092798 0.3100844
0.4290347 0.2745469
0.4482737 0.2386599
0.4703996 0.204896
0.4902719 0.1695186
0.5043929 0.1333661
0.5243737 0.09797794
0.5432578 0.06185415
0.5613102 0.06468195
0.5651585 0.106094
0.5668923 0.1478651
0.5681176 0.1896607
0.5691189 0.2314633
0.5691189 0.2732818
0.5691189 0.3151003
0.5691189 0.3569188
0.5691189 0.3987373
0.5691189 0.4405558
0.5737714 0.4786349
0.5687271 0.4380384
0.5600246 0.3973618
0.550202 0.3570118
0.536203 0.3183186
0.5163395 0.2831209
0.4974522 0.2506546
0.473326 0.2186488
0.449324 0.1865206
0.4249067 0.1547962
0.3989349 0.1246631
0.3729751 0.09461513
0.3546566 0.07457688
