0.2084237 0.5782927
0.2549003 0.5678719
0.3023188 0.5646979
0.3497594 0.5621014
0.3971362 0.5580565
0.4445886 0.5558598
0.4920653 0.5548891
0.5380324 0.5549865
0.5854397 0.5584387
0.6328416 0.5620031
0.6802385 0.5656702
0.7276719 0.5678911
0.7751223 0.569436
0.8137841 0.5599735
0.7702217 0.5366585
0.7257907 0.515903
0.6809607 0.4996537
0.6361209 0.4803198
0.5916552 0.4596776
0.5472858 0.438743
0.5038369 0.4150134
0.4617868 0.3916307
0.4180689 0.3686706
0.3754259 0.342828
0.3341495 0.3138037
0.2944126 0.2821978
0.2702569 0.2622075
0.3008496 0.3049024
0.3299946 0.3512041
0.3601179 0.3966524
0.388559 0.4436832
0.4158628 0.491784
0.4438761 0.5361283
0.4723698 0.5831596
0.5 0.63097
0.5240064 0.6804714
0.5484081 0.7308998
0.5788817 0.773323
0.6015346 0.7278964
0.6097533 0.669998
0.6205902 0.6127661
0.6277497 0.5546514
0.6364173 0.5
0.6464972 0.4425514
0.6555615 0.3848431
0.6654249 0.3273472
0.6763018 0.2701209
0.6836692 0.2120631
0.6878765 0.1535505
0.6657276 0.1275498
0.6314138 0.1677093
0.5970986 0.2082792
0.5605012 0.2457435
0.5239038 0.2832077
0.4889077 0.3207924
0.4526244 0.358722
0.4163411 0.3966517
0.3792387 0.433328
0.3417023 0.4693406
0.3038507 0.5017166
0.265555 0.5364824
0.2278827 0.5722698
0.1907228 0.6086724
0.1664122 0.6589049
