0.7479107 0.3687688
0.7208726 0.3391467
0.6951809 0.3083237
0.6698469 0.2771818
0.6431147 0.2473663
0.6143406 0.2194881
0.5851725 0.1920417
0.5557072 0.1649211
0.5236282 0.1411778
0.4972778 0.1190119
0.4608181 0.1029393
0.4243769 0.08682653
0.3883236 0.07015863
0.3912202 0.1028171
0.3933915 0.1431779
0.3954248 0.1835449
0.3985935 0.2238396
0.4015665 0.2641493
0.4043975 0.3044699
0.4125096 0.3439497
0.4219251 0.3832218
0.4314204 0.4224735
0.4414505 0.4615878
0.4536966 0.5
0.4675702 0.5368185
0.4824716 0.5742508
0.4930274 0.5823506
0.4984828 0.5423366
0.5 0.5028105
0.5083258 0.4643371
0.5188354 0.4254937
0.5337643 0.3880318
0.5486932 0.3505699
0.5655735 0.3139913
0.5829341 0.2776302
0.6012608 0.2417969
0.6214755 0.2069953
0.6379477 0.1703932
0.6219574 0.1460642
0.5825083 0.1476988
0.5452227 0.1616734
0.5109337 0.1818665
0.4835317 0.202415
0.4490216 0.2224528
0.4144292 0.2423434
0.3800221 0.2625592
0.3458553 0.2831969
0.3115542 0.3035786
0.2756785 0.320958
0.2445859 0.3383061
0.2826924 0.3491791
0.321819 0.3561586
0.3614376 0.3592589
0.4010561 0.3623592
0.4406519 0.3657391
0.4802314 0.3693182
0.5130025 0.3728973
0.5526809 0.3748013
0.592397 0.376064
0.6321132 0.3773266
0.6718295 0.3785892
0.7114496 0.3814538
0.751022 0.3851135
