0.3251229 0.2187547
0.3368744 0.2743602
0.3537236 0.3271952
0.3705727 0.3800302
0.387157 0.4330401
0.4036865 0.4860862
0.420216 0.5249387
0.4361202 0.5783827
0.4519586 0.6318686
0.4649404 0.6869263
0.478389 0.7417501
0.490791 0.7214692
0.5 0.6648251
0.5064198 0.6106737
0.5220593 0.5570653
0.5383265 0.5038754
0.5563077 0.4660215
0.574289 0.4139739
0.5922701 0.3619264
0.6113423 0.3108546
0.5801033 0.3298423
0.5432109 0.3529795
0.5058088 0.3742781
0.4761676 0.3944643
0.4384571 0.4146505
0.4007466 0.4348367
0.3628735 0.4543649
0.32487 0.4733654
0.2868666 0.4923659
0.2496516 0.5
0.2131833 0.5245048
0.2346427 0.5177196
0.2747414 0.5160946
0.3148735 0.5196507
0.3550055 0.5232068
0.3951376 0.5267628
0.4352697 0.5303189
0.4751889 0.5360457
0.5063504 0.5487917
0.5455812 0.5615377
0.5848121 0.5742838
0.6240429 0.5870298
0.6632738 0.5997759
0.7011841 0.6191458
0.7390765 0.6386054
0.7769688 0.658065
0.813439 0.6821321
0.8335457 0.6935464
0.8044734 0.6534443
0.7728909 0.6174316
0.7412946 0.5814463
0.7079246 0.5489854
0.6745546 0.5165244
0.6411846 0.498257
0.6079029 0.4656103
0.5750648 0.4320323
0.5422267 0.3984542
0.5093886 0.3648762
0.4846198 0.3312982
0.4517817 0.2977202
0.4207481 0.2612554
0.3943847 0.2173193
0.3680214 0.1733832
0.3440362 0.127512
