0.156136 0.52986
0.1944366 0.52986
0.232726 0.5301799
0.2707742 0.5373847
0.3090233 0.5388545
0.3473239 0.5388545
0.3856239 0.5387646
0.423918 0.5376008
0.462212 0.5364369
0.5 0.5352731
0.538294 0.5341093
0.576588 0.5329455
0.6147469 0.5276722
0.6528949 0.5220656
0.6910428 0.5164591
0.7292393 0.5118737
0.7674254 0.5071072
0.8054729 0.5
0.7756209 0.4761969
0.7405674 0.4514269
0.7028958 0.4400976
0.6657388 0.4248525
0.6285818 0.4096074
0.5914247 0.3943624
0.5547315 0.3765584
0.5186059 0.3556904
0.4834309 0.3328874
0.4487516 0.3062082
0.4145727 0.2779204
0.3992519 0.2721902
0.4112689 0.3313716
0.4211178 0.3921086
0.4313697 0.4526717
0.4414472 0.503813
0.4520624 0.5642042
0.464242 0.6237095
0.4798817 0.6810544
0.4982719 0.7361388
0.5177124 0.7897979
0.5442845 0.8349063
0.5721532 0.8629842
0.5721532 0.8001273
0.5721532 0.7372702
0.5721532 0.6744132
0.573441 0.6115939
0.5772607 0.5491353
0.5824139 0.4963551
0.5867931 0.4339106
0.5898474 0.3712538
0.5961689 0.3093137
0.6042241 0.2478779
0.5921705 0.2226423
0.55871 0.2531016
0.5248324 0.2824244
0.4914888 0.3118344
0.45817 0.3428217
0.4249779 0.3741851
0.390159 0.4003648
0.3551989 0.4260083
0.3195505 0.4489921
0.2834072 0.4697372
0.2470721 0.4896143
0.2110309 0.5013045
