0.2349374 0.5796859
0.2744793 0.5556634
0.3143647 0.5334156
0.3550806 0.5154583
0.3961675 0.5
0.4373581 0.4875827
0.4791317 0.4782715
0.5104048 0.4689602
0.5524197 0.463349
0.5945274 0.4613426
0.6366832 0.4613426
0.678839 0.4613426
0.7209521 0.4641527
0.7630773 0.4661681
0.8052331 0.4661681
0.8361459 0.4608414
0.7958671 0.4408552
0.7550053 0.4238259
0.7138015 0.4093304
0.6723979 0.3962972
0.631497 0.3795181
0.5906284 0.3625305
0.5499581 0.3442968
0.5093319 0.3258092
0.4794754 0.3057816
0.439015 0.2863644
0.3981743 0.2691899
0.3573564 0.2518703
0.3157191 0.2424229
0.2742615 0.2321344
0.2888117 0.2774952
0.3168 0.3293155
0.3456181 0.3798512
0.3759451 0.4279857
0.4065904 0.4755712
0.4375136 0.5203661
0.4691796 0.5661113
0.5 0.6133724
0.5207651 0.659828
0.5510175 0.7079654
0.5809722 0.7566285
0.5912043 0.7442055
0.5831206 0.6763222
0.5748998 0.6084558
0.5685611 0.5399466
0.562009 0.4738082
0.562009 0.4045094
0.562009 0.3352106
0.56279 0.2659546
0.5661561 0.1968977
0.5754479 0.1298569
0.5769652 0.1345598
0.5507932 0.188807
0.5210966 0.2376802
0.4999116 0.283389
0.4676378 0.3279175
0.4341509 0.370013
0.4004688 0.4116476
0.3648438 0.4486976
0.3291479 0.4855539
0.2925464 0.517643
0.2553945 0.5503637
0.2175819 0.5809783
