0.3094431 0.08541328
0.3299782 0.1182673
0.3486276 0.1571472
0.3673089 0.1959924
0.3860113 0.2348141
0.4051228 0.2731818
0.4241777 0.3116132
0.443157 0.3501295
0.4616843 0.3891246
0.479353 0.4290295
0.5 0.4655285
0.5210847 0.5
0.5336815 0.4941875
0.5412804 0.4476692
0.5504982 0.4017617
0.5597802 0.3558872
0.5711196 0.3110695
0.582459 0.2662517
0.5934837 0.2212583
0.6043023 0.1761496
0.6167161 0.1320482
0.6304489 0.08877671
0.6357427 0.05582917
0.6100321 0.08393773
0.582234 0.1073456
0.5553612 0.1330939
0.5284884 0.1588423
0.5007063 0.1822908
0.4738998 0.205582
0.4465297 0.2300977
0.4193504 0.2551063
0.3923975 0.2806538
0.3657379 0.3068997
0.3395069 0.3340994
0.3130082 0.3606834
0.2864583 0.38714
0.3107306 0.3908976
0.3425832 0.3908976
0.3744358 0.3908976
0.4062884 0.3908976
0.438141 0.3908976
0.4698832 0.3880615
0.50048 0.3824578
0.5321144 0.3768542
0.5638849 0.3737657
0.5957046 0.371588
0.6274859 0.3685805
0.6591977 0.364076
0.6909095 0.3595715
0.7226593 0.3557977
0.7295915 0.3487724
0.6982159 0.3408769
0.6673405 0.3290933
0.6365831 0.3166251
0.6069031 0.299481
0.577796 0.2800908
0.5505557 0.2552332
0.5233158 0.2303747
0.4978505 0.2037715
0.4710476 0.1778755
0.4431752 0.1549238
0.4136488 0.1369374
0.3834029 0.1232533
0.3558668 0.1138906
