0.2955381 0.1367802
0.325211 0.1602962
0.3585435 0.1805219
0.3939357 0.1984617
0.4281928 0.2178028
0.4635453 0.2357225
0.5 0.2522017
0.5337552 0.2681624
0.5714176 0.2827387
0.6109434 0.2934903
0.6498405 0.3055438
0.687991 0.3192099
0.7267252 0.3317842
0.7159886 0.3408369
0.6744095 0.3433805
0.6329147 0.3468362
0.5921214 0.3537799
0.5511708 0.3601638
0.510051 0.3658626
0.4720681 0.3720361
0.4308227 0.3770324
0.3894935 0.3816209
0.3482295 0.3865895
0.3071004 0.3922194
0.2841186 0.3922737
0.3013057 0.3616356
0.3240857 0.3332624
0.3471996 0.3050422
0.3703094 0.2768456
0.3982149 0.2516452
0.4255981 0.2260744
0.4525432 0.2001927
0.4794883 0.1743112
0.5060768 0.1505402
0.5367641 0.1275937
0.5654948 0.1030135
0.5940239 0.07827944
0.6230676 0.05435926
0.6226002 0.08053219
0.622238 0.1144196
0.622238 0.1483232
0.622238 0.1822269
0.6221311 0.2161292
0.6208282 0.2500164
0.6193855 0.2838993
0.6175736 0.317771
0.6157616 0.3516427
0.6130136 0.3854685
0.6088821 0.4191714
0.6010768 0.4524763
0.596197 0.4861468
0.5793204 0.5
0.5531271 0.4736598
0.528733 0.4461577
0.504487 0.4185691
0.4830703 0.3911005
0.4582303 0.3638719
0.4319255 0.3375587
0.4056207 0.3112456
0.379819 0.2846065
0.3550001 0.2574144
0.3336474 0.2282966
0.310015 0.2003585
0.2884729 0.1731507
