0.1430994 0.5566221
0.1870458 0.5444499
0.2313656 0.5350056
0.2757708 0.5263919
0.3205895 0.5234593
0.3654081 0.5205265
0.4102658 0.5191948
0.45513 0.5181304
0.5 0.5179589
0.5391065 0.5179589
0.5839776 0.5179589
0.6288487 0.5179589
0.6735407 0.5211269
0.71789 0.5303538
0.7622241 0.5397139
0.7983468 0.5393385
0.767549 0.4979631
0.7314778 0.4620093
0.6923058 0.4324442
0.6523565 0.404832
0.6118213 0.3788294
0.5706038 0.3550029
0.5280349 0.3358164
0.4906042 0.3193875
0.447409 0.3029586
0.4043773 0.285773
0.3613483 0.2685713
0.3273479 0.2609192
0.3506398 0.3124317
0.3752377 0.363148
0.4012076 0.4126213
0.4279653 0.4613319
0.4543791 0.5077891
0.4807287 0.5569049
0.5015504 0.6057858
0.5276791 0.6550859
0.5518084 0.7062395
0.5742448 0.7587868
0.5999246 0.808243
0.6160192 0.7720628
0.6169764 0.7114208
0.6157641 0.6507628
0.6145967 0.5901033
0.6138397 0.5294362
0.6144997 0.4713744
0.6168581 0.4107781
0.6219648 0.3505006
0.6265817 0.2901518
0.6306853 0.2297378
0.6367482 0.1696146
0.641889 0.1498258
0.6149514 0.1982742
0.5813955 0.2378833
0.5449971 0.2733691
0.5067506 0.3049923
0.4736629 0.3353492
0.4342119 0.3642551
0.3944879 0.3924599
0.3543539 0.4195969
0.3149135 0.4485118
0.2752195 0.4767168
0.2348344 0.5
0.1947806 0.5263113
0.1685131 0.5716571
