0.1591461 0.6424181
0.1979684 0.6424181
0.2367791 0.6420559
0.2754318 0.6367925
0.314041 0.6309169
0.352615 0.6245502
0.3912426 0.6189735
0.4299308 0.6142907
0.4686022 0.6093509
0.5 0.6033859
0.5386044 0.5974208
0.5771793 0.5910644
0.6157533 0.5846977
0.6543481 0.5786029
0.6929714 0.5730454
0.7317602 0.5707075
0.7530979 0.5568875
0.723932 0.5199009
0.6891168 0.4982043
0.6530363 0.4773921
0.616851 0.4569948
0.581602 0.433365
0.5458304 0.4114829
0.51077 0.3875746
0.4844185 0.3592243
0.4505401 0.3316929
0.4170779 0.303115
0.3822831 0.2785636
0.3621192 0.3025493
0.3588455 0.3585329
0.3673417 0.4134625
0.37951 0.4669595
0.3980004 0.5138982
0.4181694 0.5620538
0.4398761 0.6087031
0.4644598 0.652345
0.4894605 0.6954837
0.5072892 0.7385805
0.5339782 0.7795238
0.5597591 0.8216514
0.5834857 0.8658123
0.5853143 0.8197867
0.5853143 0.7633988
0.5853143 0.7070109
0.5874046 0.6507577
0.5908419 0.5945913
0.5958684 0.5387305
0.6026152 0.4858433
0.6087185 0.430158
0.6161814 0.37491
0.6267493 0.3206533
0.6392453 0.2672966
0.6209175 0.2826024
0.5937213 0.3228345
0.5662106 0.362429
0.5351528 0.3962617
0.5054871 0.4325967
0.4828193 0.4685626
0.45189 0.5
0.4209919 0.5341399
0.3893027 0.5666142
0.3580487 0.599818
0.328584 0.6365295
0.2944621 0.653042
