0.449229 0.1621233
0.4761543 0.1727074
0.5031028 0.1846995
0.5303567 0.1969207
0.5574514 0.2098382
0.5853457 0.2184358
0.6113372 0.2353371
0.6388296 0.2455625
0.6667818 0.2537471
0.6951842 0.2565067
0.684233 0.2734146
0.6597301 0.2946473
0.6339365 0.3123131
0.6072457 0.3269668
0.580555 0.3416205
0.5533569 0.3540217
0.525948 0.3654869
0.4989332 0.377137
0.4718903 0.3903344
0.4448474 0.4035318
0.417753 0.4164748
0.3901704 0.4270093
0.3625877 0.4375438
0.3349859 0.4479685
0.3073313 0.4580904
0.2799114 0.4693546
0.2580034 0.4889031
0.2828528 0.479353
0.3055185 0.4540466
0.3281259 0.4286283
0.3504298 0.4026492
0.3722567 0.3758064
0.3938605 0.3485877
0.4150486 0.3206693
0.4362368 0.2927509
0.458098 0.2659702
0.4798434 0.2390072
0.5 0.2094969
0.5194985 0.1795564
0.539097 0.1492534
0.5592536 0.1197432
0.5801991 0.09143934
0.6017584 0.0642716
0.6079659 0.06246412
0.5991826 0.1021465
0.587045 0.1399081
0.5750875 0.1777925
0.5635709 0.2159488
0.5534612 0.2549697
0.5439029 0.2942727
0.535215 0.334021
0.5302085 0.3750272
0.5278398 0.4165619
0.5269134 0.4582662
0.5269134 0.5
0.5210533 0.4640184
0.5150805 0.4232111
0.506596 0.3833701
0.5038657 0.3418325
0.4986876 0.3009683
0.49086 0.2608595
0.483786 0.2204372
0.4793919 0.1792541
0.4746766 0.1397697
