0.6085773 0.3291852
0.5835555 0.3068844
0.5585337 0.2845836
0.5330545 0.2629628
0.5071373 0.2419931
0.4908183 0.220776
0.4652695 0.199243
0.439603 0.177889
0.4137752 0.1567806
0.3863264 0.1386685
0.357762 0.1226188
0.3306883 0.1037865
0.3418822 0.1255158
0.3594429 0.155436
0.3744762 0.1870995
0.389557 0.2187343
0.4046379 0.2503691
0.4219948 0.2804866
0.4394718 0.310524
0.4538303 0.3425396
0.4676846 0.374875
0.4809057 0.4075418
0.4957198 0.4392066
0.5025826 0.4698032
0.5187696 0.5
0.5217613 0.4706564
0.5262541 0.4352669
0.5336143 0.4003446
0.5409745 0.3654225
0.5503078 0.3311135
0.5599603 0.2969037
0.5696127 0.2626938
0.5804866 0.2289509
0.5914005 0.1952233
0.603619 0.16209
0.6166826 0.1293415
0.6274756 0.09568763
0.629493 0.06471851
0.6043226 0.08635393
0.5793847 0.1087731
0.5554031 0.1324712
0.530751 0.155242
0.5052022 0.1767749
0.488582 0.1974927
0.461832 0.2170973
0.4346204 0.2358634
0.4070693 0.2540129
0.37908 0.2712242
0.3499228 0.2858115
0.3201834 0.2988536
0.340768 0.3057297
0.3726678 0.3074367
0.4045174 0.3100727
0.4363614 0.3127914
0.4681807 0.3158563
0.5 0.3189212
0.5224764 0.3195313
0.5544124 0.3195313
0.5863484 0.3195313
0.6182844 0.3195313
0.6502204 0.3195313
0.6821565 0.3195313
0.7140925 0.3195313
0.7460285 0.3195313
