0.3789777 0.1895722
0.3933695 0.2534385
0.4100802 0.3161366
0.427982 0.378098
0.447518 0.439049
0.4670539 0.5
0.4865899 0.5495914
0.506256 0.6100574
0.52657 0.6704695
0.5473452 0.7305368
0.5693926 0.789653
0.5898909 0.839357
0.5956619 0.7726697
0.604492 0.7067332
0.6146163 0.6411294
0.6247405 0.5755255
0.6370593 0.5108377
0.6524657 0.4587985
0.6678721 0.3953997
0.6856007 0.3334327
0.7094864 0.2766539
0.6795022 0.3155747
0.6422765 0.3555366
0.6018674 0.3881974
0.561078 0.4199857
0.5202886 0.451774
0.4800693 0.4835623
0.4392799 0.503991
0.3957149 0.525973
0.3513253 0.5450419
0.3069356 0.5641106
0.262546 0.5831794
0.216994 0.5936384
0.1709332 0.6003282
0.1327987 0.5996935
0.1764359 0.585861
0.2226363 0.5816672
0.2689251 0.5815842
0.3152157 0.5815842
0.3614985 0.5818929
0.4076657 0.5867992
0.4538328 0.5917054
0.5 0.5966117
0.545597 0.601518
0.5915868 0.6088325
0.6374238 0.618221
0.6832608 0.6276095
0.7290978 0.6369979
0.7744946 0.6490024
0.8007742 0.6593311
0.7614362 0.623895
0.7222449 0.5881162
0.6829602 0.5525638
0.6427687 0.5192075
0.6025773 0.4972109
0.5633161 0.4617133
0.5252843 0.4233857
0.4878227 0.3850582
0.4496397 0.347061
0.4105861 0.310966
0.3715325 0.274871
0.335289 0.2342283
0.3123029 0.1821708
0.3585935 0.1821708
