0.2606707 0.3143325
0.2948606 0.3143325
0.3290505 0.3143325
0.3632404 0.3143325
0.3974303 0.3143325
0.4316202 0.3143325
0.4658101 0.3143325
0.5 0.3143325
0.5291719 0.3143325
0.5632949 0.316521
0.5973936 0.319503
0.6314924 0.322485
0.6656734 0.322777
0.6946532 0.3185611
0.678091 0.2829442
0.6575004 0.2504299
0.635702 0.2189492
0.613499 0.1879454
0.5874722 0.1614471
0.5614454 0.1349488
0.5324474 0.1138164
0.5018671 0.09554186
0.4762267 0.07750687
0.4433523 0.06628099
0.4097813 0.06099945
0.378881 0.07453179
0.3636884 0.109673
0.3619418 0.1503293
0.363776 0.1908013
0.3755956 0.2291448
0.3904217 0.2658997
0.4061953 0.3021541
0.4256625 0.3356575
0.4463969 0.3681176
0.4690176 0.3987582
0.4931058 0.4276972
0.5130441 0.4556278
0.5380982 0.4834331
0.555236 0.5
0.5606656 0.4597476
0.5685847 0.4199958
0.578558 0.3809133
0.5887316 0.3419043
0.6001367 0.3033818
0.6115417 0.2648594
0.6229467 0.2263369
0.6343517 0.1878145
0.6468241 0.1498163
0.6610341 0.1127056
0.6654474 0.07236487
0.6365463 0.07042593
0.6039434 0.08273107
0.572345 0.0983102
0.5408153 0.114113
0.5093776 0.130174
0.4830141 0.146393
0.4516327 0.162612
0.4200859 0.1783644
0.3885084 0.1940303
0.3569309 0.2096963
0.3253534 0.2253623
0.2956844 0.245591
0.2666067 0.2669977
