0.1344497 0.6380432
0.1779152 0.6124296
0.2265512 0.5970229
0.2761085 0.5857562
0.3263795 0.5788026
0.3766643 0.5719733
0.4269778 0.5654373
0.477441 0.5604737
0.526273 0.5562164
0.5768571 0.5531067
0.6274824 0.5509719
0.6781086 0.5488579
0.7287678 0.548683
0.77943 0.548683
0.7835116 0.5342704
0.7434415 0.5
0.7020032 0.487856
0.6598392 0.4568046
0.6158521 0.4289905
0.5716092 0.4016789
0.524956 0.3803312
0.4788586 0.3616863
0.4311411 0.3429021
0.3827277 0.3263879
0.3353641 0.3068012
0.3064269 0.2906762
0.3315832 0.3388904
0.3555193 0.3882408
0.3820499 0.4359613
0.4091368 0.4832686
0.4323727 0.5129958
0.4578178 0.561459
0.4828717 0.6101792
0.5046137 0.659862
0.526346 0.7105027
0.5488502 0.7607204
0.5753482 0.7895148
0.5903326 0.736368
0.6038876 0.6823621
0.6152724 0.6277612
0.6266803 0.5731525
0.6392636 0.5188482
0.651823 0.484627
0.6642542 0.430281
0.6759302 0.3757292
0.6870365 0.3210342
0.6977987 0.2662528
0.7082203 0.2113911
0.7251731 0.1588652
0.6987572 0.1952982
0.6617293 0.233475
0.6226995 0.2692177
0.5836696 0.3049603
0.5423828 0.337082
0.5 0.364754
0.455787 0.3921255
0.4115345 0.4194192
0.3672172 0.4465788
0.3221498 0.4721878
0.2771375 0.4979146
0.2340654 0.5069086
0.2041708 0.5493439
0.1840308 0.6003886
0.1639943 0.6511198
