0.386679 0.1762768
0.4095786 0.2092015
0.4356901 0.2393163
0.4616874 0.2695051
0.4893755 0.2979031
0.5156103 0.3247881
0.5456302 0.3501642
0.580373 0.3666412
0.6159421 0.3808548
0.6524482 0.3916349
0.6899734 0.3955072
0.7278476 0.3955072
0.7601072 0.3830189
0.7233588 0.3841572
0.685962 0.3905749
0.6488243 0.3987091
0.6114334 0.4053363
0.574087 0.4122579
0.5367956 0.4194921
0.5 0.4293541
0.4658496 0.43932
0.4292873 0.450179
0.3928972 0.4616747
0.3568776 0.4745388
0.3210295 0.4879469
0.2850773 0.5
0.2773516 0.4959487
0.3004715 0.4629964
0.3230386 0.4295851
0.3461591 0.3966978
0.3718484 0.3661154
0.3965237 0.3345612
0.4206006 0.3024336
0.4450966 0.2706951
0.4699016 0.2392434
0.4947065 0.2077917
0.5168906 0.17634
0.5416956 0.1448884
0.5668397 0.1137639
0.5907599 0.08150554
0.6088234 0.0729821
0.6010851 0.1136981
0.5931421 0.1543829
0.5827671 0.1943835
0.5721673 0.2343241
0.5631449 0.2747457
0.5541224 0.3151674
0.5451355 0.3555986
0.5361609 0.3960331
0.5268081 0.4363633
0.5174222 0.4766847
0.5086138 0.5162328
0.5041113 0.5574432
0.5012801 0.5551996
0.4952121 0.5147151
0.4841034 0.4758433
0.472397 0.4362614
0.4614808 0.3964301
0.452295 0.3560529
0.4408421 0.3163903
0.4253909 0.2784872
0.4105834 0.2426921
0.3998961 0.2052727
0.3760863 0.1820973
