0.3437018 0.09224251
0.3662531 0.123397
0.3925923 0.1490783
0.421308 0.1696446
0.4518526 0.185655
0.4828353 0.200098
0.5030437 0.2137305
0.5347978 0.2247688
0.5669353 0.233981
0.5990729 0.2431935
0.6315984 0.2495897
0.6642203 0.2546726
0.6971178 0.2546726
0.7300153 0.2546726
0.7326052 0.2573752
0.7014525 0.2710079
0.6701195 0.2841019
0.6386093 0.2964894
0.6083146 0.3132646
0.5780089 0.330017
0.5469584 0.3442582
0.5160523 0.3590103
0.4964177 0.3747194
0.4657474 0.3903107
0.4350052 0.4056574
0.4054188 0.4241573
0.3770633 0.4460147
0.3544803 0.4677304
0.3749855 0.4361366
0.3952196 0.402398
0.4144808 0.36745
0.4339972 0.3327564
0.4545481 0.2990936
0.4745917 0.2649157
0.4943303 0.2304281
0.5011457 0.1941896
0.5189352 0.1579269
0.5370042 0.1219099
0.5563078 0.08702323
0.5741453 0.05739996
0.5753929 0.07609808
0.5670865 0.1178058
0.559409 0.159725
0.5520396 0.2017328
0.5455878 0.2440051
0.5388245 0.2861923
0.5318361 0.3283179
0.5269 0.3708928
0.5240195 0.413781
0.5240195 0.4568906
0.5240195 0.5
0.5093767 0.4967853
0.5 0.4630241
0.4784553 0.4304458
0.4558991 0.3991565
0.4319085 0.3697392
0.414119 0.3334765
0.3946131 0.2988149
0.3748705 0.2643766
0.3569544 0.2282337
0.3376051 0.1933695
0.3182557 0.1585053
0.3010061 0.1220594
