0.6820349 0.3649575
0.6531171 0.3573599
0.6248758 0.3458649
0.5959316 0.3384898
0.5669572 0.3312927
0.5377578 0.3265839
0.508395 0.3236814
0.4833665 0.3208387
0.4539556 0.3191066
0.4245447 0.3173747
0.3951277 0.3160349
0.3656902 0.3160349
0.3362527 0.3160349
0.3068384 0.3146205
0.2926984 0.3156827
0.3219211 0.3190103
0.3512719 0.3197195
0.3793082 0.3090232
0.4064561 0.2932762
0.4330341 0.2757614
0.4592709 0.2573043
0.4848447 0.2372045
0.505569 0.2159833
0.5327421 0.2003147
0.5600073 0.1849584
0.5878661 0.1719156
0.6142279 0.1594826
0.6219534 0.1448191
0.5955641 0.1568424
0.5747487 0.1856488
0.5539332 0.2144552
0.5348172 0.2453666
0.5164278 0.277178
0.5 0.3109359
0.4884683 0.3452487
0.4756852 0.3819443
0.4633933 0.4189326
0.4532323 0.457163
0.4459819 0.4962731
0.4362384 0.5
0.4307995 0.4600475
0.4291396 0.4194053
0.4294027 0.378797
0.4335658 0.338468
0.4384419 0.2983019
0.4438669 0.2582613
0.4497453 0.2183467
0.4559133 0.1785126
0.4597114 0.1381315
0.4618901 0.09757331
0.4618901 0.05683491
0.4618901 0.09739372
0.4751406 0.1336313
0.4913236 0.1675914
0.5059001 0.198655
0.5294502 0.223098
0.5530002 0.2475411
0.5771655 0.2708054
0.6015437 0.2936274
0.626379 0.3154988
0.6530266 0.3325237
0.6802724 0.3479486
0.7075182 0.3633735
0.7315269 0.3796337
