0.2741363 0.52865
0.3132782 0.5153931
0.3551654 0.5139742
0.396863 0.5187038
0.4377281 0.5297494
0.4785667 0.5411261
0.5195025 0.5499351
0.5610768 0.5564215
0.6028122 0.5598363
0.6447337 0.5596042
0.6866432 0.5582797
0.7281671 0.5518601
0.7696191 0.5443278
0.7850276 0.5302013
0.7433413 0.5256709
0.70202 0.5171638
0.6605271 0.5099855
0.6199068 0.5
0.5800621 0.4843579
0.5397511 0.4705259
0.5 0.45562
0.4605354 0.4387967
0.4220011 0.4189632
0.385828 0.3938311
0.3540906 0.36134
0.357039 0.330278
0.3940782 0.3493
0.4238517 0.3846898
0.4501599 0.4238017
0.4747793 0.4645292
0.4975546 0.5052143
0.5185588 0.5485679
0.5387064 0.5926991
0.5571812 0.6378959
0.5753558 0.6832354
0.5876067 0.731387
0.5982242 0.7800746
0.6034945 0.8298101
0.6018152 0.8798372
0.5830397 0.8463855
0.5675828 0.7996138
0.5549892 0.7515959
0.5439582 0.7030208
0.5302114 0.6554711
0.5223969 0.6061563
0.5161396 0.556371
0.5118713 0.5062936
0.5106093 0.4576019
0.5136524 0.407455
0.5216883 0.3583919
0.5367809 0.3114433
0.5579621 0.2709534
0.5408558 0.316058
0.5107327 0.350904
0.4789619 0.3833386
0.4460841 0.4145685
0.4126438 0.4449218
0.3784682 0.4740845
0.3451847 0.5030761
0.3125362 0.5346617
0.2775931 0.5624376
0.2424503 0.5898919
0.2075142 0.6177173
0.1748482 0.6460567
