0.4040667 0.1249627
0.4061059 0.1867414
0.4099923 0.2483869
0.4167031 0.3095354
0.4234138 0.370684
0.4283007 0.4321457
0.431778 0.4938492
0.4360174 0.540661
0.4441937 0.6014392
0.452355 0.6622215
0.460406 0.7230343
0.4819458 0.727205
0.5 0.6718557
0.5208999 0.6178451
0.5442265 0.5658256
0.5675511 0.5138043
0.5907718 0.4764285
0.6139925 0.424311
0.6372349 0.3722143
0.6614742 0.3210658
0.6851754 0.2694173
0.7076123 0.2165939
0.7054709 0.1856558
0.6659122 0.209902
0.6256052 0.2314628
0.5846028 0.2502329
0.5436004 0.2690031
0.5025155 0.2873878
0.4624892 0.3050605
0.4212518 0.3227333
0.3799138 0.3398708
0.3381113 0.3545398
0.2963088 0.3692088
0.2542347 0.381994
0.2118255 0.3924539
0.1693235 0.4013458
0.1807061 0.4013458
0.2235964 0.4032148
0.2656692 0.4161859
0.3075786 0.4301233
0.3490904 0.4464119
0.390566 0.4628778
0.4316144 0.4814389
0.4726627 0.5
0.5120928 0.5055552
0.5525629 0.5265813
0.5935096 0.5448861
0.6360729 0.5539583
0.6780865 0.5666931
0.7194321 0.5838245
0.760252 0.6034009
0.7850966 0.6064105
0.7510726 0.5685542
0.7145395 0.5358492
0.6780064 0.503144
0.6414732 0.4851806
0.6046126 0.4532524
0.5675688 0.421759
0.5305249 0.3902655
0.4951074 0.3578206
0.4593061 0.3234813
0.4235047 0.289142
0.3909173 0.2489262
