0.2988487 0.1598421
0.3219949 0.214893
0.3439465 0.2708165
0.3651919 0.3272188
0.3860953 0.383853
0.407165 0.4403756
0.4287421 0.496558
0.4503192 0.5437818
0.4706807 0.6007086
0.4885301 0.6591738
0.5046002 0.7164682
0.5257651 0.7642183
0.531751 0.7018076
0.5402138 0.6396948
0.5535561 0.5791718
0.5674954 0.5188434
0.5814347 0.4674736
0.595374 0.4071451
0.6135491 0.3489317
0.6327121 0.2912117
0.6518782 0.2334936
0.6719343 0.1763164
0.6933495 0.1201045
0.68423 0.1491949
0.6465032 0.1872047
0.6086562 0.2250834
0.5676082 0.2555191
0.5240068 0.2800176
0.48406 0.304516
0.4401241 0.3277858
0.3949074 0.3463518
0.3496907 0.3649178
0.304474 0.3834837
0.2590722 0.4011439
0.21305 0.4157664
0.1756657 0.4285538
0.2229459 0.4293073
0.270013 0.4356792
0.3170802 0.4420511
0.3641235 0.4487288
0.411163 0.4554544
0.4582025 0.4621799
0.5015169 0.4696036
0.5482123 0.4797357
0.5949078 0.4898679
0.6416033 0.5
0.6882026 0.5018234
0.7342817 0.5161235
0.7803608 0.5304235
0.8250837 0.5494204
0.7959223 0.5076271
0.7591523 0.4774403
0.717068 0.4486017
0.6749837 0.4197631
0.6319136 0.3938223
0.5879424 0.3705305
0.5439712 0.3472388
0.5 0.323947
0.4596834 0.3006552
0.4165938 0.2746044
0.3735577 0.2483865
0.3305215 0.2221687
0.2891787 0.1916787
0.2773281 0.1700981
