0.4039581 0.2655642
0.4096884 0.3272735
0.4138325 0.3892208
0.4187058 0.4509938
0.4284993 0.5047224
0.4382927 0.5654369
0.4507433 0.6252035
0.4632092 0.6849645
0.4774198 0.7438724
0.4935542 0.7592746
0.5 0.6984707
0.5103198 0.6379248
0.5206396 0.5773788
0.5370608 0.5197983
0.5561495 0.4705004
0.5752382 0.4142164
0.5951904 0.3585912
0.6191224 0.3060025
0.6430544 0.2534138
0.6678256 0.2016443
0.6742914 0.1930645
0.6415431 0.2345642
0.6060511 0.272501
0.5647605 0.2962368
0.5231189 0.3191129
0.484482 0.341989
0.4415392 0.3586675
0.3975772 0.3704908
0.3536152 0.3823142
0.3096532 0.3941375
0.2656911 0.4059609
0.220961 0.4066529
0.1761832 0.4066529
0.2169884 0.4166181
0.2601458 0.4332054
0.303535 0.4485696
0.3469759 0.4636604
0.3904168 0.4787512
0.4339083 0.4935452
0.4776045 0.5001527
0.5182959 0.5137463
0.5619921 0.5273398
0.6056883 0.5409334
0.649282 0.5550921
0.692396 0.5718958
0.7355101 0.5886995
0.7785476 0.6058259
0.8204149 0.6278929
0.7904389 0.5947665
0.7537076 0.5592107
0.7157907 0.5261123
0.6778739 0.5
0.6399571 0.4669016
0.6019262 0.434057
0.563872 0.4012644
0.5258178 0.3684718
0.4907684 0.3356792
0.4527142 0.3028866
0.4151292 0.2691182
0.3787613 0.2328185
0.3423934 0.1965188
0.3062344 0.1598521
0.2724448 0.1190241
