0.3164727 0.1635644
0.3435223 0.1860875
0.3748095 0.2037827
0.4069937 0.2189183
0.4391561 0.234156
0.4712141 0.2496879
0.5 0.262582
0.5325215 0.276592
0.5644032 0.2927029
0.5969199 0.3063818
0.6306359 0.3154686
0.6637484 0.3270378
0.6961368 0.3415862
0.7251654 0.3548062
0.6906269 0.3548062
0.6561677 0.3521282
0.621896 0.3469326
0.5873946 0.3462111
0.5528562 0.3462111
0.5183178 0.3462111
0.4878548 0.3462111
0.4533858 0.3477731
0.4190475 0.3522754
0.3847922 0.3575539
0.3506435 0.363829
0.3166987 0.3715119
0.2923491 0.3916638
0.3218586 0.3891225
0.3500612 0.3649516
0.3778766 0.3401221
0.4047736 0.3139064
0.4306718 0.2861921
0.4568157 0.2588439
0.4844465 0.2337108
0.5080871 0.2087227
0.5366668 0.1852022
0.564491 0.16047
0.5909373 0.1335277
0.6179836 0.1074886
0.6445777 0.08086208
0.6706251 0.05356905
0.6649566 0.08947018
0.6495662 0.1269546
0.6353222 0.165106
0.6217168 0.2036076
0.6092073 0.2426291
0.5976573 0.282106
0.5813829 0.3189546
0.565033 0.3557881
0.5520017 0.3945807
0.5411325 0.4342983
0.5301508 0.4739993
0.5200279 0.5
0.5012435 0.4649931
0.4859266 0.4304219
0.4654845 0.39666
0.4452274 0.3627327
0.4231939 0.3305107
0.4003172 0.2991385
0.3767178 0.268556
0.3539741 0.2370317
0.3290582 0.2080961
0.3061366 0.1768141
0.2828099 0.1506716
