0.6848668 0.3253904
0.6616224 0.2913032
0.6365278 0.2599237
0.6088381 0.2333652
0.5810256 0.2071254
0.550705 0.1873912
0.5203844 0.167657
0.4947473 0.1496022
0.4633156 0.133873
0.4318838 0.1181437
0.4004844 0.102282
0.3691028 0.08634692
0.3468086 0.07641038
0.3678192 0.1130019
0.3868293 0.1521645
0.401396 0.1950728
0.4134023 0.2397172
0.4221585 0.2859091
0.4316017 0.3318159
0.4426908 0.3768698
0.4570226 0.4200184
0.4744228 0.4607533
0.4969434 0.4956934
0.5188503 0.5
0.5329081 0.4566026
0.5468538 0.4131304
0.5616939 0.3703009
0.5774714 0.3281448
0.5932489 0.2859887
0.6098481 0.2444918
0.6264783 0.2030197
0.6431084 0.1615476
0.6579169 0.118755
0.6715116 0.07507792
0.6713732 0.05929729
0.6459765 0.09020966
0.621042 0.1218847
0.5932194 0.1481539
0.5653967 0.1744229
0.5351883 0.1943004
0.5046002 0.2131609
0.4791278 0.2319063
0.4484088 0.2503213
0.4176899 0.2687363
0.3869711 0.2871513
0.3564025 0.3060705
0.3259551 0.3253964
0.2951313 0.3433686
0.2638197 0.3595862
0.2723021 0.3663241
0.3055809 0.3663241
0.3388597 0.3663241
0.3721378 0.3664157
0.4054072 0.3675554
0.4386765 0.368695
0.4719191 0.3708255
0.5 0.3734097
0.5332232 0.3761732
0.566441 0.3790696
0.5996656 0.3818001
0.6328932 0.384456
0.6661533 0.3854265
0.6993729 0.3843148
