0.3101944 0.5397097
0.3480745 0.5464202
0.3860235 0.5515007
0.4241561 0.5515007
0.4622888 0.5515007
0.5 0.5515007
0.5381327 0.5515007
0.5762653 0.5515007
0.6143979 0.5515007
0.6525306 0.5515007
0.6906632 0.5515007
0.7287958 0.5515007
0.7668061 0.5477435
0.7843195 0.530888
0.7501563 0.5050064
0.7155334 0.4884744
0.6804975 0.4654616
0.6450923 0.4437637
0.6100935 0.4206625
0.5758357 0.3950023
0.5422002 0.3676194
0.5098147 0.3367758
0.4767722 0.3089193
0.4425074 0.2832811
0.4090544 0.2553087
0.3882998 0.2449789
0.3983272 0.2990949
0.4048721 0.3565835
0.4122458 0.4139015
0.4200556 0.4710296
0.4311987 0.5189522
0.4447588 0.573487
0.4597886 0.6271763
0.4754369 0.6804538
0.4934884 0.7317742
0.5127354 0.781822
0.5294079 0.8342802
0.5438589 0.8576297
0.5481681 0.7996365
0.5541398 0.7419341
0.5600491 0.6842165
0.5666898 0.6267046
0.5745455 0.5695345
0.5797604 0.5116945
0.5847966 0.4617384
0.5904555 0.4039649
0.597399 0.3465183
0.6041019 0.2890089
0.6063403 0.2314098
0.5717725 0.2494394
0.5392829 0.2799425
0.508198 0.3137817
0.4770833 0.3465847
0.4447469 0.377549
0.4124104 0.4085133
0.380074 0.4394776
0.3475376 0.4699414
0.3148391 0.5
0.2821406 0.5221078
0.2491345 0.551366
0.2161168 0.5805939
0.1839142 0.6118695
0.1505704 0.6399547
