0.3603064 0.2082929
0.381178 0.2815247
0.4006941 0.3567994
0.421229 0.4307724
0.4417639 0.5027945
0.4626447 0.5762929
0.4838423 0.6493564
0.5 0.7248235
0.5158008 0.8041947
0.5253109 0.7611834
0.5384288 0.6794596
0.5549095 0.6009968
0.5735081 0.5245878
0.5923392 0.450421
0.6127677 0.3763058
0.6331962 0.3021905
0.6529004 0.227141
0.6715685 0.1508473
0.6740569 0.1371756
0.6416508 0.185797
0.6075014 0.229017
0.5730181 0.27099
0.5385349 0.3129629
0.5040516 0.3549359
0.471202 0.3906503
0.4348372 0.4240759
0.3984725 0.4575014
0.3621078 0.490927
0.3255295 0.5212424
0.2888359 0.5528826
0.2521423 0.5845227
0.2151071 0.6139144
0.1771308 0.6371096
0.1559673 0.6441112
0.1952958 0.6387433
0.2346882 0.6358561
0.2740773 0.6327671
0.3134636 0.6294991
0.3528498 0.626231
0.392236 0.622963
0.4316222 0.619695
0.4709932 0.6156747
0.5073432 0.611187
0.5467046 0.6066993
0.586066 0.6022116
0.6254508 0.5997109
0.6648651 0.5997109
0.7042793 0.5997109
0.7436895 0.600677
0.783097 0.6022816
0.8219261 0.6005993
0.7934037 0.5740575
0.7556627 0.549079
0.7178615 0.5245395
0.6800603 0.5
0.6423326 0.4769019
0.6050016 0.4490993
0.5676705 0.4212967
0.5303395 0.3934942
0.4960289 0.3656334
0.4587775 0.3373193
0.4215261 0.3090052
0.384777 0.2778476
0.3493534 0.2404048
