0.228482 0.2635672
0.2649046 0.2724687
0.3022705 0.2744114
0.3395112 0.278926
0.3767386 0.2835783
0.4140565 0.2869987
0.4514584 0.2892726
0.4887993 0.2924762
0.5198209 0.2964085
0.5572329 0.2982933
0.5946014 0.3009131
0.6319435 0.3036241
0.6694 0.3036241
0.7068565 0.3036241
0.7327636 0.3167301
0.7076392 0.3468848
0.6792357 0.3743407
0.6494818 0.3999315
0.619125 0.4246085
0.5877658 0.4474349
0.5542636 0.4662752
0.521439 0.4865603
0.4946785 0.5017388
0.4607577 0.5196007
0.4263689 0.536294
0.3923793 0.5537801
0.3581105 0.5684494
0.3247572 0.58605
0.3292568 0.5464454
0.342599 0.507102
0.3570312 0.4728884
0.3737823 0.4352078
0.3906801 0.397611
0.4078593 0.360175
0.4261557 0.3234429
0.4455695 0.2874149
0.4654447 0.2517128
0.4858581 0.2163906
0.5 0.1810685
0.5204931 0.1458048
0.5416944 0.1111063
0.5636728 0.08014527
0.565629 0.1218524
0.5674995 0.163928
0.5704646 0.2059047
0.5745144 0.2477837
0.576851 0.2898299
0.5797253 0.3318259
0.5835795 0.3737305
0.5854241 0.4157937
0.5867569 0.4578952
0.5880048 0.5
0.5917601 0.5372441
0.5961669 0.5789413
0.5716092 0.5496403
0.5497348 0.5154893
0.525575 0.4879603
0.5013396 0.4558401
0.4834839 0.4236157
0.4592351 0.3915113
0.4339793 0.3604003
0.4077659 0.3303521
0.3802832 0.3017308
