0.3923175 0.09315845
0.4074621 0.1373702
0.4347575 0.1745598
0.4646477 0.2089118
0.4956953 0.2418301
0.5206518 0.2741932
0.5529801 0.3053535
0.5870775 0.3335952
0.6230394 0.3586516
0.6604387 0.3806306
0.698836 0.399963
0.7395988 0.4101179
0.7167428 0.4225658
0.6779599 0.4409029
0.6380496 0.455562
0.5981426 0.4702335
0.5582924 0.4851168
0.5184422 0.5
0.4851035 0.5082451
0.4452534 0.5231283
0.4054224 0.5380822
0.3656068 0.5530928
0.3257774 0.5680528
0.2859194 0.582907
0.2465601 0.5994336
0.2093456 0.6213009
0.2278603 0.6126862
0.2602822 0.5818346
0.2919645 0.5497807
0.3240156 0.518218
0.354444 0.4911771
0.3844599 0.4569622
0.413582 0.4216957
0.4426056 0.3863199
0.4708978 0.3501321
0.4990211 0.3137711
0.5191875 0.2759274
0.5462144 0.2384374
0.5741268 0.2018445
0.5996447 0.1629763
0.6187718 0.1434445
0.6181804 0.1925763
0.6142133 0.2413836
0.6065653 0.2897008
0.6001949 0.338259
0.5941361 0.3868654
0.5849262 0.4348047
0.5785294 0.4833525
0.5731392 0.5254489
0.568364 0.5742659
0.5656674 0.6232848
0.555419 0.6142261
0.5450013 0.5666542
0.53406 0.5192447
0.5237398 0.4782929
0.5149032 0.4302565
0.5078294 0.3818189
0.5 0.3335483
0.4981093 0.2854045
0.4864813 0.2382008
0.4747735 0.1910203
0.4610943 0.1445802
0.4479896 0.09805998
0.4459499 0.1286168
