0.4022597 0.1800919
0.4231497 0.2061068
0.4484979 0.2272899
0.4767596 0.2420377
0.5051574 0.2537079
0.5346314 0.264504
0.5636118 0.2771362
0.5931482 0.287472
0.6231749 0.2957821
0.6532596 0.3037648
0.683468 0.3110447
0.7136979 0.3181483
0.7436686 0.3265308
0.7164639 0.3291326
0.685832 0.3330368
0.6550947 0.3353841
0.6244634 0.3392392
0.5938576 0.3434302
0.5632803 0.3479179
0.5326855 0.3522007
0.5019968 0.3553857
0.4721195 0.3585708
0.4414376 0.3618488
0.4107557 0.3651267
0.3801925 0.3697342
0.3496414 0.3744767
0.3190291 0.3785423
0.3078729 0.4001149
0.3265643 0.4279276
0.3467076 0.4064916
0.3641826 0.3760033
0.3798658 0.3439116
0.3963134 0.3123799
0.4138166 0.2816983
0.4314799 0.2511458
0.4491432 0.2205932
0.4666818 0.1899394
0.4833378 0.1585684
0.5 0.1272022
0.5159215 0.09589118
0.5293226 0.06339303
0.536981 0.09024629
0.5393997 0.1271106
0.5393997 0.1644047
0.5393997 0.2016989
0.5393997 0.238993
0.5393997 0.2762872
0.5393997 0.3135813
0.5393997 0.3508754
0.5384611 0.3881437
0.53751 0.4254117
0.53751 0.4627059
0.53751 0.5
0.5270597 0.4899248
0.5134943 0.4568097
0.4985729 0.4247805
0.4842538 0.3917807
0.4710114 0.3581093
0.4567259 0.3250706
0.4417229 0.2925072
0.4263309 0.2602036
0.4122111 0.2270714
0.3962393 0.1952584
0.385252 0.1640756
