0.2727301 0.1890173
0.3009272 0.2082895
0.3337976 0.2214022
0.3648515 0.2387189
0.3966939 0.2550753
0.4282997 0.2717963
0.4615785 0.2857608
0.4943053 0.3006599
0.5123175 0.316146
0.5456923 0.3299364
0.5787428 0.34431
0.6127735 0.3567936
0.6468556 0.369168
0.6816336 0.3798928
0.7037285 0.3908
0.6669064 0.3915022
0.630134 0.3931739
0.5932814 0.3934208
0.5564525 0.3947198
0.519613 0.3955478
0.4971195 0.3955478
0.4603124 0.3971733
0.4235196 0.3991074
0.3892655 0.4077572
0.3828574 0.4035713
0.3968491 0.3742102
0.4171496 0.3471815
0.4350632 0.3187826
0.4523087 0.2900595
0.4680752 0.2606848
0.4833483 0.2311085
0.4986137 0.2015356
0.5012983 0.1727217
0.5177848 0.1436701
0.5325583 0.113895
0.5497018 0.08517483
0.5615338 0.05463681
0.5725135 0.07957703
0.5760528 0.1118539
0.5760528 0.1443537
0.5760528 0.1768537
0.5760528 0.2093536
0.5760528 0.2418534
0.5760528 0.2743534
0.5760528 0.3068533
0.5760528 0.3393532
0.5760528 0.3718531
0.5760528 0.404353
0.5742011 0.4368076
0.5715581 0.4692208
0.5687539 0.5
0.548396 0.4738871
0.5364476 0.4433791
0.5179 0.4152989
0.5 0.3868889
0.494663 0.3594295
0.4726547 0.3334071
0.4484288 0.3089276
0.422713 0.2856564
0.3975611 0.2619978
0.3664211 0.245833
0.3363207 0.2289224
0.3075826 0.2124973
0.2915761 0.1890175
