0.3181766 0.1381329
0.3287667 0.1892749
0.3401637 0.2402037
0.3529007 0.2907786
0.3660511 0.3412167
0.3820888 0.3906984
0.3981264 0.4401802
0.4121856 0.490217
0.4207674 0.5408654
0.4293491 0.5924391
0.4379308 0.6440128
0.4528539 0.6938543
0.4685252 0.6888339
0.4834193 0.6390852
0.5 0.5898101
0.5165719 0.5417889
0.5381064 0.4956973
0.5596408 0.4486803
0.5811753 0.4016634
0.6060319 0.3566552
0.6323473 0.312529
0.6586628 0.2684028
0.6843639 0.2238865
0.7077404 0.177894
0.7290069 0.1438581
0.6853429 0.1672874
0.6415524 0.1904427
0.5977302 0.2135293
0.5539081 0.236616
0.5099452 0.2593815
0.4681867 0.2808803
0.4236687 0.3023792
0.3791507 0.323878
0.334337 0.344626
0.2889459 0.3639079
0.2435547 0.3831897
0.1976878 0.4009692
0.1937683 0.4061236
0.2425401 0.4083992
0.2891667 0.4226742
0.3352605 0.4399299
0.3814616 0.4568225
0.4284011 0.471215
0.4753405 0.4856075
0.5195205 0.5
0.5665288 0.5132051
0.6135656 0.5272269
0.6606025 0.5412486
0.7072773 0.5565217
0.7534436 0.5735525
0.7810379 0.5765399
0.7546498 0.5329219
0.7253591 0.4919356
0.6933709 0.452435
0.6602588 0.4139389
0.6271466 0.3754429
0.5936079 0.3373782
0.5597718 0.2996141
0.5259358 0.26185
0.4948593 0.2240859
0.4619358 0.1854449
0.4306834 0.1451982
0.3996817 0.1047505
