0.200797 0.6286207
0.2416543 0.6068063
0.2847595 0.5944487
0.3285001 0.5861534
0.372341 0.5787156
0.4161664 0.5712898
0.4603721 0.5712898
0.5 0.5712898
0.5442057 0.5712898
0.5884113 0.5712898
0.6326169 0.5712898
0.6768225 0.5712898
0.7210282 0.5712898
0.7651801 0.5691704
0.7598119 0.5342672
0.7258676 0.5
0.6883422 0.4694131
0.6484314 0.444515
0.6075968 0.4222745
0.5656201 0.4043628
0.5229945 0.3889822
0.484805 0.3742955
0.4419729 0.3599542
0.3995683 0.3435521
0.3571544 0.327289
0.3143483 0.313675
0.3173281 0.3266112
0.3454545 0.3711921
0.3709049 0.4186112
0.3946378 0.4676
0.4183707 0.5138238
0.4426586 0.562335
0.4673758 0.6104766
0.4937485 0.6570392
0.5163692 0.7028142
0.5436895 0.7484637
0.5716602 0.7933867
0.6016938 0.8359939
0.6320924 0.8781517
0.6508385 0.8878706
0.6351714 0.8335838
0.6235327 0.7776817
0.6192034 0.7199646
0.6173632 0.6619536
0.6143401 0.6040258
0.610149 0.5462204
0.6084257 0.4910261
0.6074655 0.4330096
0.6045892 0.3750772
0.6019598 0.3171418
0.6074104 0.3053523
0.5962037 0.3611129
0.5676008 0.4038388
0.5274823 0.4280834
0.4906964 0.4485149
0.4514223 0.4751535
0.4129013 0.5008639
0.3744837 0.5295895
0.3361473 0.5584969
0.298311 0.5885242
0.2604685 0.618538
0.2225625 0.6484131
0.1844744 0.6778799
