0.3905925 0.06577516
0.3980348 0.105905
0.4038935 0.1463261
0.407993 0.1870413
0.4120924 0.2277564
0.4190942 0.2679805
0.426237 0.3081807
0.4335629 0.3483405
0.441002 0.3884752
0.4488956 0.4285018
0.4570931 0.4684563
0.4661157 0.5
0.479687 0.5242983
0.488963 0.4927644
0.5 0.4545313
0.5151436 0.4171292
0.5313324 0.3803126
0.54975 0.3447444
0.5681677 0.3091762
0.587355 0.2741265
0.6076034 0.2397915
0.6278518 0.2054565
0.6481253 0.1711399
0.6689693 0.1372418
0.676951 0.1134303
0.647032 0.1376581
0.6116521 0.1500602
0.5762721 0.1624622
0.5408921 0.1748641
0.5055122 0.1872661
0.470522 0.1912632
0.4335755 0.195241
0.3966289 0.1992188
0.3596306 0.2020243
0.3225086 0.2020243
0.2853867 0.2020243
0.2521113 0.1912692
0.2849649 0.2094121
0.3180051 0.2280874
0.3519312 0.2446135
0.3863981 0.2598278
0.420865 0.2750421
0.455209 0.2905895
0.4895044 0.3062687
0.521847 0.321948
0.5559159 0.3381913
0.5894834 0.3556839
0.6230509 0.3731766
0.6566184 0.3906692
0.6883568 0.4117694
0.716814 0.435357
0.6900305 0.4070371
0.6643009 0.3775076
0.6387098 0.3478321
0.6131421 0.318132
0.5875744 0.2884318
0.5618736 0.2588764
0.5353311 0.2302365
0.5087887 0.2015966
0.4845105 0.1726184
0.4589801 0.1428793
0.4334496 0.1131401
0.4077958 0.08353049
0.4022715 0.07313991
