0.1629412 0.5833673
0.205971 0.5820872
0.2489388 0.5785096
0.2920032 0.5785096
0.3350677 0.5785096
0.3781322 0.5785096
0.4211525 0.5802979
0.4641256 0.5839963
0.5058652 0.5865075
0.5489168 0.5878932
0.5918987 0.5912329
0.6348588 0.5951881
0.677901 0.5968844
0.720955 0.5979406
0.7640194 0.5979406
0.8070838 0.5979406
0.776922 0.5597473
0.745851 0.5204117
0.7133602 0.4993595
0.6796312 0.4640584
0.6451789 0.4299673
0.6102992 0.3966364
0.5737944 0.3665728
0.5368981 0.3372696
0.5 0.3080221
0.4624503 0.2834303
0.4217621 0.2649173
0.3797756 0.2528198
0.3731976 0.2723271
0.3868002 0.3262393
0.4025176 0.3790337
0.4203513 0.4307589
0.4372791 0.4829923
0.4515544 0.5203775
0.4673901 0.5731702
0.4843965 0.6253724
0.503523 0.6752958
0.5233884 0.7256906
0.5458098 0.7741883
0.5699601 0.8212385
0.592192 0.869312
0.5828264 0.8220841
0.5723817 0.7669517
0.5687671 0.7103425
0.5658469 0.6536446
0.5647506 0.5968636
0.5658908 0.540131
0.5714018 0.5
0.5804255 0.4444619
0.5925059 0.3899408
0.5974666 0.3338195
0.6022927 0.277363
0.5869199 0.2401263
0.5454501 0.2493654
0.5071862 0.2753422
0.4699571 0.3007436
0.4330314 0.3298675
0.3969394 0.3607833
0.3603342 0.3903823
0.3289659 0.4290019
0.300183 0.4712587
0.2743478 0.5003842
0.2466023 0.5434664
0.2163179 0.5809385
