0.3391685 0.1301528
0.3468201 0.1927992
0.3563832 0.2551868
0.3667758 0.3174097
0.3791753 0.3790212
0.3920047 0.4405018
0.404834 0.5016112
0.4178353 0.5630325
0.4311154 0.6243575
0.4443956 0.6856825
0.4605081 0.7458748
0.4800621 0.8005133
0.4862539 0.7375008
0.495509 0.6751991
0.5136092 0.6160568
0.5320049 0.5569144
0.5530358 0.4996246
0.5749301 0.4424488
0.5999863 0.3874584
0.6254887 0.3327689
0.6495009 0.2769899
0.673303 0.2210655
0.6978975 0.1703351
0.676983 0.2208116
0.6400918 0.2627712
0.5985403 0.2980588
0.5547453 0.3280825
0.5088809 0.3532504
0.4633119 0.3784183
0.4159512 0.3977921
0.3673152 0.4122285
0.3186793 0.4266648
0.2700434 0.4411012
0.2213019 0.4546032
0.1714445 0.4582324
0.1660353 0.4760054
0.2121658 0.5
0.2587668 0.5226532
0.3067592 0.5402403
0.3547516 0.5578274
0.4027775 0.5752517
0.4513887 0.5898222
0.5 0.6043926
0.5483159 0.6189632
0.5969271 0.6335337
0.6455846 0.6478505
0.6942678 0.6620257
0.742951 0.6762008
0.7908266 0.6940473
0.8364715 0.7129842
0.7982595 0.6720871
0.7610766 0.6296207
0.7235767 0.5876098
0.6860414 0.5456495
0.6489429 0.5031053
0.6142344 0.4577376
0.5795259 0.4119986
0.5448173 0.3662597
0.5101296 0.3204951
0.4757491 0.274716
0.4410732 0.228937
0.4069698 0.1824891
0.374171 0.1345177
