0.3565738 0.189839
0.3768559 0.2164976
0.4060345 0.2337229
0.4371822 0.2426712
0.4684411 0.2508101
0.5 0.2564772
0.5298225 0.2620969
0.5616534 0.2620969
0.5934843 0.2620969
0.6253152 0.2620969
0.6568513 0.2574354
0.6882953 0.2507779
0.7197015 0.2440376
0.7152977 0.2372932
0.6859081 0.2539418
0.6571389 0.2725316
0.6283174 0.2909696
0.5994517 0.3092719
0.5701041 0.3260939
0.5407566 0.3429158
0.5113704 0.359604
0.4832597 0.3746918
0.4534103 0.3897797
0.4235609 0.4048675
0.3940618 0.4211812
0.3646085 0.4376552
0.3351552 0.4541292
0.3057468 0.4707495
0.2764896 0.4878619
0.2749507 0.4958141
0.2957849 0.46308
0.317928 0.4318802
0.3400711 0.4006941
0.3631789 0.3708175
0.385352 0.3396606
0.4071763 0.3080453
0.428063 0.2752641
0.4498236 0.243611
0.4726462 0.2133289
0.4954688 0.1830469
0.5145214 0.1502588
0.5343009 0.1162226
0.5557593 0.08422831
0.5782671 0.05351055
0.5895607 0.06741238
0.5881561 0.1107476
0.585507 0.1540135
0.5839863 0.1973931
0.5795874 0.2404177
0.5751885 0.2834423
0.5720745 0.3266565
0.5695118 0.3699557
0.5666176 0.4132094
0.5666176 0.4566509
0.5675688 0.5
0.5608953 0.4987071
0.5438733 0.4621367
0.5244127 0.4277629
0.5050268 0.393318
0.4865073 0.359811
0.4655465 0.327118
0.447083 0.2917768
0.4276123 0.2574355
0.4130492 0.2235601
