0.3573494 0.09939885
0.3745183 0.1272961
0.3995615 0.1535352
0.4251685 0.179836
0.4619337 0.1998231
0.5012587 0.2169839
0.5423564 0.2331017
0.5854107 0.2468327
0.630136 0.2582354
0.6745516 0.270139
0.7197008 0.2801915
0.6884809 0.29378
0.6460247 0.3082916
0.60355 0.322846
0.5604157 0.336585
0.5170195 0.3499763
0.473489 0.3620062
0.4288179 0.3735021
0.3840209 0.3847913
0.3408921 0.3985191
0.2979013 0.4124487
0.2805455 0.410133
0.3092006 0.3861818
0.3335807 0.3593813
0.3583517 0.3327683
0.3864934 0.3075178
0.4158749 0.2828709
0.4454659 0.2583259
0.4748752 0.2336976
0.5 0.2074631
0.5259097 0.1812285
0.5536251 0.1557809
0.5796682 0.1296271
0.6028487 0.102385
0.6234179 0.07423595
0.6421979 0.05383083
0.6421979 0.08497819
0.638806 0.116021
0.6333786 0.1469562
0.6257848 0.1777124
0.6182135 0.2084708
0.6106617 0.2392313
0.60311 0.2699919
0.5962873 0.3008195
0.5903255 0.3317263
0.5844678 0.3626413
0.5789583 0.3935834
0.5757715 0.424612
0.5757715 0.4557593
0.5757715 0.4869067
0.5680547 0.5
0.5429932 0.4735262
0.524977 0.4446547
0.5034816 0.4167956
0.4821528 0.3891566
0.4574234 0.3624479
0.4337585 0.3353458
0.4108659 0.3079582
0.3874475 0.2807591
0.3637967 0.2536434
0.3404134 0.2264304
0.3168464 0.1992847
0.2962116 0.1713395
0.2743164 0.1445971
