0.7397909 0.4923047
0.7208496 0.4497465
0.6936895 0.4134243
0.6591053 0.3848413
0.6231051 0.3586009
0.5858436 0.3344472
0.5482693 0.3109339
0.5094459 0.2899794
0.4722132 0.2690248
0.4333898 0.2480702
0.3926885 0.2320347
0.3519292 0.216163
0.3107057 0.2018176
0.2988904 0.2188608
0.3147225 0.2631835
0.3284482 0.3083556
0.3435802 0.3529744
0.3593184 0.3973421
0.3764919 0.4409972
0.3969873 0.4829415
0.4190694 0.5176838
0.4426847 0.5575863
0.4704691 0.594025
0.4978464 0.6308833
0.5186789 0.6182522
0.5318094 0.5728803
0.5460906 0.5279163
0.5603717 0.489116
0.5774707 0.4453697
0.594731 0.4016931
0.6119914 0.3580166
0.6292518 0.31434
0.6484889 0.2716814
0.667822 0.2290723
0.687041 0.1864049
0.7040702 0.1426183
0.7191776 0.09814915
0.7091434 0.1134721
0.6792101 0.1477983
0.6464925 0.1789357
0.6127428 0.2086267
0.577565 0.236316
0.541885 0.2631849
0.5054133 0.2887608
0.470454 0.3141941
0.4329897 0.3379639
0.3955255 0.3617339
0.3593032 0.3877102
0.3224669 0.41259
0.2837467 0.4336442
0.243964 0.452265
0.2024838 0.4641816
0.2410082 0.4697757
0.2842066 0.4715625
0.3273623 0.4741626
0.370451 0.4780126
0.4135666 0.481305
0.4567833 0.4824956
0.5 0.4836862
0.5414869 0.487523
0.5845396 0.491836
0.627452 0.4972498
0.6699187 0.5
0.711718 0.511452
