0.3633754 0.1252116
0.3633754 0.1724076
0.3757739 0.2174608
0.3897876 0.2622349
0.4026289 0.3073693
0.4131702 0.3532106
0.4237114 0.399052
0.434244 0.4448955
0.4447448 0.4907474
0.4552456 0.5228437
0.4664387 0.5685051
0.4759499 0.6027961
0.4806539 0.5559562
0.486921 0.5092345
0.5 0.4785394
0.5149049 0.434093
0.5298097 0.3896465
0.5467391 0.3461706
0.5680955 0.3048167
0.5894519 0.2634628
0.6119511 0.2228281
0.6356621 0.182956
0.6603165 0.1437864
0.6780952 0.1248162
0.6482286 0.157956
0.6108415 0.1832943
0.5697309 0.200566
0.5280578 0.2166191
0.4881945 0.2326722
0.4452962 0.2442358
0.4020362 0.2544741
0.3587761 0.2647123
0.3153472 0.274012
0.2715973 0.2815271
0.2545782 0.2954955
0.292258 0.3203373
0.3314095 0.3421848
0.3720497 0.361003
0.41269 0.3798213
0.4535955 0.3979524
0.4949169 0.4150053
0.5344285 0.4320582
0.57575 0.4491111
0.6170714 0.466164
0.6583995 0.4831984
0.6998116 0.5
0.7412238 0.503046
0.7821233 0.5210906
0.7806925 0.5085559
0.7475708 0.4909562
0.7144491 0.4596008
0.6791781 0.431061
0.6435968 0.4029275
0.6080156 0.3747939
0.5724344 0.3466604
0.5368531 0.3185269
0.5009291 0.2908938
0.4667187 0.2634012
0.4306984 0.2359087
0.3946781 0.2084161
0.3595116 0.1798321
0.3276114 0.1470717
0.2957113 0.1143112
0.2755121 0.08719686
