0.2212372 0.2829931
0.2709184 0.2998969
0.3231515 0.3130005
0.3770021 0.3223597
0.4313459 0.3304844
0.4853008 0.3397539
0.5356286 0.3489915
0.5905282 0.3550809
0.6444823 0.364374
0.698745 0.3726647
0.753231 0.3792471
0.7252591 0.4092147
0.6792316 0.4307649
0.6315346 0.4505492
0.5830189 0.4693694
0.5327392 0.4856739
0.4847268 0.5
0.4337214 0.5060441
0.3834153 0.5224539
0.3329363 0.5386079
0.2833143 0.5557919
0.2356324 0.574759
0.2470724 0.5472673
0.2707356 0.5124075
0.2950518 0.4869765
0.3197326 0.4524461
0.3457462 0.4183825
0.3724647 0.3845877
0.400049 0.3511232
0.4276333 0.3176588
0.454762 0.2840194
0.4810497 0.250057
0.5041871 0.2162784
0.5343282 0.183891
0.5645487 0.1515394
0.5947402 0.1191863
0.6199465 0.0849202
0.6315056 0.09547848
0.6315056 0.1340212
0.6286408 0.1725089
0.6255568 0.2109923
0.6234953 0.2494954
0.6234953 0.2880382
0.6234953 0.326581
0.6200006 0.3650374
0.6160394 0.4034822
0.6154849 0.4420112
0.6154849 0.480554
0.6154849 0.5098676
0.6154849 0.5484104
0.6154849 0.5869532
0.6148987 0.6112849
0.5890533 0.5774125
0.5671784 0.541994
0.5414606 0.5078226
0.5204169 0.4814036
0.5 0.446803
0.4709467 0.4139414
0.4427524 0.3807256
0.4150157 0.3473217
0.3869612 0.3140748
0.352966 0.2835765
0.3190421 0.2530401
