0.3639952 0.2369475
0.3787972 0.2910947
0.392868 0.3455111
0.4068023 0.399978
0.4203565 0.4545779
0.4338565 0.5085666
0.4477245 0.5630499
0.4629713 0.6170249
0.4801275 0.6701175
0.5 0.7219546
0.5152537 0.72598
0.5297726 0.6717263
0.5465295 0.6183854
0.5635042 0.5651335
0.5804788 0.5118814
0.5974535 0.4592596
0.6163313 0.4069238
0.6357668 0.3548564
0.6552023 0.302789
0.6758988 0.2514279
0.6977973 0.2007401
0.7184178 0.1493408
0.7117921 0.1509037
0.6734638 0.1854202
0.6326703 0.2152479
0.5894396 0.2404397
0.5462089 0.2656316
0.5022167 0.28862
0.4606378 0.3062901
0.4148074 0.3239602
0.368977 0.3416303
0.3223429 0.3555994
0.2749594 0.3661179
0.2275759 0.3766364
0.1801924 0.3871548
0.1829614 0.3843171
0.2303917 0.3936862
0.2773247 0.4067174
0.3244081 0.4189572
0.3715602 0.4308356
0.4187124 0.442714
0.4655846 0.4559566
0.507867 0.4708478
0.5544009 0.485739
0.6009348 0.5
0.6473826 0.5152279
0.693123 0.5332195
0.7388635 0.5512112
0.7847295 0.5687508
0.7868987 0.5527098
0.7510153 0.5147094
0.714153 0.478844
0.6737679 0.4477643
0.6333828 0.4166846
0.5926265 0.3863151
0.550963 0.3576812
0.5092996 0.3290472
0.4718877 0.3004132
0.4305334 0.2711692
0.3894334 0.241423
0.3483334 0.2116768
0.3082162 0.180211
0.2694432 0.1463934
0.2423604 0.1156524
