0.2307342 0.7529712
0.2729958 0.7479938
0.3154327 0.7459396
0.3576837 0.740747
0.4000593 0.7378351
0.4425128 0.7364216
0.4849836 0.7364216
0.5066246 0.7364216
0.5490953 0.7364216
0.5915661 0.7364216
0.6340368 0.7364216
0.6765076 0.7364216
0.7189784 0.7364216
0.7614491 0.7364216
0.7488433 0.7197125
0.7100692 0.6988262
0.6700515 0.6818056
0.6293685 0.6670536
0.5888309 0.6517233
0.5482935 0.6363929
0.5078573 0.6207079
0.488977 0.6024798
0.4534222 0.575213
0.4215449 0.5413234
0.3913307 0.50521
0.360377 0.4783043
0.336473 0.4640504
0.3528689 0.503196
0.3692815 0.5505998
0.3856746 0.5980135
0.4022229 0.6453482
0.4172925 0.6933997
0.4325847 0.7413425
0.449345 0.7885678
0.4684788 0.8342354
0.4929135 0.8762686
0.5 0.9148978
0.5217392 0.8909288
0.5369825 0.8429574
0.5526795 0.7952003
0.5678938 0.7472264
0.5818825 0.6986976
0.5959358 0.6501963
0.6102203 0.6017938
0.622445 0.5525844
0.6343083 0.5032335
0.6456426 0.4619834
0.6554031 0.4119711
0.6631471 0.3618517
0.6479623 0.3828043
0.6214582 0.4229295
0.5933182 0.4614255
0.5652518 0.5
0.5372162 0.5303408
0.5067917 0.5660952
0.4960915 0.6005292
0.4642759 0.6345508
0.4307515 0.6661054
0.3971969 0.6976117
0.3630055 0.7281002
0.3288142 0.7585887
0.2926763 0.7855415
0.2563532 0.8121755
0.2209662 0.8404473
