0.2527308 0.3067048
0.2921163 0.3067048
0.3315017 0.3067048
0.3708872 0.3067048
0.4102727 0.3067048
0.449654 0.306433
0.4890288 0.3057269
0.5262915 0.3050209
0.5656749 0.3048845
0.6049592 0.3058264
0.6437957 0.3108765
0.6823461 0.3169512
0.6777616 0.3062642
0.6508924 0.2840651
0.6230427 0.26259
0.595193 0.2411149
0.5655352 0.2212474
0.5340268 0.2030252
0.5009422 0.1866106
0.4682675 0.1726526
0.4310365 0.1628169
0.3918465 0.159795
0.3534638 0.1531962
0.3306315 0.156794
0.3333629 0.1870331
0.3405261 0.2168604
0.3490875 0.2465036
0.3571203 0.2762355
0.3682827 0.3053288
0.3803742 0.3342325
0.3942536 0.3626462
0.4085287 0.3909515
0.4232436 0.4191203
0.4383919 0.4471544
0.4550734 0.4746644
0.4766349 0.5
0.4919218 0.4952158
0.4983674 0.4653052
0.5066182 0.436005
0.5169483 0.406698
0.5271388 0.3773618
0.5373292 0.3480256
0.5475197 0.3186895
0.560688 0.2901075
0.57504 0.2618254
0.5893921 0.2335432
0.6037441 0.2052611
0.6180376 0.1769614
0.6321762 0.1486154
0.6463147 0.1202694
0.6621162 0.09246084
0.6798863 0.06542212
0.6851965 0.07648963
0.6554947 0.09613821
0.6260577 0.1163151
0.59463 0.134539
0.5622476 0.1518261
0.5300427 0.1693088
0.5 0.1868466
0.4678451 0.2043844
0.4364122 0.2226768
0.4051943 0.2411939
0.3758084 0.2613863
