0.325462 0.3702175
0.3626736 0.3803359
0.4014406 0.3831269
0.4403509 0.3852429
0.4792474 0.3875424
0.5071563 0.3898764
0.5461389 0.3899667
0.5849791 0.3918406
0.6236078 0.3964241
0.6625842 0.3965497
0.6978009 0.3932697
0.6707671 0.3703641
0.6404064 0.3490953
0.6093955 0.3285363
0.5788353 0.3074772
0.5484879 0.2861819
0.518015 0.2650292
0.4974363 0.2451174
0.4658727 0.2252056
0.434309 0.2052938
0.402405 0.1857977
0.3708065 0.1659406
0.3428013 0.1430122
0.3522873 0.1673987
0.3721619 0.1965476
0.3901079 0.226663
0.4074633 0.2570309
0.4238808 0.2877995
0.4414923 0.3180286
0.4609746 0.3474123
0.4790063 0.3774477
0.4952501 0.408286
0.5044924 0.4371907
0.5188302 0.4681692
0.5315389 0.5
0.5338795 0.4790928
0.5338795 0.4451697
0.5363488 0.4113397
0.540354 0.3776104
0.5463726 0.3440939
0.5528429 0.3106557
0.5620281 0.2776874
0.5712132 0.2447192
0.5852516 0.2130892
0.599566 0.1815354
0.6128489 0.1496743
0.6237651 0.117108
0.6371268 0.0852758
0.6498854 0.05781701
0.6304634 0.0862447
0.6048808 0.111837
0.5792081 0.1373668
0.5494332 0.1592016
0.5192241 0.1806453
0.5 0.202089
0.4693223 0.2230192
0.438473 0.2437615
0.4076238 0.2645037
0.3770116 0.2854943
0.3479163 0.3080741
0.3188211 0.3306538
0.2897258 0.3532336
0.2666029 0.3804767
