0.3681061 0.1448932
0.3801584 0.2036864
0.3925329 0.2623267
0.4051762 0.3208395
0.4181088 0.3792077
0.4313743 0.4374094
0.4443611 0.4957489
0.4567478 0.5474164
0.4691442 0.606048
0.4821039 0.6644047
0.5 0.6485044
0.5155133 0.5925048
0.5359043 0.5391496
0.5563329 0.4927922
0.577104 0.439768
0.5981893 0.3870208
0.6192746 0.3342735
0.6403599 0.2815263
0.6614451 0.2287791
0.68213 0.1756799
0.6740584 0.1737658
0.6383237 0.2038321
0.6017933 0.2314957
0.5638315 0.2546738
0.5258697 0.2778519
0.4893532 0.30103
0.4500766 0.3185067
0.4106915 0.3355126
0.3713063 0.3525185
0.3319212 0.3695245
0.291464 0.3788193
0.2508345 0.3868737
0.210204 0.3949087
0.2294683 0.3949087
0.2703195 0.3977909
0.3109213 0.4061554
0.351523 0.41452
0.3917927 0.4256934
0.4318332 0.438806
0.4718737 0.4519186
0.5104876 0.4649012
0.5505602 0.47779
0.5906329 0.4906789
0.6300873 0.5
0.6689665 0.5194522
0.7078459 0.5389044
0.7477065 0.553179
0.7875857 0.5673557
0.769962 0.5547679
0.7343625 0.5243362
0.6992204 0.4996567
0.6640782 0.4680083
0.6291239 0.4359004
0.5943923 0.4032469
0.5596608 0.3705934
0.5249292 0.33794
0.491643 0.3052865
0.4569114 0.272633
0.423085 0.2379393
0.3896197 0.2024316
0.3561544 0.1669239
0.3226891 0.1314162
0.2909368 0.09254655
