0.2613371 0.4049405
0.2949953 0.412769
0.3283842 0.4228568
0.3622943 0.4293288
0.3965147 0.4327919
0.4308037 0.4342706
0.4651343 0.4342706
0.4994208 0.4327048
0.5286663 0.4285546
0.5626904 0.422782
0.5965187 0.4153962
0.6236183 0.4060543
0.6014541 0.3730143
0.5796489 0.3393973
0.5549299 0.3091741
0.5286424 0.2811624
0.5028045 0.252471
0.4787654 0.2293028
0.4496348 0.2064684
0.4354866 0.2070667
0.4402023 0.2502273
0.4472897 0.2928356
0.4562281 0.3348682
0.4666158 0.3763995
0.4770035 0.4179308
0.4878593 0.4592687
0.5 0.5
0.5082729 0.5372559
0.5219229 0.5772373
0.5344955 0.6177835
0.5469741 0.6582751
0.5549151 0.6345167
0.5647641 0.5927802
0.5751108 0.5512338
0.5850669 0.5095325
0.5966651 0.471493
0.6089424 0.4308136
0.6220484 0.3905399
0.636335 0.3509421
0.6514458 0.3118163
0.6664062 0.272598
0.6811934 0.2332734
0.6963437 0.1941741
0.7120268 0.1554193
0.7284062 0.1171249
0.7086378 0.1122501
0.6779316 0.131737
0.6469208 0.1503902
0.615366 0.1675548
0.5839785 0.1851933
0.5528816 0.2036549
0.5217847 0.2221165
0.4956864 0.2407975
0.4646906 0.2595313
0.4337333 0.2783658
0.4029329 0.2976117
0.3721325 0.3168575
0.3411372 0.3355829
0.3099365 0.3537605
0.2787359 0.3719382
0.2472255 0.3892329
0.2156895 0.4064524
0.184326 0.4240742
0.1881607 0.4326411
