0.257202 0.3384295
0.2935747 0.3358425
0.3300556 0.3358425
0.3665366 0.3358425
0.4030175 0.3358425
0.4394169 0.3375449
0.4756059 0.3436376
0.5096358 0.3497302
0.5458667 0.3553181
0.5821923 0.3597673
0.6185179 0.3642165
0.6548989 0.3674711
0.6913631 0.3689328
0.7278378 0.3694736
0.7220687 0.3420543
0.6967708 0.3077416
0.6658794 0.2822099
0.633759 0.2593313
0.600455 0.2396986
0.5673634 0.2195432
0.5359688 0.194965
0.5045741 0.1703867
0.4749587 0.1468292
0.441087 0.1289071
0.4072153 0.1109848
0.3731144 0.0938569
0.3388298 0.0773654
0.3033915 0.06679332
0.3125862 0.1109747
0.3273006 0.1551314
0.3432741 0.1983614
0.3642686 0.2378262
0.3859076 0.2766568
0.4084464 0.3146021
0.4313386 0.3521706
0.4545726 0.3893749
0.4783393 0.4259846
0.5 0.4625349
0.5240911 0.4987722
0.5475639 0.5084125
0.5581782 0.5
0.562469 0.4796248
0.5699845 0.432403
0.5777785 0.3852618
0.5858635 0.3382049
0.594246 0.291263
0.6065716 0.2458438
0.6188973 0.2004246
0.6299389 0.1544374
0.6411493 0.1085272
0.6527513 0.06290832
0.6349458 0.06608212
0.6046987 0.09300792
0.5737632 0.1185848
0.5430126 0.1445487
0.512262 0.1705126
0.4836895 0.1965129
0.4544148 0.2253079
0.4251403 0.2541029
0.3965352 0.2840036
0.3689042 0.3155124
0.342446 0.3486015
0.3181207 0.3845646
