0.2385369 0.5568811
0.2919887 0.5536447
0.3453572 0.5491769
0.3988686 0.5474662
0.4524104 0.5463456
0.5 0.5441257
0.5535043 0.5418221
0.6070168 0.5398973
0.6605703 0.5398973
0.7141238 0.5398973
0.7676773 0.5398973
0.8153977 0.537944
0.7727219 0.505468
0.7251331 0.4817641
0.6766782 0.4589028
0.6277404 0.4370525
0.5784796 0.4159542
0.5290797 0.39518
0.4854404 0.3747867
0.435858 0.3544558
0.3871674 0.3320879
0.3389856 0.3086284
0.2917793 0.2832228
0.2461552 0.2550606
0.2461268 0.2341121
0.2777786 0.2767009
0.3042192 0.3234856
0.3291323 0.3711046
0.3536624 0.4189289
0.3781102 0.4667951
0.3992059 0.5152741
0.42127 0.5642844
0.4442944 0.6128584
0.4658244 0.6621056
0.4898416 0.7098168
0.5216883 0.7466639
0.5601106 0.7332363
0.5811586 0.6837961
0.5996213 0.6333073
0.6165564 0.5822681
0.633557 0.5312513
0.6512485 0.4814427
0.6707553 0.4313931
0.6928284 0.3823753
0.7129552 0.3325498
0.7311631 0.2819668
0.7472583 0.2306636
0.7599888 0.1784075
0.7586992 0.1267658
0.7099434 0.1120255
0.6614029 0.1333591
0.614684 0.1595344
0.5692708 0.1880484
0.5263915 0.2202751
0.4894925 0.2525903
0.4467751 0.2850376
0.4041066 0.3175495
0.3616589 0.350352
0.3201411 0.3842391
0.2815655 0.4215571
0.2435284 0.4594265
0.2096799 0.5
0.1879271 0.547791
0.1857056 0.6014637
