0.3117889 0.1610759
0.3416141 0.1802189
0.3753572 0.1937181
0.4112824 0.2017589
0.4467629 0.2114808
0.4820813 0.2217261
0.516167 0.2321333
0.55151 0.242279
0.5873913 0.2505377
0.623144 0.2592774
0.6587439 0.2685887
0.6942987 0.278057
0.7305598 0.2843754
0.730325 0.2932093
0.6953671 0.3038263
0.6597321 0.3129921
0.623455 0.3185502
0.5866724 0.3213722
0.5502881 0.3272399
0.5139184 0.3332192
0.4786951 0.3389892
0.4422706 0.3446539
0.4058278 0.3502045
0.369326 0.3553905
0.3327228 0.3597925
0.2966354 0.3654003
0.2880734 0.3556302
0.3111248 0.3279965
0.3358863 0.3017866
0.3613788 0.2762052
0.3874711 0.2511819
0.4140998 0.2267216
0.4424473 0.2040666
0.4711558 0.1818599
0.5 0.1612908
0.530027 0.1407217
0.5593873 0.1192863
0.5889998 0.09818292
0.6192913 0.07797396
0.6484145 0.05633101
0.6470599 0.06431463
0.6357637 0.09785303
0.6255633 0.1318376
0.612953 0.1650954
0.6012104 0.1986392
0.5898265 0.2323014
0.5783888 0.2659467
0.5667199 0.2995189
0.555051 0.3330913
0.5426872 0.3664335
0.530252 0.3997511
0.5157163 0.4322781
0.5052966 0.4660051
0.496736 0.5
0.4851129 0.4947653
0.4711729 0.46201
0.4563826 0.4295887
0.4418256 0.3970706
0.4252336 0.365562
0.4060737 0.3353197
0.3879831 0.3044761
0.3670782 0.2753378
0.3453382 0.2467479
0.3356816 0.213778
