0.6351171 0.4143385
0.6092028 0.4122558
0.5832886 0.4101731
0.5574329 0.4068196
0.5316553 0.4017772
0.5058777 0.3967347
0.4832202 0.3918067
0.4574133 0.3872331
0.4316064 0.3826595
0.4059439 0.3761265
0.3802968 0.3693827
0.35467 0.3624347
0.329186 0.3540471
0.3122384 0.3506915
0.3380952 0.3527694
0.3640375 0.3527694
0.3899089 0.3517063
0.4151726 0.3415204
0.4403122 0.3305413
0.4651073 0.3173585
0.4886088 0.2988731
0.5079657 0.2766275
0.5289257 0.2502352
0.5509967 0.2267671
0.5745699 0.2082986
0.5995837 0.1977865
0.6130345 0.2182865
0.6004318 0.2570119
0.5844127 0.2922319
0.568153 0.3271556
0.5520818 0.362313
0.5332214 0.3930919
0.5159504 0.426384
0.5 0.4617291
0.4940529 0.5
0.4697436 0.4906603
0.453146 0.4569322
0.440275 0.4180121
0.4295413 0.3772082
0.4188638 0.3363548
0.4145361 0.292246
0.4113191 0.2477961
0.4093294 0.2031018
0.4066265 0.1585234
0.4049127 0.1138112
0.4029259 0.06913024
0.4060789 0.06412879
0.4230095 0.09806955
0.4404141 0.1313014
0.4598448 0.1610021
0.4792755 0.1907029
0.4999646 0.2177358
0.5175911 0.2446316
0.5393212 0.2689676
0.5618107 0.2913123
0.5843003 0.3136569
0.6070198 0.3352918
0.6297945 0.356757
0.6525691 0.3782222
0.6753718 0.3995942
0.6985754 0.4196411
0.7217788 0.4396881
0.7449823 0.459735
