0.3133622 0.1463971
0.333945 0.1729039
0.3594543 0.1930532
0.3859414 0.2113909
0.4126895 0.2291655
0.4397556 0.2462455
0.4680782 0.260029
0.4967216 0.2728225
0.5215742 0.2828971
0.5509833 0.2929718
0.5804319 0.3028783
0.6102284 0.3106674
0.6405886 0.3150151
0.6705961 0.3220776
0.70109 0.3245111
0.6964151 0.3379088
0.6711439 0.3584155
0.6448176 0.3770374
0.6189892 0.3966772
0.5928952 0.4158077
0.566668 0.4346754
0.5391355 0.4504273
0.5110373 0.4648955
0.4886733 0.4820848
0.4620496 0.5
0.4549916 0.4901679
0.4636613 0.4552468
0.4704398 0.4194865
0.4761538 0.3834704
0.4813944 0.3473405
0.4866351 0.3112106
0.4922186 0.2751575
0.498217 0.2391975
0.5 0.2033228
0.5064377 0.1674734
0.511753 0.1313592
0.5180007 0.09546334
0.5189024 0.0589056
0.5189024 0.07718006
0.5195388 0.113825
0.5226246 0.150275
0.5276529 0.1864482
0.5343774 0.2221877
0.542098 0.2576724
0.5481294 0.2936233
0.5564927 0.3288036
0.5656732 0.3637364
0.5731271 0.399264
0.5844864 0.4333133
0.5840244 0.4460078
0.5598732 0.4235474
0.5342838 0.4034773
0.5095005 0.3820078
0.4917434 0.3569262
0.4686147 0.3329726
0.4447311 0.3100636
0.4217004 0.28595
0.3989661 0.2614176
0.376833 0.2361102
0.3547857 0.2106924
0.3323006 0.1858526
0.3090362 0.1620466
0.2862129 0.1379448
0.2645521 0.1209523
