0.1471302 0.6561623
0.1943943 0.6509647
0.2414715 0.6430807
0.2887172 0.6366848
0.3360307 0.631088
0.383007 0.6224121
0.4300111 0.6142353
0.4774683 0.6109205
0.5173784 0.6016622
0.5642423 0.5923233
0.6116421 0.5879506
0.659029 0.5834626
0.7056405 0.5720676
0.7520936 0.5598108
0.7982089 0.5457186
0.823926 0.5234751
0.7781599 0.5077752
0.7325293 0.4987423
0.6873223 0.4807833
0.6428246 0.4605632
0.599387 0.436965
0.5564774 0.4119796
0.5136949 0.3866605
0.4771554 0.3632075
0.4337229 0.3395958
0.3897281 0.3182688
0.3432282 0.30647
0.2983083 0.3015573
0.3211319 0.3498935
0.3399989 0.4032244
0.3602287 0.4557601
0.382285 0.5
0.4058398 0.5504153
0.4311901 0.5995666
0.4567745 0.6485314
0.4833394 0.6967148
0.5029535 0.7448981
0.5290893 0.7934303
0.5550595 0.8420951
0.5712577 0.8542356
0.5712577 0.796132
0.5712577 0.7380283
0.572903 0.6799838
0.5756943 0.6219804
0.5808923 0.5643129
0.5888686 0.5070332
0.5966925 0.4569525
0.6043518 0.3996081
0.6118777 0.3422377
0.6192484 0.2848369
0.627674 0.2277427
0.6500895 0.1777193
0.6110071 0.2087905
0.573076 0.2437541
0.5333915 0.2757372
0.5 0.3064236
0.458835 0.3354759
0.4180834 0.3653843
0.377523 0.3956825
0.3381631 0.4282293
0.2984236 0.4600866
0.2588856 0.4923255
0.2223502 0.5219026
