0.3269813 0.1900438
0.3692394 0.1859061
0.4123669 0.1865667
0.4545701 0.1930285
0.4952516 0.2029665
0.5367844 0.2106968
0.5778559 0.2199016
0.6198754 0.2264566
0.6616679 0.2337756
0.7047833 0.235558
0.6673741 0.248956
0.631393 0.2654316
0.5937124 0.2800352
0.5562788 0.294937
0.5183574 0.3092135
0.4798661 0.3225348
0.441653 0.3364587
0.4036388 0.350646
0.3661043 0.3654231
0.3293414 0.3810404
0.2942935 0.3984806
0.264105 0.4195189
0.2718276 0.4257809
0.2984784 0.4024692
0.3252699 0.3791028
0.3517044 0.3555325
0.3774657 0.3316116
0.4031628 0.3076574
0.4275748 0.2830752
0.451885 0.2584432
0.4773419 0.2343715
0.5028618 0.2104172
0.5256561 0.1851282
0.5478991 0.1595858
0.5698786 0.1339354
0.5903424 0.1077269
0.6089954 0.08085474
0.6300712 0.05914456
0.6293663 0.08890498
0.624592 0.1185102
0.6189818 0.148045
0.6135628 0.1775973
0.6051674 0.2067875
0.595962 0.2358851
0.5888547 0.2652672
0.5828254 0.2947524
0.5780512 0.3243576
0.5719346 0.3538344
0.5648272 0.3832165
0.5578334 0.412609
0.5535316 0.4422486
0.5501489 0.4719409
0.5443959 0.5
0.5269979 0.4749004
0.5138893 0.4465735
0.5 0.418423
0.4864238 0.3901492
0.4717801 0.3621227
0.4586415 0.3337617
0.4466749 0.3051408
0.4314949 0.27725
0.4155786 0.2495557
0.4021322 0.2212709
