0.2268396 0.4190652
0.2666634 0.4190652
0.3060434 0.4124221
0.3457389 0.4083041
0.3855436 0.4076534
0.425325 0.40606
0.4650522 0.4024264
0.5 0.4001636
0.5398139 0.3990037
0.5796337 0.398524
0.6194574 0.398524
0.6592386 0.3966261
0.6989937 0.3935604
0.7387753 0.3916769
0.7391621 0.375402
0.7070456 0.344654
0.6718894 0.3203396
0.6359783 0.2978189
0.6010613 0.2727205
0.5644432 0.2522032
0.5270017 0.2344914
0.4959028 0.2119664
0.4588479 0.1928497
0.4221042 0.1727215
0.3910906 0.1540732
0.4074875 0.1998817
0.4194772 0.2496581
0.4293939 0.3001989
0.4396782 0.3506035
0.4519236 0.4002793
0.465755 0.4492364
0.4807408 0.4975982
0.4980458 0.5198776
0.5132664 0.5649207
0.5346717 0.6089441
0.5566161 0.6522313
0.5658464 0.6158448
0.5736887 0.5646626
0.5841028 0.5143443
0.5958225 0.4891453
0.6062051 0.4387656
0.6158867 0.3881502
0.6272862 0.3381287
0.6394147 0.2884023
0.6522582 0.2389927
0.6665606 0.1902697
0.682017 0.1421933
0.6739744 0.1145071
0.6363314 0.1315075
0.6003695 0.1537395
0.5675431 0.1832287
0.535045 0.2134036
0.5023952 0.2432946
0.4745039 0.2730568
0.4418824 0.3029931
0.4103506 0.3348814
0.3789499 0.3669843
0.3482952 0.40031
0.3176405 0.4336356
0.2849497 0.4633771
0.2518143 0.4923364
0.2205731 0.5
0.1863623 0.5256088
0.1815738 0.5221857
