0.3301714 0.1434399
0.336208 0.199453
0.3422445 0.2554661
0.3522794 0.3105873
0.3624357 0.3656814
0.372592 0.4207755
0.3827678 0.475864
0.3933131 0.5254688
0.4038583 0.5804509
0.4144036 0.635433
0.4249489 0.6904151
0.4377995 0.74464
0.4550564 0.7147107
0.4671674 0.6602246
0.4792784 0.6057385
0.4936195 0.5521996
0.5007952 0.5
0.5182894 0.4531778
0.5374816 0.4019672
0.5588523 0.3520254
0.580223 0.3020836
0.6049972 0.2546512
0.6303331 0.207633
0.6276137 0.2036977
0.589932 0.2352368
0.5506383 0.2640451
0.5092283 0.2873184
0.4766217 0.3066299
0.4336968 0.3259414
0.3898158 0.3407165
0.3447344 0.3497961
0.2996529 0.3588757
0.2542617 0.3632156
0.2768341 0.3820631
0.3184609 0.4053214
0.3602467 0.4281172
0.4026547 0.449104
0.4450628 0.4700908
0.4874708 0.4910777
0.5195605 0.5066872
0.5625181 0.5258726
0.6055576 0.5447899
0.6485971 0.563707
0.6916366 0.5826242
0.734676 0.6015414
0.7771637 0.6221834
0.8190091 0.6448332
0.8505208 0.6631225
0.8105496 0.6364547
0.7714447 0.6072558
0.7323698 0.5779954
0.693295 0.548735
0.6545268 0.5188606
0.6158951 0.4940903
0.5772634 0.4639427
0.5386317 0.433795
0.5 0.4036474
0.4722104 0.3725153
0.4345509 0.3405402
0.3968914 0.3085651
0.3592318 0.27659
0.3233649 0.2418793
0.2902899 0.2029077
