0.1650421 0.5583887
0.2140712 0.5560867
0.2632055 0.5560867
0.3123398 0.5560867
0.3614742 0.5560867
0.4106085 0.5560867
0.4597324 0.5572651
0.5 0.5583887
0.5491343 0.5583887
0.5982686 0.5583887
0.6474029 0.5583887
0.6965373 0.5583887
0.7456416 0.5576613
0.7945321 0.5517395
0.8102914 0.5355221
0.7649326 0.5126558
0.7191105 0.5
0.6731722 0.4789762
0.6267232 0.4595835
0.5802004 0.4404884
0.5331607 0.4233028
0.4949638 0.4062349
0.4490975 0.3848935
0.4030899 0.3640551
0.3586268 0.3387757
0.3165447 0.3081374
0.3302508 0.3115441
0.3489779 0.3665387
0.3671989 0.4218005
0.3837338 0.4778427
0.401471 0.5245354
0.4186145 0.5803068
0.4352942 0.6362852
0.4512312 0.6925682
0.4653493 0.749572
0.4785967 0.8068703
0.4999677 0.7841555
0.5065541 0.727749
0.5184709 0.6700124
0.5383931 0.6156718
0.5588044 0.5615365
0.5791954 0.50739
0.5995941 0.4620555
0.6202531 0.4080583
0.6416525 0.3545098
0.6649471 0.3021098
0.6881893 0.2496758
0.7109751 0.1969547
0.7344398 0.1447157
0.7092242 0.1680417
0.6700508 0.2038971
0.6292394 0.2370271
0.5876405 0.2686985
0.5452818 0.2988185
0.5022576 0.3275364
0.4665899 0.3527038
0.4218675 0.3773126
0.3761116 0.3989993
0.3304735 0.4210378
0.2851896 0.4441324
0.2395857 0.4662713
0.1938132 0.487907
0.1481859 0.5011799
