0.3553075 0.2736387
0.3778417 0.3242351
0.3966387 0.3784064
0.4155661 0.4324723
0.4345601 0.4864843
0.451474 0.5403407
0.4681869 0.5960698
0.4850309 0.6517073
0.5 0.7072983
0.5169082 0.7628909
0.5336514 0.8185991
0.553044 0.8686861
0.5663078 0.8108565
0.5823395 0.7546662
0.5983712 0.6984761
0.6224155 0.6494271
0.6468073 0.6006877
0.6711991 0.5519484
0.7001684 0.5094689
0.72922 0.4687861
0.757084 0.4245622
0.7527503 0.4005354
0.7155123 0.4238575
0.6765831 0.4393966
0.637542 0.4544209
0.5985009 0.4694453
0.5589167 0.4806039
0.5192482 0.4911627
0.4815213 0.5
0.4418528 0.5105588
0.4020698 0.5199994
0.3621695 0.528295
0.3222692 0.5365906
0.2823689 0.5448862
0.2424686 0.5531818
0.2024388 0.5595369
0.1622566 0.5636114
0.1786659 0.5537574
0.2181708 0.56415
0.2576092 0.5765235
0.2971854 0.5878544
0.3367617 0.5991855
0.3762084 0.6113892
0.4151457 0.6270243
0.454083 0.6426594
0.4930203 0.6582946
0.530016 0.6739297
0.5683388 0.6925499
0.6061856 0.7134827
0.6440322 0.7344155
0.6811403 0.7580997
0.7182996 0.7815186
0.6927712 0.7368833
0.6648176 0.6927909
0.6375779 0.6476762
0.6103382 0.6025615
0.5823094 0.558597
0.5538333 0.5152845
0.5253572 0.4736936
0.4990697 0.4300112
0.4710491 0.3860167
0.4430285 0.3420223
0.4151198 0.2978649
0.407332 0.2824308
