0.2408974 0.1913583
0.2852421 0.2063867
0.3358842 0.2185616
0.3825778 0.2338749
0.4304483 0.2483214
0.4813714 0.26052
0.5306224 0.2712467
0.5838344 0.2808551
0.6391275 0.2879199
0.6450514 0.2997322
0.606064 0.3189107
0.5642419 0.3368727
0.5190729 0.3530983
0.4750069 0.3680667
0.4262321 0.3819694
0.382867 0.3990044
0.3422469 0.4174306
0.3081857 0.4383186
0.3250721 0.4155972
0.3451426 0.3911569
0.3626179 0.3662432
0.3824437 0.3416806
0.4013933 0.316976
0.4202318 0.2922536
0.4396002 0.2676182
0.4599811 0.2431495
0.4798417 0.2185938
0.4992115 0.1939562
0.5169654 0.1695862
0.5396515 0.1455398
0.5607721 0.1212062
0.5831459 0.09715623
0.6098468 0.07399648
0.6226928 0.08687946
0.6268758 0.1129526
0.629498 0.1390866
0.6334604 0.1651863
0.6382349 0.1912571
0.6430792 0.2173252
0.646787 0.2434326
0.649 0.2695717
0.6505817 0.2957235
0.6516286 0.3218809
0.6526754 0.3480384
0.6531334 0.3741982
0.6531334 0.40036
0.6589282 0.4263811
0.661121 0.4524897
0.661121 0.4786514
0.6589379 0.5
0.6236597 0.4795942
0.5910351 0.458055
0.5597488 0.4360904
0.5284626 0.4141257
0.5 0.3922501
0.4673732 0.3706917
0.434681 0.3491539
0.4018998 0.3276439
0.3721493 0.3052456
0.3418298 0.2830049
0.309663 0.2613145
0.2779585 0.2394837
0.2544051 0.2158144
0.2382348 0.2143389
