0.3115587 0.2197876
0.3367804 0.2376419
0.3673181 0.2478851
0.3977724 0.2585158
0.4283974 0.2679126
0.4597499 0.2727082
0.4910405 0.2781159
0.5175914 0.2829419
0.549094 0.2857112
0.5805955 0.2885007
0.6120964 0.2913021
0.6436161 0.2934142
0.6751935 0.2934142
0.706771 0.2934142
0.7293903 0.2934142
0.6996833 0.3059142
0.670977 0.3226709
0.6419239 0.3384294
0.611967 0.3511575
0.5819736 0.3637446
0.5519364 0.3761618
0.521945 0.3887541
0.4968467 0.4017605
0.4669634 0.414767
0.4370141 0.4275241
0.4070571 0.4402522
0.3774775 0.4543389
0.3479106 0.4684715
0.3187699 0.4839313
0.2899005 0.5
0.3010889 0.4789845
0.3193842 0.4461791
0.3374927 0.4132053
0.3556012 0.3802315
0.3737096 0.3472577
0.3917353 0.3142102
0.4097469 0.2811504
0.4288693 0.2491876
0.4494874 0.218702
0.4696787 0.187774
0.4888914 0.1558316
0.5033034 0.1238739
0.5224407 0.09185806
0.5439551 0.06249022
0.5605806 0.05572519
0.5663362 0.09518659
0.5738947 0.134265
0.5808929 0.1735137
0.586263 0.2131709
0.5921442 0.2527081
0.5988202 0.292043
0.6066194 0.3310372
0.617051 0.3690272
0.6266392 0.4066192
0.6050198 0.3799614
0.5809439 0.3540222
0.5539994 0.333034
0.52471 0.3181265
0.5 0.3037518
0.4701827 0.2905076
0.4401281 0.2783066
0.4092714 0.2697563
0.379413 0.2572179
