0.3380195 0.2093815
0.3570347 0.2519577
0.3771491 0.2939385
0.3975302 0.3357553
0.4188825 0.376903
0.442092 0.4167709
0.4653015 0.4566387
0.4881784 0.4967538
0.5071884 0.5199301
0.5296707 0.5603284
0.5506756 0.5940492
0.5571679 0.5468475
0.5655326 0.5
0.5738974 0.4701095
0.5822622 0.4232619
0.5906394 0.3764182
0.604207 0.3311707
0.6177747 0.2859232
0.6313424 0.2406757
0.6449101 0.1954283
0.6619598 0.1518766
0.6814373 0.1095072
0.6973442 0.08342806
0.6899669 0.1295097
0.665278 0.1668201
0.6309357 0.1941376
0.5921747 0.2127113
0.5534137 0.231285
0.5142941 0.2487914
0.4783442 0.2642947
0.4385518 0.2797981
0.3987593 0.2953015
0.3589668 0.3108049
0.3191743 0.3263083
0.2793819 0.3418117
0.2399997 0.3585564
0.2511573 0.3751197
0.2925451 0.3836707
0.3338926 0.3924675
0.375216 0.4014118
0.4165394 0.4103562
0.4582653 0.4164098
0.5 0.4224004
0.5378937 0.4283758
0.5797267 0.4334038
0.6215597 0.4384317
0.6633926 0.4434597
0.7052364 0.4483701
0.7472075 0.4504845
0.7348613 0.4351669
0.6959298 0.4170674
0.657142 0.3985662
0.6183542 0.3800649
0.5802166 0.3599037
0.5421605 0.3395346
0.5041043 0.3191655
0.4698907 0.2987964
0.4320565 0.2779363
0.3953173 0.2546534
0.3585781 0.2313705
0.3218389 0.2080876
0.2858036 0.1834772
0.2505192 0.1574503
0.2234719 0.1369025
