0.3093191 0.1550802
0.3415155 0.1713977
0.3733739 0.1885554
0.4064046 0.2027098
0.438491 0.2195377
0.4707441 0.235882
0.5 0.2495088
0.5331943 0.2631355
0.5672597 0.272633
0.602107 0.2784234
0.6361482 0.28881
0.67101 0.2936876
0.7062111 0.2936876
0.7349153 0.3004496
0.7068725 0.3227124
0.6758093 0.3419111
0.6428495 0.3562873
0.608785 0.3662474
0.5741693 0.3734521
0.5391835 0.3779736
0.5042088 0.3826075
0.4731968 0.3874857
0.4381426 0.3908372
0.4029675 0.3924108
0.3677781 0.3931234
0.3325772 0.3931285
0.2974754 0.3961366
0.3000031 0.3834752
0.3269346 0.3574476
0.3536045 0.3307266
0.3812161 0.3054113
0.4083079 0.2796678
0.4309739 0.2483472
0.4547602 0.2181656
0.4755313 0.1851417
0.4975593 0.1532529
0.5165296 0.1221664
0.5394381 0.09107989
0.5605708 0.05862167
0.5795341 0.05957332
0.587671 0.0994063
0.5941777 0.1396265
0.5997643 0.1800495
0.604923 0.2205509
0.6084815 0.2611894
0.6084815 0.3021327
0.6110283 0.3429207
0.6136627 0.3837033
0.6136627 0.4246467
0.6136627 0.4655901
0.6101558 0.5
0.5887433 0.4676128
0.5628143 0.4400583
0.5358886 0.4136852
0.5085695 0.3878661
0.485148 0.3621046
0.4576711 0.3365122
0.4301739 0.3109494
0.4023879 0.2858126
0.3756275 0.2593242
0.3507381 0.2303711
0.3270593 0.2000755
0.3022808 0.1709993
0.3196815 0.1490538
