0.6997228 0.3917544
0.6797192 0.3511857
0.655692 0.3149969
0.6301031 0.281248
0.6013035 0.2525153
0.572504 0.2237826
0.5430557 0.1966715
0.5102101 0.1780525
0.4862319 0.1594336
0.4526588 0.1436094
0.4187982 0.1288896
0.3849377 0.1141698
0.3496824 0.1088137
0.3176863 0.1025569
0.3424086 0.1376373
0.3656629 0.1747762
0.3894112 0.2112815
0.4111986 0.2500973
0.4311953 0.2907211
0.450556 0.3319247
0.4695438 0.373468
0.4888793 0.4147013
0.5 0.455289
0.5221691 0.4936876
0.5451623 0.5305322
0.5655242 0.547121
0.5756493 0.5
0.5851873 0.453244
0.5945971 0.40583
0.6048948 0.3587899
0.6161171 0.3121392
0.6276543 0.2656447
0.6403463 0.219723
0.6530384 0.1738014
0.6669807 0.1286044
0.6812667 0.08359709
0.6699288 0.07528633
0.6382092 0.09727293
0.605876 0.117541
0.5735075 0.1376955
0.5406426 0.1562487
0.5077777 0.174802
0.4837801 0.1933552
0.4509151 0.2119085
0.418173 0.2308704
0.3855234 0.2501399
0.3528738 0.2694094
0.3211491 0.2912908
0.2901702 0.3152791
0.2601238 0.3413519
0.2361472 0.3749812
0.2695867 0.3841716
0.3050745 0.3841716
0.3405623 0.3841716
0.3760501 0.3841716
0.4115378 0.3841716
0.4470256 0.3841716
0.4825134 0.3841716
0.5091338 0.3841716
0.5446216 0.3841716
0.5801094 0.3841716
0.6155971 0.3841716
0.6507754 0.3899218
0.68513 0.3993372
