0.3473546 0.1683359
0.3634831 0.2287552
0.3813369 0.2883329
0.399358 0.3478286
0.4173791 0.4073242
0.4342974 0.4673439
0.4495778 0.5267032
0.4648582 0.5875011
0.4801386 0.648299
0.495419 0.7090969
0.5082337 0.7702528
0.5226023 0.8314312
0.5337236 0.8360237
0.5426452 0.7731364
0.5551476 0.7112587
0.5688802 0.6498677
0.5846077 0.5892658
0.6003353 0.5286639
0.6194878 0.4713228
0.6404654 0.4135142
0.6614431 0.3557056
0.6829028 0.2982242
0.706856 0.2424357
0.7285587 0.1853408
0.7139418 0.1818774
0.6711962 0.2128779
0.6284505 0.2438785
0.5857049 0.2748789
0.5410666 0.3006248
0.4972334 0.3241434
0.4517928 0.3476621
0.4063522 0.3711807
0.3607693 0.394197
0.314623 0.4152252
0.2684766 0.4362535
0.2223303 0.4572817
0.1760968 0.4779743
0.1297459 0.4982157
0.1535928 0.5
0.2024174 0.5009306
0.2509054 0.5087532
0.2993862 0.5166925
0.3478671 0.5246319
0.3963479 0.5325712
0.4446336 0.5423018
0.4928744 0.552445
0.5395077 0.5625882
0.5877485 0.5727314
0.6362322 0.5803226
0.6848967 0.586015
0.7335612 0.5917074
0.7818286 0.6012461
0.7972648 0.6034677
0.7560451 0.5691029
0.713654 0.5373031
0.6710505 0.5059686
0.6284471 0.4760725
0.5857227 0.4450235
0.5428613 0.4142985
0.5 0.3835735
0.4593311 0.351554
0.4181586 0.3170923
0.3774054 0.2818636
0.3397803 0.2411067
