0.2679396 0.7603489
0.307471 0.7403067
0.347513 0.7219441
0.3892024 0.7116524
0.4310585 0.7016534
0.4732302 0.6946607
0.5108217 0.6907167
0.5533826 0.6882962
0.5960099 0.6882962
0.6386371 0.6882962
0.6811469 0.6919979
0.7237487 0.6927995
0.7663759 0.6927995
0.7459385 0.6715399
0.7081885 0.6467276
0.6697334 0.6236476
0.631225 0.6006616
0.5927372 0.5776199
0.5541614 0.5548303
0.5165863 0.5295138
0.4835007 0.505242
0.446425 0.4893215
0.4116329 0.4584965
0.3773335 0.4267128
0.3463892 0.3902807
0.3483655 0.3903131
0.3704415 0.4358522
0.3931992 0.4811473
0.4144625 0.5171793
0.4355618 0.563761
0.4569665 0.6101237
0.4761116 0.65802
0.4930731 0.7071588
0.5036838 0.7570817
0.5183775 0.8074052
0.5311143 0.8585547
0.5436365 0.9097546
0.5555514 0.8708526
0.5638626 0.8183638
0.5731479 0.7661222
0.5847195 0.7145238
0.5966119 0.6630412
0.6085894 0.6115896
0.6217862 0.5606119
0.6349782 0.5096322
0.6481289 0.4690602
0.6606028 0.4178041
0.6694211 0.3654878
0.6382971 0.3623508
0.6014796 0.3893297
0.5653318 0.4177438
0.5301282 0.4479623
0.5 0.4784786
0.4657716 0.5
0.4316698 0.532167
0.3993253 0.5670828
0.3670237 0.6020656
0.3362434 0.6391523
0.3065153 0.677537
0.2783474 0.7177056
0.2538208 0.7615341
0.2324161 0.8078967
0.2134671 0.8558253
