0.327233 0.350379
0.3631983 0.3530916
0.3993754 0.355422
0.4355772 0.3573639
0.471769 0.3594826
0.5039199 0.3615043
0.5401453 0.3629464
0.5763032 0.3654476
0.612415 0.3686416
0.648506 0.3720624
0.6847275 0.3735404
0.7209653 0.3743997
0.7477315 0.3716129
0.7174289 0.3522803
0.6878215 0.3314576
0.6582273 0.3106164
0.6282116 0.2903808
0.5981959 0.2701451
0.5663565 0.2530105
0.5339296 0.2368748
0.5017451 0.2202713
0.473774 0.203344
0.441698 0.1865287
0.4095325 0.1698829
0.3763312 0.1554849
0.342204 0.1434411
0.3392649 0.1618724
0.3438249 0.1976401
0.3496289 0.2332407
0.3560796 0.2687432
0.3644769 0.3038425
0.3751189 0.3383048
0.3887776 0.3715954
0.4052487 0.4037255
0.4213513 0.436022
0.4395093 0.4672222
0.453817 0.5
0.4732711 0.4973327
0.4866782 0.463935
0.5 0.4304137
0.5082679 0.3964781
0.5205396 0.3625275
0.5327332 0.328549
0.5449269 0.2945706
0.5571206 0.2605921
0.5700544 0.2268888
0.5832344 0.1932771
0.5963865 0.1596546
0.6092442 0.1259195
0.6219628 0.09213343
0.6274023 0.06568545
0.6026023 0.09195772
0.5777393 0.1182115
0.55307 0.144651
0.52793 0.1706392
0.5022942 0.1961519
0.4804306 0.2213836
0.4540066 0.246087
0.4275827 0.2707904
0.400455 0.2947114
0.3728714 0.3181257
0.3452879 0.34154
0.3174627 0.364669
