0.2948719 0.1595171
0.3146275 0.2214634
0.3311491 0.2853646
0.3468714 0.3496658
0.3625937 0.4139669
0.3773442 0.478705
0.3919281 0.5422943
0.406726 0.6070127
0.4219796 0.6715298
0.437363 0.7359761
0.4579828 0.7975683
0.4812218 0.8568299
0.4975962 0.8075446
0.5068328 0.7438298
0.5307336 0.6845534
0.5546845 0.6253161
0.5790154 0.566376
0.6033465 0.5074359
0.6290733 0.4508727
0.6549942 0.3932459
0.6798056 0.3347308
0.7025942 0.2746374
0.696139 0.2753355
0.6562329 0.3147925
0.6138145 0.3478067
0.5680869 0.3723347
0.5223592 0.3968627
0.4841479 0.4212522
0.4372147 0.4409391
0.3902815 0.4606261
0.3433483 0.480313
0.2964151 0.5
0.2492265 0.5172527
0.2020173 0.5356321
0.1592605 0.5487041
0.2080775 0.5442057
0.2570266 0.5483541
0.3058843 0.5538005
0.3544905 0.5628178
0.4030967 0.571835
0.4517028 0.5808523
0.5 0.5922314
0.5402524 0.6073852
0.5880557 0.6225389
0.635859 0.6376926
0.6836622 0.6528463
0.7313332 0.6685776
0.7767109 0.6943209
0.8220885 0.7200642
0.8502463 0.7431113
0.8127466 0.6998446
0.7704767 0.6654258
0.7284701 0.6303987
0.6865993 0.5950576
0.6447284 0.5597165
0.6028576 0.5243754
0.5617586 0.4885724
0.5207953 0.4512489
0.487383 0.4139254
0.4468555 0.3758179
0.4102879 0.3305845
0.3737204 0.2853511
0.3423368 0.2337789
0.335719 0.1999044
