0.1582743 0.6324739
0.2048987 0.6097354
0.2526058 0.5912982
0.3015801 0.5796144
0.3509094 0.5702457
0.4002372 0.5608636
0.4495631 0.551465
0.4991106 0.5448459
0.5476125 0.5410647
0.5973266 0.536331
0.6469218 0.5297052
0.6966109 0.524625
0.7463993 0.5211804
0.7962384 0.5201731
0.8460982 0.5201731
0.8398855 0.5118669
0.7902023 0.5066159
0.7406518 0.5
0.6914084 0.4916986
0.642361 0.4802666
0.5936656 0.4664312
0.5465364 0.445846
0.5 0.4227318
0.4548944 0.3990893
0.4077384 0.3782112
0.3611825 0.355221
0.3150141 0.3309666
0.2675058 0.31157
0.2609924 0.3147348
0.287423 0.3693295
0.3134033 0.424287
0.3429801 0.4761259
0.3723031 0.5264102
0.4013817 0.5787171
0.4319057 0.6296313
0.4636346 0.6792372
0.4972785 0.7267601
0.5336347 0.7689171
0.5743578 0.8059964
0.6211784 0.8264481
0.6265699 0.764151
0.6265699 0.6997592
0.6259249 0.6353762
0.6251892 0.5710024
0.6272227 0.5066643
0.6306043 0.4442338
0.6352389 0.3801221
0.6405979 0.3161034
0.6499178 0.2528548
0.6550285 0.188944
0.6377645 0.1391455
0.5921572 0.1594756
0.5546226 0.2017781
0.5179977 0.2454709
0.484053 0.290976
0.4503969 0.3384846
0.4164143 0.3855995
0.3820282 0.432228
0.3468131 0.4777969
0.3110636 0.5208896
0.2753002 0.5657568
0.2390072 0.6098963
0.2029748 0.6543769
