0.2294593 0.6192572
0.2726718 0.6192572
0.3158844 0.6192572
0.359097 0.6192572
0.4023096 0.6192572
0.4455222 0.6192572
0.4887298 0.6184577
0.5101271 0.6173129
0.5531558 0.6121766
0.5961041 0.6052226
0.6388856 0.5964322
0.6815957 0.5868569
0.7229733 0.5692499
0.7635239 0.5482884
0.7470951 0.5021565
0.7120475 0.4775402
0.6740263 0.4476226
0.6353816 0.4195647
0.5957186 0.3945705
0.555177 0.3728068
0.5139724 0.3540365
0.4938908 0.338641
0.4515659 0.3259426
0.4088143 0.316814
0.3659708 0.3087267
0.3228495 0.3046561
0.3317562 0.3246106
0.3622988 0.3691561
0.3898201 0.4177048
0.4187089 0.464529
0.4469369 0.5
0.4735939 0.5495622
0.5 0.5994076
0.5045236 0.6493334
0.5323901 0.6974621
0.558652 0.7473898
0.5828661 0.799505
0.6040194 0.8544056
0.6052234 0.8392016
0.5986712 0.777284
0.5969516 0.7143623
0.5963253 0.6514082
0.5963253 0.5884365
0.5963253 0.5254649
0.5992178 0.4748082
0.6041316 0.4123206
0.6115357 0.3502801
0.6187277 0.2881871
0.6320825 0.2285354
0.6246512 0.2604484
0.5979664 0.3097385
0.5704154 0.3582515
0.5420691 0.4056402
0.5096289 0.447241
0.4989967 0.4888418
0.4631999 0.5115875
0.4261453 0.5439861
0.3882347 0.5741339
0.3497427 0.6027527
0.3102984 0.6283151
0.2701712 0.6516815
0.2294556 0.6727776
0.1886666 0.6935629
0.1473008 0.7113541
