0.6292409 0.2617503
0.6028199 0.2442085
0.5777035 0.2237065
0.5532471 0.2017073
0.5287396 0.1798103
0.5039969 0.158383
0.4789717 0.1383379
0.4525507 0.1207961
0.4261297 0.1032543
0.3997087 0.08571234
0.3749553 0.06454885
0.3670169 0.09052438
0.3723813 0.1287716
0.3831698 0.1652689
0.3954776 0.2009268
0.4076417 0.2366709
0.4196389 0.2725149
0.4336041 0.3069525
0.4495275 0.3399904
0.4661607 0.3723883
0.4834208 0.4042206
0.5 0.4366654
0.5155447 0.4697578
0.5342469 0.5
0.5438862 0.4942314
0.5473961 0.4552885
0.5508052 0.4163577
0.5508052 0.3771329
0.5518206 0.3379598
0.5540861 0.2988505
0.5577229 0.2599411
0.5619004 0.2211105
0.5674921 0.1826763
0.5754899 0.1449165
0.5830699 0.107027
0.5893607 0.0689128
0.5967522 0.06300548
0.5776712 0.09294915
0.5541279 0.1165151
0.5302137 0.1395409
0.506124 0.1622422
0.4823487 0.1849434
0.4567779 0.2043263
0.4302149 0.2214858
0.4036519 0.2386453
0.3764369 0.253875
0.3491222 0.2688099
0.321988 0.2842978
0.3062927 0.3009645
0.3357915 0.3030261
0.3652331 0.3061744
0.3946928 0.308619
0.4242325 0.308619
0.4537678 0.3085168
0.4831267 0.3041852
0.5121711 0.2998535
0.5415287 0.2955065
0.5708092 0.2903224
0.6000897 0.2851382
0.6293701 0.2799541
0.6586506 0.2747701
0.6880437 0.2708669
0.7174366 0.2669638
0.7429728 0.2643541
