0.3321848 0.1789449
0.3575963 0.2044742
0.3836807 0.2319962
0.411323 0.2582191
0.4390502 0.2842267
0.4685361 0.3077169
0.5 0.3275158
0.5297918 0.3458916
0.5622616 0.3635649
0.5955967 0.3789929
0.6295176 0.3926094
0.6639145 0.4046214
0.6989912 0.4136906
0.7349125 0.4161128
0.713804 0.4016727
0.6778655 0.4008116
0.6418946 0.4011127
0.6063665 0.4076695
0.5708385 0.4142264
0.5357452 0.4231893
0.5008276 0.4331241
0.4682781 0.4430589
0.4333606 0.4529937
0.3984492 0.462956
0.3635987 0.4731916
0.3288895 0.483918
0.2959008 0.5
0.3021209 0.4959836
0.3271484 0.4666648
0.3503784 0.4356357
0.3723493 0.4032069
0.3945649 0.3710071
0.4148891 0.3372007
0.4373715 0.3052576
0.4605005 0.2738728
0.4829844 0.2419264
0.5011702 0.2083004
0.5229232 0.1757099
0.545846 0.1441297
0.569901 0.113686
0.5947218 0.08402631
0.618877 0.05862018
0.618877 0.09958237
0.6125973 0.1399114
0.6058246 0.1801301
0.597488 0.2199783
0.5872704 0.2592465
0.5790828 0.2989896
0.5746185 0.3396355
0.5712095 0.3804109
0.5695799 0.421289
0.5695799 0.4622511
0.569524 0.4831618
0.5497181 0.4489833
0.5282292 0.4161416
0.5054506 0.3847167
0.4818093 0.3564338
0.4581082 0.3256066
0.4343925 0.2947941
0.4105793 0.2640792
0.3875412 0.2326161
0.3648059 0.2008608
0.3389071 0.1739375
0.3411479 0.2146471
