0.3611504 0.2580298
0.3703712 0.3113952
0.383171 0.3640015
0.3985355 0.4156701
0.4141032 0.4672534
0.4305956 0.5107833
0.4470881 0.5619785
0.463903 0.6130283
0.4813474 0.6637942
0.5 0.6940926
0.5144123 0.642056
0.5284532 0.5898795
0.5424941 0.537703
0.5579515 0.4937532
0.5741702 0.4424396
0.5903889 0.3911259
0.6066076 0.3398123
0.6271081 0.2906538
0.648114 0.2417496
0.6691198 0.1928454
0.6901257 0.1439412
0.7129721 0.102224
0.6974958 0.1533874
0.6731509 0.2001467
0.6352465 0.2321947
0.5968873 0.2637491
0.5585281 0.2953035
0.5146626 0.3143703
0.4714614 0.3322556
0.4270749 0.3501409
0.3826884 0.3680261
0.3381224 0.3852704
0.2932062 0.4012635
0.2482899 0.4172566
0.2029864 0.4315126
0.1970573 0.4385335
0.2438134 0.4425694
0.2901331 0.4516399
0.3364528 0.4607104
0.3827725 0.4697809
0.4289735 0.4796238
0.4751214 0.4898119
0.520084 0.5
0.5662318 0.5025226
0.6123113 0.5131198
0.6583697 0.5238428
0.7044281 0.5345657
0.7499724 0.5478335
0.7954061 0.5612829
0.7650096 0.5209572
0.729965 0.4923528
0.6924677 0.4594245
0.6549703 0.4264961
0.6154354 0.3969845
0.5758242 0.3676007
0.536213 0.338217
0.4977871 0.3088332
0.4581995 0.2794062
0.4186134 0.2499766
0.3790274 0.220547
0.3394413 0.1911173
0.2998353 0.1617242
0.2601683 0.1324426
0.2627457 0.1143891
