0.2929911 0.7152513
0.3341556 0.6949921
0.3780123 0.6826905
0.4219965 0.6709089
0.46688 0.6656452
0.5080251 0.6597011
0.5530878 0.6558052
0.5982842 0.6546276
0.6433998 0.6515591
0.6886465 0.6515591
0.7338932 0.6515591
0.77914 0.6515591
0.7796115 0.6255781
0.7461334 0.5918199
0.7076995 0.5654154
0.6696609 0.5381808
0.6309386 0.5122285
0.5907497 0.5
0.5491994 0.4801407
0.5069741 0.462086
0.4680104 0.4456259
0.4249989 0.4300568
0.3810154 0.4182555
0.3375624 0.4042737
0.2953932 0.3864101
0.2892619 0.3756455
0.3211923 0.4111784
0.3488569 0.450959
0.3740159 0.4927356
0.3986387 0.5240532
0.4225652 0.5667408
0.4463869 0.6095005
0.4696662 0.6526285
0.4929454 0.6957566
0.5127935 0.738643
0.5369549 0.7811673
0.5609655 0.8237966
0.584904 0.8664745
0.6085368 0.9092683
0.6096953 0.8986788
0.5980348 0.8500971
0.5875547 0.8011693
0.5798683 0.7517453
0.5761108 0.7016236
0.571124 0.6516368
0.5680602 0.6015353
0.5682305 0.5512465
0.5714542 0.5010788
0.5757875 0.4618952
0.5826163 0.4122225
0.5910472 0.3628087
0.5885769 0.3495236
0.5620526 0.3900208
0.5314376 0.4270548
0.5 0.4631613
0.470033 0.4966589
0.4353947 0.5181229
0.4003346 0.549916
0.3633012 0.5786543
0.3249936 0.6054202
0.2885063 0.6351287
0.2530662 0.6663769
0.2206666 0.7013251
0.2127728 0.744974
