0.3012873 0.1514663
0.3222431 0.2007226
0.3430789 0.250047
0.3640736 0.2992851
0.3812224 0.3503401
0.3972208 0.4019387
0.4132192 0.4535372
0.4259943 0.5054342
0.4379402 0.558427
0.449899 0.6114162
0.461871 0.6644014
0.4776509 0.7157734
0.4987718 0.7133053
0.5070632 0.6610402
0.5223058 0.6091479
0.5414985 0.5591295
0.5633363 0.5103659
0.5851739 0.4624128
0.6070175 0.4136526
0.6289914 0.3649678
0.6509653 0.316283
0.6730784 0.2676797
0.6955246 0.2192889
0.705577 0.1988543
0.6633858 0.2252579
0.622632 0.2544669
0.5818782 0.283676
0.5382861 0.3068492
0.5 0.329006
0.45593 0.3511627
0.4118599 0.3733195
0.3676064 0.394989
0.3230355 0.4158157
0.2784647 0.4366425
0.2331217 0.455016
0.1958441 0.4592812
0.2434149 0.4555692
0.2916164 0.4555692
0.3397135 0.4572835
0.3874567 0.4648084
0.4351999 0.4723333
0.4829431 0.4798582
0.5246152 0.4892175
0.5717217 0.5
0.6188282 0.511593
0.6659346 0.523186
0.7129679 0.5350632
0.7581531 0.5541088
0.8034933 0.5725868
0.80282 0.5585703
0.7637029 0.5266092
0.7248634 0.4950282
0.6861945 0.4623721
0.6475257 0.4297161
0.6085727 0.3974988
0.5695632 0.3653687
0.5305537 0.3332385
0.4973282 0.3011084
0.4593704 0.267405
0.4215927 0.2334323
0.383815 0.1994595
0.3464389 0.1649339
0.3098416 0.1293361
0.2962782 0.1031509
