0.2430506 0.1674651
0.2604275 0.1929167
0.2902783 0.2126545
0.3270845 0.2220048
0.3654497 0.2254852
0.4034195 0.2309701
0.4413695 0.2365237
0.4797858 0.2396366
0.5084684 0.2428488
0.5466883 0.2472729
0.5850867 0.2502137
0.6236493 0.2516106
0.6622572 0.2516106
0.6621689 0.2752873
0.6380183 0.2988091
0.6077681 0.318242
0.5773119 0.3374663
0.5471642 0.3570091
0.5108563 0.3672008
0.4837429 0.3765789
0.4469078 0.3859497
0.4101173 0.3954352
0.3729424 0.4038226
0.3354872 0.4114101
0.3209732 0.4067934
0.3475305 0.3840942
0.3745839 0.3618111
0.4026375 0.3403389
0.4290431 0.3175162
0.4533345 0.2932677
0.4762367 0.2680825
0.4998498 0.2433334
0.5138845 0.2186716
0.5378077 0.1941174
0.5595536 0.1683671
0.5788468 0.1412695
0.5984112 0.1143028
0.6186862 0.08768007
0.6318727 0.0710746
0.6307164 0.1023225
0.6277032 0.1335109
0.6246244 0.1646951
0.619521 0.1956774
0.6127267 0.2264678
0.6048524 0.2570941
0.5992146 0.2879906
0.5957192 0.319146
0.5915288 0.3502444
0.5875134 0.3813582
0.5832557 0.4124385
0.5761408 0.4431865
0.5714831 0.474238
0.5626906 0.5
0.5396444 0.4749567
0.5187497 0.4486695
0.5 0.4213225
0.4912805 0.3938375
0.4729765 0.3662929
0.4542898 0.3389195
0.4352926 0.3116848
0.412685 0.2864715
0.3876182 0.2626812
0.3621948 0.2391376
0.3356693 0.222046
