0.2707171 0.5106689
0.3149449 0.5106689
0.3591726 0.5106689
0.4034003 0.5106689
0.4476281 0.5106689
0.4918259 0.5085871
0.531052 0.5055066
0.5751163 0.5
0.6192074 0.4990913
0.6634351 0.4990913
0.7076628 0.4990913
0.7518906 0.4990913
0.795988 0.5001027
0.7993125 0.4930567
0.759088 0.4664934
0.7184585 0.4411686
0.6770555 0.4190065
0.634621 0.4009375
0.5922585 0.3825145
0.5492784 0.3674222
0.5066019 0.3507183
0.4692751 0.3318633
0.427195 0.3121406
0.3862612 0.2887767
0.3491289 0.2539468
0.3303667 0.2023448
0.3613033 0.2445998
0.3819254 0.3012667
0.4049854 0.3559719
0.4247647 0.413317
0.4449307 0.4703758
0.465389 0.523522
0.485625 0.5805309
0.5 0.6381677
0.5174271 0.6970945
0.5351545 0.7558328
0.5492139 0.8165656
0.5601344 0.8327162
0.5723445 0.7711774
0.5868008 0.7105854
0.6014115 0.650071
0.6149085 0.5890183
0.627946 0.5277561
0.6404499 0.4699554
0.6519695 0.4080646
0.6611736 0.3453544
0.6669315 0.2820215
0.6676561 0.2179278
0.648517 0.1628897
0.6073185 0.1784377
0.5684363 0.2089148
0.5303938 0.2416106
0.4978339 0.2755908
0.4602003 0.3092632
0.4220575 0.3417177
0.384026 0.3744427
0.3461708 0.4075969
0.3092613 0.4428254
0.2733848 0.4803192
0.2380096 0.5150956
0.2037153 0.5554296
0.1724416 0.600765
0.1442204 0.6497728
0.130735 0.7092266
