0.2718464 0.09627223
0.2818284 0.1370479
0.2918392 0.1779407
0.3018498 0.2188336
0.3085222 0.2604067
0.314645 0.3020917
0.3207678 0.3437768
0.3277537 0.3853077
0.3358484 0.4266406
0.3439431 0.4679734
0.3520378 0.5038604
0.3609811 0.5450104
0.3699349 0.586158
0.3805254 0.624292
0.3947328 0.5847199
0.4112257 0.5460798
0.4277187 0.5074398
0.4442117 0.4742456
0.463733 0.4373175
0.4870404 0.4025296
0.5 0.3677418
0.5233074 0.3329539
0.5466841 0.2982146
0.5701174 0.2635151
0.5935506 0.2288155
0.6191955 0.1958809
0.6465041 0.1642742
0.6496993 0.1667423
0.6148016 0.1892508
0.5786049 0.2091602
0.5402819 0.2248149
0.5019588 0.2404695
0.4734334 0.2536071
0.4322294 0.2560823
0.3910255 0.2585575
0.3497994 0.2602644
0.3199812 0.2686974
0.3528931 0.2933618
0.3869958 0.3171072
0.4230447 0.3374684
0.4599623 0.3563191
0.49688 0.3751698
0.5234498 0.3940205
0.5603675 0.4128712
0.5972852 0.4317219
0.6342028 0.4505726
0.6711205 0.4694232
0.7083788 0.4875554
0.7457518 0.5
0.7831248 0.5178905
0.7949642 0.5179703
0.7669213 0.4925219
0.7398373 0.4607142
0.7127535 0.4289065
0.6840631 0.3986062
0.6553159 0.3683592
0.6265688 0.3381122
0.5978216 0.3078651
0.5699734 0.2767545
0.5421641 0.2456065
0.5143548 0.2144584
0.4971375 0.1831077
0.4729712 0.1489365
0.4498844 0.1140976
