0.3848377 0.101736
0.4116304 0.1231689
0.4402017 0.1404753
0.4680173 0.1597589
0.4951902 0.1805294
0.5226015 0.200489
0.5510406 0.2181691
0.5786176 0.2379336
0.6057509 0.258776
0.633947 0.2771018
0.6624206 0.2945825
0.6918969 0.3090432
0.7213935 0.3230281
0.705401 0.3087018
0.6740241 0.3057832
0.6425081 0.3054197
0.6109838 0.3054197
0.5794616 0.3055689
0.5479575 0.3070315
0.5166027 0.3101988
0.4857455 0.3179854
0.4546934 0.3247565
0.4232439 0.3275758
0.3919797 0.3321188
0.3611416 0.3406218
0.3303938 0.3495568
0.3004872 0.3625151
0.2749813 0.3835195
0.2857459 0.356505
0.3099522 0.3304
0.3342124 0.3047029
0.3612442 0.2836201
0.3873569 0.2606763
0.4133558 0.2375024
0.4394012 0.2144186
0.4658063 0.1920339
0.4923524 0.1699385
0.5191076 0.1484622
0.5453742 0.125887
0.5704159 0.1009952
0.597123 0.07925281
0.6202099 0.05349517
0.6222251 0.086382
0.6067966 0.1220283
0.5921143 0.1582902
0.5767222 0.1940424
0.5616472 0.2299709
0.549414 0.2677372
0.5373774 0.3056101
0.5257504 0.3436967
0.5142151 0.3818318
0.5049114 0.4207138
0.5022662 0.4614471
0.5 0.5
0.4893019 0.4617582
0.4834375 0.4216791
0.4748684 0.3822465
0.4671859 0.3425071
0.4562879 0.3040561
0.4455926 0.2655094
0.4354429 0.2267159
0.4257016 0.1877627
0.4198879 0.1479007
