0.3765147 0.150093
0.3765147 0.1987865
0.3792862 0.2473627
0.3830986 0.2958948
0.386911 0.3444269
0.3918766 0.3928266
0.398352 0.4410529
0.4048274 0.4892792
0.4095426 0.5218202
0.4126594 0.570406
0.4157763 0.6189916
0.4291856 0.6291772
0.4495425 0.5854464
0.4716036 0.5426959
0.4981025 0.502537
0.5240799 0.4782516
0.5506468 0.4381414
0.5772704 0.3980716
0.6038941 0.3580019
0.6309447 0.3182692
0.6609417 0.2808618
0.6909387 0.2434543
0.7205654 0.2057328
0.7498367 0.1677095
0.755531 0.1605043
0.7128878 0.1803546
0.6687969 0.1966023
0.6235068 0.209089
0.5782169 0.2215757
0.5329269 0.2340624
0.4868456 0.2386332
0.4401462 0.242622
0.3934469 0.2466107
0.3467476 0.2505994
0.3000444 0.2544925
0.2531876 0.2544925
0.2063308 0.2544925
0.2202466 0.2780306
0.2597126 0.3042579
0.2984855 0.3315994
0.3374715 0.3585883
0.3780041 0.3830187
0.4185367 0.4074492
0.4590693 0.4318796
0.5 0.4555329
0.5416138 0.4768347
0.5837491 0.4981364
0.6256199 0.5041115
0.6672173 0.526526
0.7063946 0.5527619
0.7226658 0.5618518
0.6935166 0.5237499
0.6662816 0.5
0.6390466 0.4603764
0.612702 0.4201388
0.5881445 0.3786685
0.563587 0.3371983
0.5381834 0.2963203
0.5104259 0.2570903
0.4831898 0.2178603
0.4568302 0.1776517
0.4322726 0.1361814
0.4068097 0.09532923
