0.3504742 0.1842791
0.3750862 0.2419107
0.4036768 0.2962999
0.4335783 0.3496209
0.4600295 0.4054051
0.4792983 0.4663172
0.4985672 0.5208521
0.5116281 0.5820116
0.5270071 0.6447318
0.5423861 0.7074519
0.5602367 0.766127
0.5804989 0.705762
0.6010692 0.6455638
0.6203126 0.5846384
0.639556 0.523713
0.6587994 0.4691646
0.6827729 0.4113223
0.7094964 0.3552722
0.7362198 0.2992222
0.7629433 0.2431722
0.7895764 0.1870509
0.7829638 0.1929407
0.7438777 0.2346255
0.7024989 0.2731765
0.6611201 0.3117275
0.6181284 0.3470787
0.573945 0.380066
0.5297616 0.4130532
0.491254 0.4460405
0.4466619 0.4780302
0.4005776 0.5
0.3544933 0.5283468
0.3084089 0.5566937
0.2618536 0.5834386
0.2127478 0.601508
0.1637508 0.6200302
0.1956934 0.6129838
0.2467642 0.6129838
0.2977062 0.6176326
0.3486472 0.6223187
0.399211 0.6311335
0.4496055 0.6418023
0.5 0.6524712
0.5447186 0.66314
0.5951357 0.6736298
0.645565 0.6840214
0.6959944 0.6944129
0.7464383 0.7046874
0.7294869 0.6715784
0.689007 0.6314758
0.6485271 0.5913732
0.6075062 0.5522134
0.5658575 0.5141473
0.5242089 0.4824584
0.4882361 0.4443923
0.4464587 0.4065636
0.4043902 0.3692713
0.3623217 0.3319791
0.3202531 0.2946868
0.2781846 0.2573946
0.2366549 0.2191845
0.1973293 0.17722
0.1580036 0.1352556
