0.2502522 0.6712124
0.2918053 0.6666843
0.3334646 0.6635427
0.3749069 0.657949
0.416574 0.6546602
0.4582712 0.6519521
0.5 0.650053
0.5396379 0.6442413
0.580988 0.6379248
0.6224448 0.6324861
0.6635559 0.6251042
0.7043834 0.615782
0.7081931 0.603259
0.67182 0.5816169
0.6365005 0.5581663
0.6019778 0.5333941
0.5649437 0.5131226
0.5288566 0.49273
0.4942411 0.471152
0.4576582 0.4499142
0.4210218 0.4288101
0.3845506 0.4074248
0.3926365 0.4245996
0.4102834 0.4644573
0.4272065 0.5028961
0.4415309 0.5441799
0.453994 0.5861521
0.4661478 0.6282246
0.4785273 0.6702228
0.4909471 0.712206
0.5018461 0.754061
0.5183067 0.7944554
0.5371189 0.833717
0.5604914 0.860876
0.5635471 0.817047
0.5699053 0.7736859
0.5814041 0.7314138
0.5915383 0.6887528
0.6016724 0.6460919
0.6124352 0.6036046
0.6235145 0.5612047
0.6362553 0.5193296
0.6491911 0.4792542
0.6633393 0.4378786
0.6775182 0.3965139
0.6922299 0.3553755
0.7070619 0.3143901
0.6859456 0.3065654
0.6536808 0.3345035
0.6214496 0.3624877
0.5865598 0.3865384
0.5508679 0.4094025
0.5151759 0.4322666
0.4812194 0.4550537
0.4453898 0.477678
0.4094059 0.5
0.3716966 0.5172027
0.3339903 0.5361496
0.2980855 0.5586416
0.2621807 0.5811335
0.2255272 0.6022401
0.1891073 0.6237619
0.153924 0.6474784
0.1575376 0.6768417
