0.4193538 0.2894118
0.4254296 0.3512022
0.4341911 0.4122991
0.4433415 0.4732714
0.4561843 0.5284529
0.469027 0.5880167
0.4826222 0.6472117
0.4972353 0.7059079
0.5023681 0.7183108
0.5155428 0.6590631
0.5307949 0.6007111
0.5468267 0.5429128
0.5691529 0.4939671
0.5914791 0.4406393
0.6138054 0.3873115
0.6384899 0.3363026
0.6642674 0.2863684
0.6900449 0.2364342
0.7158223 0.1864999
0.7391902 0.1341396
0.7400824 0.1300539
0.7063002 0.168617
0.6703161 0.2022139
0.6321803 0.230958
0.5940444 0.2597021
0.5559086 0.2884463
0.5177729 0.3171904
0.4881581 0.3418476
0.4486694 0.3664352
0.4091806 0.3910227
0.3696918 0.4156103
0.3302031 0.4401979
0.2888994 0.4572248
0.2474507 0.473648
0.206002 0.4900712
0.1636373 0.5
0.1832201 0.5054491
0.2253247 0.5178607
0.2674291 0.5302733
0.309528 0.5427256
0.3516268 0.555178
0.3937257 0.5676304
0.4358245 0.5800827
0.4779234 0.5925351
0.5103534 0.603593
0.5526592 0.6144642
0.5949651 0.6253353
0.6372709 0.6362064
0.679422 0.6481913
0.7213161 0.6620244
0.746425 0.6673096
0.7118085 0.6305594
0.6776107 0.5927777
0.6433934 0.5550331
0.6077561 0.5202084
0.5718374 0.4903447
0.5359187 0.4560987
0.5 0.4218528
0.4741147 0.3872192
0.4390485 0.3511565
0.4039823 0.3150938
0.3689161 0.2790311
0.3381721 0.2355236
0.316909 0.1895598
