0.3284904 0.2498288
0.3578858 0.2498288
0.3872812 0.2498288
0.4166765 0.2498288
0.446072 0.2498288
0.4754673 0.2498288
0.5 0.2498288
0.5293954 0.2498288
0.5586069 0.2539176
0.5877327 0.2599128
0.6170199 0.262318
0.6464152 0.262318
0.6757917 0.2615171
0.7051124 0.2583557
0.7343641 0.2568627
0.7204593 0.2729559
0.6932595 0.2893443
0.6651039 0.3020946
0.6368598 0.3143832
0.608537 0.3262591
0.580063 0.3372712
0.5515453 0.3480332
0.5223747 0.3528418
0.4979436 0.3565266
0.4688767 0.362768
0.4399727 0.3708478
0.4110683 0.3789232
0.3820729 0.3862179
0.3529956 0.3925511
0.329804 0.4060417
0.3349118 0.4105473
0.3538285 0.376585
0.3726133 0.3424632
0.3915793 0.3086288
0.412365 0.2772527
0.4338492 0.2469883
0.4552789 0.2166373
0.4760645 0.1852612
0.4968502 0.1538853
0.5127732 0.1225094
0.5305726 0.08731502
0.5520141 0.05832881
0.5580488 0.1005667
0.5580488 0.1449389
0.5580488 0.1893111
0.5580488 0.2336834
0.5580488 0.2780558
0.5580488 0.322428
0.5580488 0.3668002
0.5580488 0.4111725
0.5580488 0.4555448
0.5635645 0.4988922
0.5567985 0.5
0.5347486 0.4713306
0.5095984 0.4484997
0.4888706 0.426666
0.4628518 0.4061165
0.43599 0.3880952
0.4091282 0.3700739
0.3816874 0.354306
0.3538005 0.3402742
0.3257295 0.3271412
0.2975556 0.3145378
