0.3749381 0.1922307
0.3912252 0.2215977
0.4173662 0.2438167
0.4458731 0.2617423
0.4730656 0.2822272
0.5020824 0.2970242
0.532463 0.3103149
0.5636177 0.3209155
0.5948722 0.3311615
0.62622 0.3410219
0.6580433 0.3484212
0.6900516 0.3548682
0.7221619 0.3599048
0.7307231 0.360365
0.6983584 0.3636602
0.6659973 0.3670152
0.6338002 0.3718287
0.6018135 0.3784165
0.5696552 0.3837007
0.5374134 0.388349
0.5054359 0.3948758
0.4742658 0.4022253
0.442389 0.4094872
0.4104977 0.416664
0.3786064 0.4238409
0.3471422 0.4331804
0.3157471 0.4428366
0.2878308 0.460569
0.2970374 0.4379669
0.3157134 0.4073385
0.3343826 0.3766753
0.3537567 0.3466747
0.3754227 0.3187466
0.3976213 0.2913849
0.4199622 0.2641745
0.4416526 0.2362717
0.463343 0.2083688
0.4846693 0.1800979
0.5051237 0.1516447
0.5280508 0.1250936
0.549828 0.09736839
0.5704376 0.06841993
0.5873398 0.05641592
0.5828946 0.09333199
0.5738796 0.1293048
0.5671881 0.1659767
0.5605612 0.2026642
0.5543683 0.2394493
0.5485559 0.27632
0.542968 0.3132358
0.5376262 0.3502011
0.5367891 0.3876587
0.5360156 0.4251232
0.5355601 0.4625921
0.5355181 0.5
0.5153421 0.4723725
0.5 0.4398271
0.4817466 0.4088379
0.4665437 0.3757178
0.4495863 0.3437636
0.4337413 0.3110669
0.4189602 0.2776971
0.404429 0.2441783
