0.2067734 0.5520226
0.2440776 0.5413247
0.2823888 0.5369307
0.3208117 0.5358823
0.3592623 0.5358823
0.3977129 0.5358823
0.4361074 0.5377053
0.4744266 0.542
0.5104628 0.5450559
0.5488842 0.5469295
0.5873244 0.5479876
0.625775 0.5479876
0.6642256 0.5479876
0.7026762 0.5479876
0.7262481 0.541145
0.6985158 0.5054018
0.6685756 0.4761668
0.6382773 0.4443035
0.608456 0.4115583
0.5777476 0.3802569
0.5485997 0.3463892
0.5180483 0.3150633
0.4871073 0.2890549
0.4715699 0.3116216
0.4721182 0.363633
0.4721182 0.4156729
0.4721971 0.4677079
0.4756783 0.516252
0.4817575 0.5675939
0.4909299 0.6180878
0.5 0.6677522
0.5127742 0.7168353
0.5275099 0.7648067
0.5446195 0.8114035
0.5603868 0.8586497
0.5768441 0.8501066
0.581883 0.7985692
0.5910624 0.7481242
0.6022564 0.6984201
0.6113297 0.6478789
0.6224568 0.5980658
0.6341219 0.5484839
0.6479331 0.5
0.6640176 0.4560142
0.6800071 0.4086874
0.6946155 0.3606197
0.687211 0.3148527
0.6522931 0.2989293
0.6144989 0.2897669
0.576296 0.2849531
0.5378832 0.2868972
0.5028186 0.3079837
0.4709281 0.3316236
0.43839 0.3593512
0.4075944 0.3904618
0.378232 0.4239996
0.3496978 0.4588812
0.321538 0.4943156
0.2934098 0.5265141
0.2653003 0.5620219
0.2365064 0.5965047
0.2070348 0.6299152
0.1786869 0.6650389
0.1516174 0.6993032
