0.3010427 0.05311877
0.3195864 0.09094235
0.3397941 0.12691
0.3608023 0.16201
0.3815447 0.1974438
0.4018705 0.2333721
0.4215512 0.2700661
0.4412317 0.3067602
0.4592299 0.3452071
0.4767686 0.3841335
0.4945118 0.4228633
0.5018148 0.46211
0.5201428 0.5
0.5318241 0.4714153
0.5406269 0.4266672
0.5497584 0.3820569
0.5588899 0.3374465
0.5682865 0.292953
0.5776934 0.248464
0.5876744 0.20427
0.5995541 0.1610518
0.612262 0.1183484
0.6252453 0.07581067
0.6175898 0.06044653
0.5891047 0.08160752
0.5613848 0.1047948
0.5338909 0.128584
0.5066322 0.1529345
0.489402 0.1776046
0.4621024 0.2018492
0.43433 0.2249432
0.4068433 0.24871
0.3802287 0.2745299
0.353258 0.2995312
0.3258295 0.3234797
0.2987567 0.3482613
0.2872837 0.3710684
0.3188965 0.3754899
0.3508635 0.3742119
0.3828174 0.3720983
0.4147817 0.3704435
0.4467619 0.3694937
0.4787421 0.368544
0.5007432 0.3650936
0.5326329 0.3614681
0.5645226 0.3578427
0.596468 0.3556582
0.6284359 0.354054
0.6604037 0.3524499
0.6923338 0.3497311
0.7242703 0.3474576
0.7194855 0.3390685
0.6888049 0.3259104
0.6585696 0.3109051
0.6292325 0.2924212
0.6004122 0.2722282
0.5729223 0.2484647
0.5455672 0.2243392
0.5177514 0.201357
0.5 0.1779623
0.4729316 0.1531612
0.4467058 0.1265623
0.4217585 0.09750071
