0.1963501 0.5251632
0.2444135 0.5163237
0.292484 0.5074595
0.3410292 0.5011023
0.3895743 0.5
0.4380475 0.4931674
0.4865101 0.4862657
0.5269426 0.4800631
0.575689 0.4752918
0.6244354 0.4705206
0.6731819 0.4657494
0.7219898 0.4621128
0.7287553 0.4482126
0.6908685 0.4187031
0.6526721 0.3895801
0.6127083 0.3626532
0.5736994 0.3345237
0.5354331 0.305459
0.5 0.273435
0.4740088 0.2400337
0.4382368 0.2082602
0.4019249 0.1770169
0.3665186 0.144852
0.3315095 0.1122993
0.3259564 0.1207695
0.3465491 0.162888
0.3673166 0.2050199
0.3900954 0.2462108
0.41256 0.2875537
0.4339704 0.3294044
0.4567654 0.3705779
0.4799003 0.411579
0.499946 0.4540346
0.5132965 0.4958477
0.5356218 0.5320084
0.5579464 0.5734244
0.5813513 0.6142882
0.6117085 0.6507587
0.6342798 0.6596574
0.6342798 0.6131311
0.6349701 0.5666135
0.6362592 0.5201033
0.6430122 0.4792944
0.6500744 0.4332539
0.6570048 0.3871952
0.6639351 0.3411366
0.671331 0.2951452
0.6796082 0.2492957
0.6884305 0.2035893
0.6804581 0.1654729
0.6344094 0.1767727
0.5933528 0.2020403
0.5524663 0.2276742
0.5116687 0.2534252
0.4800229 0.2806107
0.4438329 0.3119811
0.4062034 0.3417529
0.367937 0.3708177
0.3316398 0.4019711
0.2957642 0.4336417
0.2598246 0.4652633
0.2228175 0.4956597
0.1842656 0.5191116
