0.3724788 0.1261857
0.3734486 0.1836693
0.3837193 0.2399623
0.3939901 0.2962553
0.4042138 0.3525598
0.4135329 0.4090874
0.4228519 0.465615
0.4321709 0.5125085
0.4427076 0.5686961
0.455429 0.6242741
0.4681505 0.679852
0.4828303 0.7346603
0.5 0.7711763
0.5009143 0.7161565
0.514906 0.6610137
0.5288977 0.6058708
0.5474823 0.5527482
0.5669181 0.5
0.5863539 0.4568859
0.608353 0.405593
0.6304947 0.3543811
0.6519367 0.3027553
0.6727971 0.2507853
0.6547804 0.228806
0.6067827 0.2357381
0.5588859 0.2433876
0.5116102 0.2554581
0.4777369 0.2675286
0.4304612 0.2795991
0.3830701 0.2909819
0.3355295 0.3014717
0.2879888 0.3119614
0.2404481 0.3224512
0.1930227 0.3336542
0.1679415 0.3432357
0.2160726 0.3486974
0.2619677 0.3658287
0.3073187 0.3857985
0.3526698 0.4057682
0.3978308 0.4263345
0.4428813 0.4472478
0.4879318 0.4681612
0.5195798 0.4890746
0.5646303 0.5003538
0.6086508 0.5237694
0.6501097 0.5534084
0.6915686 0.5830474
0.7330275 0.6126863
0.772181 0.6461718
0.8091637 0.683279
0.7909126 0.6415101
0.7584746 0.598792
0.7252283 0.5570046
0.6905021 0.5169213
0.6557759 0.4864722
0.6197639 0.4481111
0.5823098 0.4116812
0.5448558 0.3752514
0.5074017 0.3388216
0.4838776 0.3016557
0.4478123 0.2632881
0.411747 0.2249204
0.3819505 0.1796107
0.3943707 0.1783543
