0.3156232 0.06582567
0.3297697 0.09634206
0.34958 0.1247914
0.3749225 0.1500862
0.4035054 0.172793
0.4341146 0.1936089
0.4687247 0.2088117
0.5012187 0.2211077
0.5383171 0.232092
0.576536 0.2400618
0.6154357 0.2452216
0.6541609 0.2512306
0.682137 0.2621544
0.6547109 0.2836974
0.6230739 0.3032241
0.5874431 0.3173152
0.5518524 0.3314778
0.514912 0.3428705
0.4817517 0.353679
0.4444988 0.3644087
0.406925 0.3742
0.3685735 0.3817175
0.3298193 0.3872633
0.2906785 0.3909167
0.2520229 0.394967
0.2895874 0.3870584
0.3254057 0.373312
0.3609756 0.359182
0.3954773 0.3432313
0.4286474 0.3253976
0.4618174 0.3075639
0.4949874 0.2897302
0.52279 0.2703565
0.5536669 0.2498216
0.5809203 0.2260439
0.6072653 0.2014533
0.6338547 0.1770509
0.659057 0.151789
0.6691965 0.1206922
0.6677557 0.1511544
0.6642345 0.1840914
0.6556914 0.216387
0.64586 0.2483987
0.634439 0.2800602
0.6222777 0.3115184
0.6092233 0.3427312
0.5960536 0.3739091
0.5823758 0.4049329
0.5693339 0.4361446
0.5577706 0.4677394
0.5490428 0.5
0.5395757 0.4990436
0.5285252 0.4672989
0.5127441 0.4369999
0.5 0.4070818
0.4824227 0.3774867
0.4636961 0.3483831
0.4449695 0.3192794
0.4256194 0.2904657
0.4062037 0.2616825
0.3858225 0.2333758
0.3666545 0.2045251
0.3496615 0.1746822
