0.7281161 0.4466739
0.7020395 0.4232552
0.667604 0.4065416
0.6306875 0.3925741
0.5925097 0.3805035
0.5533919 0.370257
0.5139873 0.3605671
0.4795334 0.3530141
0.4388506 0.346835
0.3981565 0.3406966
0.357427 0.3346872
0.3167954 0.328329
0.2889144 0.3139797
0.307597 0.2873962
0.339995 0.2714651
0.3814764 0.2710572
0.4230125 0.2710572
0.4645054 0.2705451
0.5 0.2668054
0.5414449 0.2647852
0.5829811 0.2647852
0.6244673 0.2634581
0.6659746 0.2626945
0.6532748 0.2809941
0.6237289 0.3024194
0.5933917 0.3232459
0.5663805 0.346523
0.5418175 0.3712331
0.5178041 0.3962336
0.4994652 0.4211938
0.472262 0.4443498
0.4484687 0.4693894
0.4250266 0.4946743
0.4073566 0.5
0.4016813 0.4696452
0.3964794 0.4392613
0.3952932 0.4086316
0.3941069 0.3780019
0.3986634 0.347662
0.4054919 0.3174367
0.4136691 0.2874539
0.4264548 0.2582995
0.4392404 0.2291451
0.4529597 0.2002251
0.4669298 0.1713681
0.4791223 0.1420861
0.4903279 0.1126102
0.4929589 0.08205602
0.4938374 0.05506963
0.4929589 0.08544335
0.4929589 0.1160856
0.4929589 0.1467278
0.4981016 0.1769443
0.5015253 0.206832
0.5080034 0.2370993
0.5202122 0.2662523
0.5347965 0.2949435
0.5532048 0.3224045
0.5728011 0.3493193
0.5993918 0.3728592
0.6259826 0.3963993
0.6513129 0.4206839
0.680185 0.4426741
