0.2194421 0.4515988
0.2600806 0.4435686
0.3009015 0.4367208
0.3419651 0.4320904
0.3832939 0.4308094
0.4244683 0.4270501
0.4656014 0.4226267
0.5 0.420387
0.5413373 0.4194601
0.5826798 0.4190513
0.6240265 0.4190513
0.6653491 0.4205188
0.7062591 0.4262089
0.7471631 0.432516
0.7453198 0.4207637
0.7088395 0.4002905
0.6709373 0.382879
0.6331521 0.365196
0.5957855 0.3465425
0.5586455 0.3274061
0.5218894 0.3074511
0.4930413 0.2855284
0.4582092 0.2620984
0.4243747 0.2370659
0.3947543 0.2079741
0.3656254 0.1776903
0.378383 0.2085515
0.3931602 0.2492336
0.4070951 0.2902117
0.4191318 0.3318979
0.4307756 0.373706
0.4408036 0.4159791
0.4506004 0.4583118
0.4624033 0.5
0.4742879 0.5297329
0.4867339 0.5710992
0.5002191 0.6088004
0.5088926 0.5693138
0.5131477 0.5259792
0.5202833 0.4950286
0.5286434 0.4523545
0.536981 0.4096757
0.5496091 0.3682112
0.5626841 0.3268732
0.5767084 0.2858829
0.5907719 0.2449069
0.6069215 0.2048158
0.6237285 0.1650043
0.6409557 0.1253926
0.6588129 0.08613133
0.6507183 0.09865433
0.6229408 0.1308922
0.5945209 0.1625346
0.5657111 0.1937894
0.5356823 0.2236559
0.5038875 0.2515116
0.4789547 0.2793673
0.44716 0.307223
0.4153652 0.3350787
0.3823382 0.3612503
0.3487397 0.3866451
0.3149134 0.4116706
0.28196 0.4378569
0.2485092 0.4554279
