0.2147407 0.540848
0.2615221 0.5291666
0.308863 0.5200269
0.3562038 0.5108871
0.4037409 0.5028456
0.4514129 0.4998415
0.4994546 0.4958223
0.5427654 0.4909461
0.5905316 0.484407
0.6384163 0.4788747
0.6863853 0.474059
0.7339398 0.466119
0.7816617 0.4607331
0.7456061 0.4299195
0.707555 0.4002349
0.6685672 0.3717688
0.6297554 0.3430653
0.5912365 0.3139831
0.5500287 0.2888659
0.5084069 0.2644507
0.4708967 0.2409679
0.4272724 0.2206824
0.382047 0.2039475
0.3372807 0.186
0.2971274 0.1790152
0.3173072 0.2227438
0.3321269 0.2687968
0.3473718 0.3147107
0.3640094 0.3601241
0.3812509 0.4053204
0.4029814 0.4484035
0.4265673 0.4906131
0.4506804 0.528531
0.4765325 0.5693187
0.5 0.6086406
0.5313507 0.6452035
0.5684577 0.6569263
0.5703639 0.6086243
0.5763488 0.5607044
0.5805048 0.5125219
0.5859803 0.4684641
0.5931678 0.4206085
0.6009138 0.3728398
0.6076769 0.3249307
0.6135127 0.2768891
0.6239367 0.2296677
0.6349783 0.1825567
0.6476045 0.1358554
0.6606626 0.08935764
0.6605558 0.104649
0.6360334 0.1462336
0.6063543 0.184372
0.5749829 0.2210281
0.5413647 0.2557158
0.507769 0.2904257
0.4788464 0.3251702
0.4432007 0.357644
0.4059873 0.3884106
0.3667644 0.4165082
0.3271279 0.4440565
0.2878804 0.4721601
0.2516168 0.5
0.2202173 0.5363117
