0.2709491 0.2938082
0.3015338 0.2694001
0.3319156 0.2449527
0.3680867 0.2240662
0.4042577 0.2031797
0.4374341 0.180283
0.4703516 0.1572143
0.5062204 0.1370046
0.5435778 0.1170349
0.580924 0.09706253
0.618872 0.07803151
0.660925 0.06483299
0.7013607 0.05555019
0.7142098 0.08233511
0.7066686 0.1133685
0.6906139 0.1431374
0.6734716 0.1726311
0.6547522 0.2017259
0.6349271 0.2304878
0.6133542 0.2587237
0.5921693 0.2870793
0.5725778 0.3159271
0.5560774 0.3453823
0.548147 0.3765213
0.5402167 0.4076605
0.5258395 0.4377517
0.5203541 0.4687378
0.5156259 0.5
0.5 0.4729268
0.4841151 0.443243
0.4719252 0.4127232
0.4628154 0.3817226
0.4537057 0.350722
0.4458882 0.3195767
0.4387325 0.2883574
0.4293301 0.2574113
0.4188657 0.2265944
0.4087125 0.1957331
0.39582 0.1653799
0.3797652 0.135611
0.3667647 0.105241
0.3450062 0.0782356
0.3371437 0.06807256
0.3435535 0.09918073
0.3638297 0.1274821
0.3891851 0.154315
0.4165136 0.1803288
0.4475564 0.2042209
0.48325 0.2254563
0.5186741 0.2460099
0.5557281 0.2661996
0.5947403 0.2847673
0.6276189 0.3077279
0.6612701 0.330331
0.6858407 0.3541774
0.6399325 0.3554938
0.5918921 0.3526357
0.545078 0.3450407
0.4995835 0.3370917
0.4529333 0.3290577
0.4070363 0.319369
0.3623492 0.3077855
0.321219 0.291407
