0.3071488 0.2847608
0.3426516 0.2951612
0.3790797 0.301636
0.4160668 0.3032444
0.4529938 0.3057762
0.4898777 0.3089727
0.5227489 0.3120476
0.5596431 0.3151225
0.5965374 0.3181973
0.6334558 0.3206917
0.6704779 0.3206917
0.7071337 0.3254824
0.7411363 0.3229397
0.7080227 0.3063809
0.6752089 0.2892378
0.6434121 0.2703809
0.6127359 0.2496514
0.5820598 0.2289219
0.552709 0.2064344
0.524343 0.1826408
0.5 0.1588471
0.4701279 0.1369809
0.43973 0.1159148
0.4074777 0.09773758
0.3769699 0.07676101
0.3435506 0.06198946
0.3430755 0.09854069
0.3430755 0.1355672
0.3430755 0.1725936
0.3457657 0.2092888
0.3547449 0.2452098
0.3674134 0.2799934
0.3817824 0.3140952
0.3977957 0.3474378
0.4164501 0.3794205
0.4345189 0.4117289
0.4527102 0.44391
0.470153 0.4758091
0.4857576 0.5
0.5006481 0.4682989
0.5154098 0.434343
0.5294175 0.4000753
0.5429547 0.3656128
0.5588166 0.3322049
0.5758254 0.2993174
0.5913341 0.2657287
0.6056515 0.2315831
0.6189702 0.1970621
0.6306776 0.1619358
0.6429074 0.1270176
0.6584004 0.09339631
0.6591721 0.07078597
0.6259604 0.08700198
0.5949503 0.1072283
0.5638881 0.1273743
0.5327458 0.1473966
0.5020536 0.1680559
0.4768023 0.1907225
0.4475281 0.2133891
0.4199907 0.2380771
0.3931816 0.2636126
0.3644653 0.2869446
0.3375069 0.3122
0.3191243 0.3398548
