0.3257288 0.2400366
0.3492895 0.2997661
0.3727936 0.3595423
0.3969648 0.4187553
0.4214436 0.4777089
0.4459223 0.5197901
0.4705948 0.5785736
0.4955068 0.637147
0.5154298 0.6957204
0.5403417 0.7542939
0.5630016 0.8146489
0.5817388 0.8425699
0.5915034 0.7753389
0.6002237 0.7077523
0.6160467 0.6433397
0.6352512 0.580438
0.6550959 0.5180336
0.6807939 0.477046
0.7064919 0.4191859
0.7313531 0.360601
0.7545627 0.3005852
0.7532074 0.3092766
0.7148402 0.3499335
0.6761039 0.3896387
0.6320779 0.4157046
0.588052 0.4417704
0.544026 0.4678363
0.5 0.4939021
0.460963 0.5030955
0.4154569 0.5225491
0.3692071 0.5386809
0.3229573 0.5548127
0.2767075 0.5709445
0.2300186 0.5837837
0.1829324 0.5936446
0.1357942 0.6024612
0.1498414 0.5940882
0.1971712 0.5881481
0.2447493 0.5881481
0.2923273 0.5881481
0.3393076 0.5987756
0.3862612 0.6098782
0.4332148 0.6209807
0.4801386 0.6323174
0.5217717 0.6460298
0.5683939 0.6597422
0.615016 0.6734546
0.6615517 0.6876701
0.7071964 0.7070693
0.7528412 0.7264686
0.7716807 0.7279356
0.7338009 0.6863354
0.6954381 0.6456699
0.6570702 0.6050144
0.6186888 0.5643855
0.5803074 0.5237565
0.541926 0.5
0.503463 0.4595337
0.4698407 0.419362
0.4312295 0.3791904
0.3932373 0.3379405
0.3587843 0.2905259
0.3247803 0.2424921
0.3075693 0.2185668
