0.3852277 0.2588069
0.3999763 0.3190008
0.4198624 0.3760843
0.4397486 0.4331677
0.4598161 0.4901201
0.479908 0.5400454
0.5 0.5969802
0.517736 0.6552578
0.5327978 0.7153064
0.5450394 0.7763414
0.5508811 0.8396094
0.5590143 0.8056494
0.5749305 0.7460566
0.5908468 0.6864637
0.612081 0.6307567
0.6362919 0.5772248
0.6605027 0.5236928
0.6895065 0.4823888
0.7189004 0.4345
0.7468551 0.3849006
0.774155 0.3345232
0.7946396 0.2908479
0.7568567 0.323955
0.7167661 0.3514414
0.6761644 0.3774666
0.6355628 0.4034918
0.5949611 0.429517
0.5541545 0.4548284
0.5125653 0.4774142
0.4711629 0.5
0.4295738 0.5155764
0.3879846 0.5381622
0.3460607 0.5593773
0.3037494 0.5790064
0.261438 0.5986356
0.2191267 0.6182647
0.1764716 0.6360686
0.1330321 0.649707
0.1727303 0.6295339
0.217149 0.6324992
0.2612789 0.6387836
0.3048413 0.6515895
0.3484037 0.6643955
0.3919661 0.6772014
0.4354743 0.6903811
0.4789797 0.7035801
0.5222984 0.7167791
0.5658038 0.7299781
0.6093093 0.7431771
0.652705 0.7570982
0.6960919 0.7710775
0.6849597 0.7480687
0.6542822 0.701869
0.624401 0.6546055
0.5945197 0.6073421
0.5645874 0.5601462
0.5342665 0.513463
0.5039456 0.4737894
0.4738116 0.4271062
0.4444966 0.3791226
0.4153031 0.3309819
0.3861569 0.2827848
0.3585038 0.2328058
0.3390132 0.1848246
