0.1365103 0.6298165
0.1788257 0.5992395
0.2273872 0.5876206
0.2761967 0.5775947
0.3252179 0.5692308
0.3743497 0.5618855
0.4235544 0.55531
0.4728642 0.5500023
0.5114092 0.5449408
0.5607207 0.539664
0.6100373 0.5346557
0.6595198 0.532979
0.7089972 0.5311013
0.7584865 0.5301771
0.8079879 0.5301771
0.7737839 0.5010985
0.7294656 0.4769447
0.6842306 0.4524193
0.6377648 0.4316005
0.5916682 0.4096051
0.5457637 0.3870088
0.5 0.3639953
0.464004 0.3442421
0.4216415 0.3131581
0.37995 0.2806027
0.3604534 0.2739933
0.3710035 0.3329016
0.3861483 0.390342
0.4045327 0.4464098
0.4224443 0.5
0.4405473 0.5561922
0.4609214 0.611227
0.4786573 0.6675766
0.4979727 0.723106
0.5095763 0.7769526
0.5368068 0.8270852
0.5840111 0.8433297
0.6269929 0.820762
0.6415426 0.7633481
0.6457258 0.7033544
0.6479162 0.6430295
0.6502559 0.5827148
0.6527481 0.52242
0.6527481 0.4647369
0.6543015 0.4043827
0.6546929 0.3440041
0.6550522 0.2836272
0.6566376 0.2232843
0.6624718 0.1637735
0.650704 0.1938141
0.619379 0.2400401
0.5830731 0.2810889
0.5467508 0.3221162
0.510377 0.3630754
0.4841397 0.403058
0.4436199 0.4377457
0.4031002 0.4724335
0.36211 0.5035635
0.3204705 0.5362181
0.2788308 0.5688727
0.2373956 0.6019112
0.1956244 0.6342862
0.1529574 0.6649035
0.1754043 0.6748916
