0.3513671 0.162708
0.3711548 0.2218385
0.3927135 0.2795218
0.4153592 0.3363169
0.4369529 0.3939716
0.4567407 0.453102
0.4765285 0.5120959
0.4933246 0.5732524
0.5 0.63446
0.5135263 0.6973532
0.5312262 0.7465099
0.5404937 0.6818877
0.5544857 0.6191704
0.5684778 0.5564531
0.5852498 0.4954808
0.6031774 0.4350406
0.6211051 0.3746004
0.6390328 0.3141602
0.6602137 0.2562051
0.6825083 0.1991008
0.7036549 0.1410686
0.7061594 0.1276831
0.6703919 0.1660711
0.6318462 0.1985319
0.5933005 0.2309926
0.5517927 0.2533843
0.5097229 0.2738658
0.4776984 0.2943473
0.4356287 0.3148289
0.3928189 0.3315344
0.3500002 0.3481948
0.3071815 0.3648553
0.2643628 0.3815157
0.220394 0.3881447
0.1763053 0.3937272
0.1662634 0.3943808
0.2099932 0.40358
0.2536207 0.4145631
0.2971024 0.4268032
0.3405842 0.4390434
0.3838388 0.4528551
0.4268254 0.4685202
0.4698121 0.4841854
0.5027534 0.4998505
0.5457401 0.515379
0.5884644 0.5323966
0.6303947 0.5535065
0.6723251 0.5746164
0.7142555 0.5957264
0.7560386 0.6174497
0.7751814 0.6220828
0.7427993 0.577309
0.7081492 0.5361965
0.6712664 0.5
0.6334887 0.4655827
0.595711 0.4311655
0.5579333 0.3967482
0.5202899 0.3620044
0.492734 0.3271583
0.4551328 0.2923121
0.4175316 0.257466
0.3830405 0.2161095
0.3487642 0.1743032
0.3349782 0.1572665
