0.726769 0.5112324
0.7185587 0.4774089
0.7055459 0.4352846
0.6903247 0.3941785
0.6684912 0.3561211
0.6453391 0.3190505
0.6169438 0.2859038
0.5882393 0.2530454
0.5590358 0.2206522
0.5281329 0.1899947
0.5 0.1596424
0.4660893 0.1326016
0.4302878 0.1082991
0.3916122 0.09018007
0.3581024 0.08960024
0.3581024 0.1338054
0.3697431 0.1761808
0.3824989 0.2183883
0.3952197 0.2606071
0.4081295 0.3027616
0.4223074 0.3444851
0.4372432 0.3859159
0.4531825 0.4269594
0.467458 0.4686306
0.4810297 0.5010998
0.4946015 0.5430365
0.5051044 0.5849732
0.5196601 0.6265568
0.5236912 0.6215994
0.5236912 0.5773942
0.5313658 0.5339423
0.5394707 0.5
0.5488483 0.4568675
0.5584988 0.4137943
0.5746718 0.3731372
0.5941442 0.3337625
0.6173524 0.296578
0.644458 0.2624391
0.6641757 0.2335348
0.621258 0.2335348
0.5783945 0.2352146
0.5361095 0.2414054
0.4978264 0.2532367
0.4556828 0.2614693
0.4134181 0.2691515
0.3711638 0.2768917
0.329004 0.285163
0.2886693 0.2985792
0.2512633 0.3202513
0.2165535 0.3461676
0.2143918 0.3741214
0.2547808 0.3859725
0.2974357 0.3907664
0.3402168 0.3942916
0.3830044 0.3977283
0.4258049 0.4009938
0.4685743 0.404591
0.5081222 0.4098167
0.550739 0.4150423
0.5933558 0.4202679
0.6361003 0.4241722
0.6788813 0.4276973
0.720314 0.438477
0.7577469 0.4497948
