0.3635371 0.1311134
0.3787172 0.1861714
0.3954588 0.2402319
0.4123673 0.2941728
0.4293281 0.3480761
0.4453692 0.4026008
0.4604835 0.4577519
0.4751786 0.5040331
0.4888259 0.5600561
0.5 0.6158203
0.5173424 0.6694441
0.5351766 0.7226819
0.5441881 0.6721839
0.5529344 0.6139885
0.5650052 0.5571403
0.5770761 0.5002921
0.5903576 0.4532872
0.6071587 0.3992691
0.6239598 0.345251
0.6437782 0.2936919
0.6642433 0.24266
0.6849729 0.1918911
0.6675419 0.2115694
0.6311461 0.233489
0.5930175 0.2485391
0.5548887 0.2635891
0.5164787 0.2765238
0.4803519 0.2850321
0.4413534 0.2935404
0.4023549 0.3020488
0.3633267 0.3101792
0.3241023 0.315817
0.2848778 0.3214548
0.2456534 0.3270926
0.2063638 0.3313022
0.1687346 0.3338391
0.2075454 0.342864
0.2462459 0.3540439
0.2850797 0.3641344
0.3239217 0.3741505
0.36284 0.3834646
0.4017583 0.3927786
0.4406272 0.4024617
0.478868 0.4168434
0.5142373 0.431225
0.5524781 0.4456066
0.590719 0.4599882
0.6283343 0.477659
0.6657582 0.4963364
0.7031664 0.5059642
0.74029 0.5259709
0.7721812 0.535706
0.7406894 0.5
0.707534 0.4768688
0.6738551 0.4458755
0.640371 0.4144169
0.607533 0.3814153
0.5746951 0.3484136
0.5418572 0.315412
0.5102593 0.279783
0.4819202 0.2433337
0.4511912 0.2059905
0.4213901 0.1669247
0.3932593 0.1254827
