0.8073205 0.5
0.769062 0.4809476
0.7308035 0.4529263
0.6926457 0.4246642
0.6545023 0.3963677
0.6154246 0.3706839
0.5747966 0.349335
0.5341686 0.327986
0.4976321 0.3065318
0.4575173 0.2835362
0.4174024 0.2605405
0.3772876 0.237545
0.3355991 0.2201804
0.2938929 0.2028787
0.2590999 0.1708458
0.280872 0.2085491
0.3020069 0.2592422
0.3213403 0.31119
0.3450778 0.3598899
0.3646984 0.4116484
0.383588 0.4639537
0.4026199 0.5071993
0.4216518 0.5594138
0.4463114 0.6072974
0.4689255 0.6568353
0.4903869 0.7073528
0.5083624 0.7142837
0.5186524 0.658056
0.5250568 0.6006879
0.5297118 0.5430121
0.537272 0.4950681
0.5495067 0.4393825
0.5620821 0.3838314
0.5747539 0.3283184
0.5900002 0.2740511
0.6076382 0.2210144
0.6290602 0.1704579
0.6440966 0.1301924
0.6117575 0.1689272
0.5750299 0.2002721
0.5374116 0.2297814
0.5 0.2597494
0.4666775 0.289785
0.4293048 0.3198387
0.3923109 0.3507077
0.355317 0.3815768
0.3186526 0.4131137
0.2825505 0.4457905
0.2475135 0.4804077
0.273064 0.5003979
0.3164348 0.5060893
0.3600941 0.5082624
0.4037762 0.5096768
0.4474583 0.5110912
0.4911011 0.5139106
0.530683 0.5168073
0.5743442 0.518608
0.6180394 0.518608
0.6617345 0.518608
0.7054296 0.518608
0.7491248 0.518608
0.7928199 0.518608
0.8365151 0.518608
