0.2923709 0.305943
0.334593 0.3115792
0.3771696 0.3146335
0.4197324 0.3178358
0.4622845 0.3211537
0.5020978 0.3244716
0.5447165 0.3268602
0.5873921 0.3284546
0.630073 0.3299307
0.6727625 0.3310148
0.7154751 0.3310148
0.7323607 0.3216774
0.7045622 0.2926718
0.6774705 0.263098
0.6509911 0.233053
0.6233283 0.203871
0.5928829 0.1772951
0.5591676 0.1537814
0.5247779 0.1311566
0.4907441 0.1116725
0.4523265 0.09521636
0.4125506 0.08126006
0.371228 0.07164896
0.3290491 0.06776103
0.2987688 0.0834831
0.297963 0.1217229
0.3011429 0.1597402
0.3095195 0.1972961
0.3260276 0.2322731
0.3456258 0.2662992
0.3640544 0.3008506
0.3850614 0.3340873
0.4085369 0.3660733
0.42928 0.3995531
0.4499382 0.4330732
0.4691641 0.4672647
0.4908915 0.5
0.5 0.4707252
0.5096075 0.4340673
0.523891 0.3979727
0.5381745 0.3618781
0.5532722 0.3260511
0.5683879 0.29023
0.5853459 0.2551517
0.6052001 0.2212413
0.6250544 0.1873309
0.6467046 0.1543865
0.6707224 0.1227156
0.6950178 0.09121713
0.7191512 0.05966026
0.7004119 0.05727154
0.6624211 0.0747073
0.6255663 0.09394231
0.591851 0.117456
0.5581357 0.1409697
0.5242671 0.1643001
0.4923795 0.1867241
0.4577533 0.2091481
0.4237755 0.2323028
0.3916309 0.2575233
0.3603912 0.283526
0.3334569 0.3132509
0.3061851 0.3427266
0.2951669 0.361101
