0.4170531 0.0866147
0.4371716 0.1163984
0.465386 0.1367958
0.4933879 0.1575698
0.5093574 0.1787995
0.5378539 0.198713
0.5659627 0.2193864
0.5940715 0.2400599
0.6224359 0.2602324
0.6511989 0.2795685
0.6807895 0.2971
0.7103236 0.314426
0.681349 0.314426
0.6482657 0.314426
0.6151825 0.314426
0.5820993 0.314426
0.5490798 0.3165393
0.5160806 0.3193322
0.4949677 0.3230773
0.46206 0.327111
0.4291978 0.3316239
0.3963551 0.3363411
0.3636249 0.3419238
0.3311084 0.3491482
0.298578 0.3562629
0.275416 0.3616552
0.3007559 0.33866
0.3295936 0.3198791
0.3578229 0.2994374
0.3858857 0.2786782
0.4137922 0.2576314
0.4405479 0.2345742
0.467376 0.2116392
0.4947103 0.1895556
0.5102745 0.1675526
0.5378014 0.1458075
0.5655609 0.1245084
0.5939568 0.1045718
0.6163119 0.07567424
0.6421669 0.05327636
0.6343172 0.08746368
0.6206017 0.1231343
0.6054169 0.1579551
0.588602 0.191601
0.568977 0.2231603
0.550954 0.2559932
0.5337524 0.2894791
0.5168303 0.3231635
0.5 0.3569131
0.4957049 0.3911512
0.4796382 0.4254196
0.4672904 0.4616825
0.4616002 0.5
0.4662894 0.4628294
0.4662894 0.4236279
0.4662894 0.3844264
0.465132 0.3452677
0.4620876 0.3062561
0.4569698 0.2675455
0.4492376 0.2295136
0.4384951 0.1924475
0.4291601 0.154839
0.4209948 0.116853
