0.2736423 0.3940368
0.3102375 0.3888042
0.3475067 0.3870112
0.3846273 0.3835167
0.421632 0.3786927
0.45876 0.3758085
0.4960714 0.3758085
0.5307497 0.37547
0.568039 0.3741709
0.6053339 0.3732045
0.6426454 0.3732045
0.6799568 0.3732045
0.7168427 0.3783996
0.7062483 0.3707753
0.6771109 0.34726
0.6460658 0.3263501
0.6175394 0.3022581
0.5905208 0.2762609
0.5624284 0.2514855
0.5336838 0.2274518
0.5049309 0.2034288
0.4784228 0.1798804
0.4488808 0.1568856
0.4181346 0.1355298
0.3849955 0.1182722
0.3504308 0.1042372
0.320037 0.1049602
0.320037 0.142656
0.3261839 0.1797746
0.3406081 0.2142596
0.3585628 0.2472501
0.3785944 0.2790526
0.3994685 0.3102849
0.4209581 0.3411006
0.4424478 0.3719163
0.4639374 0.402732
0.4840812 0.4344552
0.5 0.4670781
0.5179239 0.5
0.5232924 0.4704612
0.5278033 0.4330437
0.5368874 0.3965578
0.5472996 0.3603605
0.5581201 0.3242847
0.5689407 0.2882088
0.5773023 0.2514816
0.5853963 0.2146834
0.5983121 0.1793214
0.6112722 0.1439726
0.6247956 0.10884
0.6376681 0.07346207
0.6461801 0.05417243
0.6209679 0.08196002
0.592793 0.1066404
0.5643846 0.1310783
0.5361465 0.155717
0.5080327 0.1804941
0.4836706 0.2065222
0.4566812 0.2325502
0.4302972 0.2592043
0.4035529 0.2854724
0.375666 0.3105162
0.3496913 0.3374767
