0.2341958 0.2764003
0.2704527 0.295411
0.3126058 0.3102872
0.3563604 0.3205956
0.4001373 0.3308126
0.4443032 0.3394239
0.4884866 0.3479552
0.5321243 0.356454
0.5765822 0.363383
0.6213746 0.3683491
0.6656079 0.3765683
0.7102026 0.3823848
0.7550778 0.3865727
0.7724432 0.4015532
0.742943 0.4335715
0.708055 0.4604187
0.6682556 0.4804109
0.6283114 0.5
0.5858067 0.5136083
0.5429307 0.5267692
0.5 0.539777
0.4580014 0.553866
0.415333 0.5676327
0.3723433 0.5804552
0.342586 0.5897661
0.3586588 0.5501063
0.3736296 0.5100225
0.3896245 0.4708875
0.4054606 0.431091
0.4213722 0.3913223
0.4383473 0.3519449
0.4553224 0.3125677
0.4722975 0.2731903
0.4903524 0.234243
0.5079299 0.1953256
0.5273591 0.1569715
0.546829 0.1186333
0.5671251 0.08074504
0.5689455 0.1059223
0.5689455 0.148425
0.5689455 0.1909277
0.5689455 0.2334304
0.5689455 0.275933
0.5689455 0.3184357
0.5701266 0.3609021
0.5730618 0.4033147
0.5765303 0.4456849
0.5811712 0.487962
0.5829992 0.529824
0.5905552 0.5716665
0.5992877 0.6133646
0.5855006 0.6189401
0.5555764 0.5872127
0.5230385 0.5577999
0.4925277 0.5269855
0.4599712 0.4981784
0.4285089 0.4677572
0.397888 0.4365615
0.3649164 0.4075611
0.332661 0.377914
0.3033094 0.3456435
0.2707128 0.3162873
0.2377737 0.2872543
