0.354633 0.1273682
0.3746189 0.1769817
0.3971668 0.2245878
0.4164449 0.2744952
0.4299736 0.3284489
0.4423869 0.3829056
0.4536532 0.4378795
0.4649194 0.4928535
0.4754006 0.5420524
0.4855238 0.5974652
0.5 0.6508397
0.5178846 0.6308079
0.5323009 0.5773115
0.5475435 0.5242883
0.5637513 0.4778942
0.579959 0.4254236
0.598534 0.374553
0.617493 0.323942
0.6364521 0.273331
0.6556665 0.2229121
0.6752055 0.1727429
0.6549357 0.1929094
0.6205373 0.2233945
0.585664 0.2527819
0.5506274 0.2817912
0.5155908 0.3108006
0.4827023 0.33981
0.4464906 0.3656746
0.4096552 0.3898702
0.3728199 0.4140658
0.3359846 0.4382614
0.2982084 0.4587227
0.2587733 0.4725995
0.2193381 0.4864763
0.2080812 0.4833675
0.2487301 0.4833675
0.2890641 0.4894274
0.3292804 0.497752
0.3694967 0.5
0.4097008 0.5084367
0.4498428 0.5174443
0.4899848 0.5264518
0.5279786 0.5354593
0.5681515 0.5441853
0.6083506 0.5526727
0.6485498 0.5611601
0.6886891 0.5701679
0.7287368 0.5799713
0.7687845 0.5897746
0.7522603 0.5659627
0.7229368 0.5263392
0.6918241 0.4957391
0.6594459 0.4611468
0.6270678 0.4265545
0.5946897 0.3919622
0.5623116 0.35737
0.5303196 0.3221193
0.5000537 0.2839254
0.4719359 0.2457315
0.44167 0.2075376
0.4113573 0.1694181
0.3807659 0.1317414
0.3501745 0.09406477
