0.1662803 0.5315227
0.2119523 0.5296791
0.2569486 0.519057
0.302279 0.5111575
0.3472296 0.5
0.3922912 0.4912598
0.4374816 0.4820124
0.4826956 0.4729868
0.5139283 0.4645929
0.5593896 0.4586327
0.6050067 0.4547821
0.6503006 0.4466034
0.6957652 0.4412331
0.7414135 0.4384511
0.7870467 0.4358844
0.8067824 0.4340492
0.7635078 0.4145359
0.7210058 0.3918491
0.6789207 0.3677959
0.6372404 0.3424645
0.594912 0.3191827
0.5525084 0.2961452
0.5100105 0.2734259
0.4816602 0.2503758
0.439357 0.2270031
0.3968508 0.2043135
0.3542977 0.1817836
0.3523158 0.1887623
0.3742072 0.2428591
0.3909725 0.3002357
0.4079581 0.3575367
0.4263775 0.414008
0.4459881 0.4697665
0.4671967 0.5229089
0.4898247 0.5764924
0.5 0.6288385
0.5238787 0.6814731
0.5495335 0.7324634
0.5778338 0.7806814
0.5905923 0.7418089
0.5931283 0.6802166
0.5931283 0.6184874
0.5958983 0.5568949
0.5981815 0.4968002
0.5991969 0.4350862
0.6023322 0.3735063
0.6056309 0.3119382
0.6091357 0.250393
0.613743 0.1889831
0.6188332 0.1276679
0.6002148 0.1485568
0.5709744 0.1959188
0.5404978 0.2419219
0.5057629 0.2819681
0.4846994 0.3214861
0.4489441 0.359919
0.4126923 0.3975136
0.3760861 0.4344398
0.3380563 0.468681
0.3000265 0.5013846
0.2628124 0.537218
0.2251084 0.5720423
0.1860531 0.6041089
