0.3204567 0.1174443
0.3337334 0.1738364
0.3481843 0.2298802
0.3627134 0.2858913
0.3766247 0.3421545
0.389903 0.398676
0.4031814 0.4551975
0.4151205 0.5050799
0.4269024 0.5621465
0.4405296 0.6184793
0.4558941 0.674121
0.4824332 0.6686156
0.5010571 0.6178678
0.5261998 0.5685338
0.5533952 0.5209466
0.5805905 0.4804864
0.6077859 0.4328991
0.6369992 0.3873767
0.6669986 0.3426586
0.696998 0.2979404
0.7273078 0.2535928
0.759796 0.2118446
0.7679105 0.1986454
0.7294775 0.2283799
0.6862768 0.2484798
0.6430762 0.2685797
0.598677 0.2832054
0.553658 0.2950002
0.508639 0.306795
0.4684776 0.3185898
0.4234586 0.3303846
0.3780189 0.338869
0.332419 0.3460934
0.2868192 0.3533177
0.2411256 0.3585817
0.1951805 0.3585817
0.2280302 0.3640334
0.2726927 0.3778868
0.3167635 0.3945765
0.3608301 0.4112861
0.4048977 0.4279914
0.4490975 0.4441097
0.4932974 0.4602281
0.5326396 0.4763465
0.5763919 0.4942233
0.6194621 0.5076536
0.6625322 0.5282108
0.7056023 0.548768
0.7472034 0.5737709
0.7558283 0.5743775
0.7211844 0.5357026
0.6845915 0.5
0.6479987 0.4714244
0.6113194 0.4358711
0.574213 0.4010549
0.5371065 0.3662388
0.5 0.3314227
0.4680772 0.2960465
0.4316148 0.2601242
0.3951525 0.2242018
0.3586901 0.1882795
0.3265627 0.1461101
0.2946299 0.1036605
