0.2676488 0.5961362
0.313635 0.5814614
0.3602831 0.5703173
0.4064837 0.5563922
0.4530922 0.5451666
0.5 0.5359924
0.5351831 0.5274639
0.5819115 0.5169649
0.6285605 0.5059446
0.6757762 0.5
0.7228642 0.4937145
0.7701561 0.4890019
0.8173466 0.4834852
0.7804786 0.4575799
0.7360535 0.4359686
0.6912342 0.4157539
0.6464183 0.3955283
0.6017715 0.3746774
0.5573207 0.3531429
0.5130392 0.3310161
0.4802888 0.3098124
0.4359341 0.2879499
0.3923755 0.2636253
0.3541316 0.2277925
0.3450885 0.2312616
0.3599041 0.2897018
0.3776827 0.3469173
0.3964442 0.403584
0.4164619 0.4594959
0.441478 0.5107723
0.4680214 0.5618963
0.4958442 0.6118445
0.5140104 0.6596872
0.5451434 0.7062404
0.5818506 0.7452019
0.6177117 0.7853432
0.6437015 0.7991182
0.619129 0.7463697
0.601703 0.6889865
0.5891424 0.6294814
0.577203 0.5697797
0.5683849 0.5091416
0.5615335 0.4492649
0.557506 0.3878676
0.557506 0.3261538
0.5590738 0.2644764
0.5668423 0.2037274
0.5822382 0.145527
0.5896937 0.1681045
0.5661232 0.2214182
0.5383013 0.2714028
0.5104328 0.3213433
0.4943302 0.3712534
0.466828 0.4215306
0.4399171 0.4723523
0.4130315 0.5220386
0.386245 0.5729714
0.3582045 0.6226708
0.3278365 0.6700805
0.2966299 0.7165334
0.2642845 0.7616477
0.2272628 0.800002
0.1843222 0.8261452
0.1473686 0.8147149
