0.1906729 0.5728945
0.2423053 0.5728945
0.2938759 0.570937
0.3453694 0.5669912
0.3967897 0.5620668
0.4483858 0.5612245
0.5 0.5603979
0.5424671 0.5578708
0.5940705 0.5565565
0.6457028 0.5565565
0.6973286 0.5562027
0.7489233 0.5542225
0.8005557 0.5542225
0.759997 0.5355999
0.7109528 0.5186549
0.6624559 0.5
0.6141109 0.4814533
0.56566 0.4626562
0.5169632 0.4445947
0.4772826 0.4268343
0.4293766 0.4065763
0.38237 0.3841259
0.3322597 0.3710915
0.2827671 0.3559874
0.2845863 0.3587509
0.3173219 0.4007135
0.343338 0.4476961
0.3687169 0.4950633
0.3931272 0.5424168
0.4157147 0.5913279
0.4385867 0.6400912
0.4616774 0.6887408
0.4855089 0.7369918
0.501914 0.7842698
0.5312176 0.8290247
0.5745921 0.8578467
0.6180347 0.8541737
0.6180347 0.7997817
0.6180347 0.7453898
0.6180347 0.6909978
0.6180347 0.6366059
0.6186257 0.5822209
0.6197728 0.5278423
0.6243228 0.4742987
0.631299 0.4204055
0.6415643 0.3671547
0.6542986 0.3144861
0.6711881 0.2630864
0.6961144 0.2154993
0.6933734 0.1995257
0.660704 0.2414135
0.6241702 0.2798477
0.5858538 0.3163059
0.5472561 0.3524236
0.5076666 0.3873398
0.4771866 0.422256
0.4366023 0.4558715
0.3957913 0.4891904
0.3543722 0.5211047
0.3126152 0.5530965
0.2714373 0.5859087
0.2293207 0.6173284
0.1903346 0.6526071
0.1507927 0.6872604
