0.3290882 0.08198974
0.3472075 0.1265489
0.3614666 0.1733297
0.3740936 0.2209444
0.3889261 0.2676106
0.4038819 0.3142239
0.4185012 0.3609921
0.4328685 0.4078765
0.4468721 0.4549161
0.4599207 0.5
0.4729693 0.5474474
0.4901654 0.5928917
0.5013738 0.6359206
0.5051099 0.5862007
0.5104468 0.5366069
0.5157838 0.4893766
0.5263473 0.4411073
0.5378519 0.3930766
0.5493566 0.3450459
0.5608612 0.2970152
0.5753196 0.2501933
0.5901909 0.2035404
0.6050622 0.1568874
0.6225693 0.1116013
0.6214893 0.1115654
0.5862179 0.1375215
0.5507021 0.1629499
0.5140512 0.1859274
0.4852719 0.208905
0.448621 0.2318825
0.411949 0.2548101
0.3751675 0.2774788
0.3383859 0.3001474
0.3016044 0.3228161
0.2646454 0.3449924
0.2259262 0.3622825
0.2549043 0.3649382
0.2961205 0.3657801
0.3370055 0.3725376
0.3778905 0.3792952
0.4186857 0.3867554
0.4593429 0.3952971
0.5 0.4038389
0.5327856 0.4123806
0.5734428 0.4209223
0.6131471 0.4341864
0.652468 0.4493508
0.6917889 0.4645152
0.7295286 0.4846371
0.7662445 0.5048397
0.7743491 0.5052375
0.7457153 0.4716603
0.7161287 0.436922
0.6842763 0.4051277
0.6524239 0.3733335
0.619831 0.3426808
0.5868203 0.3126724
0.5538096 0.2826641
0.5207989 0.2526557
0.4956597 0.2226473
0.4630105 0.1920754
0.4308765 0.1607002
0.3987425 0.1293249
