0.2555012 0.312583
0.2918307 0.3161197
0.3282729 0.3182533
0.3647717 0.3195961
0.401302 0.3195961
0.4378322 0.3195961
0.4741169 0.3232447
0.5098455 0.327435
0.5461091 0.3314802
0.5825465 0.3338871
0.6189407 0.3366559
0.6550668 0.3416673
0.6911242 0.3470799
0.6813155 0.3320486
0.6577061 0.3063215
0.6319313 0.2823826
0.606738 0.2579189
0.581606 0.2334027
0.5571686 0.2082919
0.5316815 0.1842425
0.5024573 0.1639725
0.4751998 0.1420516
0.4466506 0.1210824
0.4159895 0.1027669
0.4046383 0.1195646
0.4046383 0.1533478
0.4046383 0.187131
0.4046383 0.2209142
0.4109847 0.2537813
0.4221182 0.2859572
0.4350859 0.3175234
0.4486529 0.3488903
0.4631092 0.379914
0.4775609 0.41094
0.4913925 0.442208
0.498165 0.4747596
0.498165 0.5
0.5 0.4663567
0.5046748 0.4328513
0.5115973 0.3998128
0.5228671 0.3676774
0.5341368 0.3355421
0.5468188 0.3038765
0.5602638 0.2724646
0.5737087 0.2410527
0.5872973 0.2096978
0.6026056 0.179024
0.6179139 0.1483503
0.6333301 0.1177244
0.6496669 0.08750781
0.661949 0.06385744
0.6356254 0.08679727
0.6097946 0.1106856
0.5839638 0.134574
0.5538195 0.1536416
0.5236116 0.1726382
0.4939233 0.1916349
0.4637155 0.2106315
0.4326919 0.2284547
0.4014663 0.2459875
0.3695874 0.262444
0.3371406 0.2779647
0.3046312 0.2933718
0.2731956 0.3102452
