0.340518 0.1628375
0.3722858 0.1823671
0.407815 0.1982722
0.4461035 0.2054704
0.4847001 0.2106576
0.5207298 0.2160884
0.5592764 0.2216646
0.5979999 0.2256365
0.6367567 0.2293062
0.6753385 0.234502
0.7139649 0.2389879
0.7528542 0.2404613
0.744475 0.2430174
0.7078844 0.2567462
0.6720585 0.2725768
0.63586 0.2873368
0.5986158 0.299092
0.5621093 0.3129941
0.5261604 0.3285193
0.4927472 0.3440444
0.4567982 0.3595695
0.4210454 0.3755493
0.3860277 0.3932332
0.3508624 0.4105913
0.3159056 0.4282367
0.2863759 0.4540916
0.3101329 0.4287699
0.3371412 0.3996195
0.3644673 0.3707644
0.3919854 0.3421025
0.4192115 0.3131419
0.4462249 0.2839637
0.4729308 0.2544817
0.4994843 0.2248491
0.5244568 0.1961947
0.5524707 0.1680586
0.5811124 0.1406226
0.6082171 0.1117326
0.6326708 0.08023074
0.6532867 0.0686478
0.6423849 0.1073935
0.6282226 0.1450579
0.6132606 0.1824716
0.5988073 0.2201065
0.5844225 0.2577693
0.5704523 0.2956015
0.556482 0.3334337
0.5425118 0.371266
0.5285415 0.4090982
0.5162622 0.4474808
0.5070642 0.4868664
0.5 0.5089335
0.488283 0.5204501
0.474061 0.5
0.4576457 0.4632704
0.4408052 0.426728
0.4240452 0.3901463
0.4077369 0.3533431
0.3902323 0.31715
0.3722963 0.2811777
0.3542947 0.2452409
0.3337273 0.2108333
0.3134564 0.1762343
0.2984775 0.1409437
