0.6849065 0.388099
0.6568408 0.3647525
0.6287751 0.3414059
0.600731 0.3180143
0.5727253 0.2945417
0.5447196 0.271069
0.5161585 0.2489
0.4866404 0.2292657
0.4569994 0.2096315
0.4274496 0.1897642
0.3982711 0.1689495
0.3690926 0.1481348
0.3396311 0.1280339
0.3101353 0.1080193
0.2805677 0.08819282
0.2820778 0.09742329
0.304996 0.1291254
0.3298455 0.1580066
0.3537444 0.1882123
0.3773167 0.2190311
0.4016678 0.24881
0.4250435 0.2799067
0.4479938 0.3115782
0.4673509 0.3471497
0.4847346 0.3844287
0.5 0.4233956
0.5146976 0.4626641
0.532061 0.5
0.5361522 0.4613814
0.5405756 0.4179441
0.5477646 0.375086
0.5556979 0.3324606
0.5637354 0.2898679
0.5747563 0.2485397
0.5873881 0.2079855
0.6026132 0.1689896
0.6189722 0.1308529
0.6366295 0.09370032
0.6530274 0.05556002
0.653872 0.05414373
0.6297221 0.08418217
0.6015667 0.1073377
0.5732285 0.130082
0.5442592 0.1514035
0.5152899 0.1727249
0.4858342 0.1924562
0.4557447 0.2108544
0.4256552 0.2292525
0.3955657 0.2476506
0.366024 0.2675306
0.33671 0.2880015
0.338523 0.3177904
0.3698045 0.3316271
0.4016024 0.3439267
0.4337527 0.3545748
0.4660657 0.3642936
0.4984908 0.3733556
0.5309113 0.3816467
0.5624774 0.3947399
0.5946575 0.404696
0.6273669 0.4114688
0.660442 0.4142075
0.6935242 0.416788
0.726301 0.4223741
