0.7219785 0.1355371
0.6857738 0.1355371
0.6504334 0.1414636
0.6156217 0.1510153
0.5817049 0.1631028
0.5480197 0.1758465
0.515521 0.1909953
0.4907379 0.2079564
0.4591018 0.2248626
0.4272523 0.2413959
0.3954027 0.2579291
0.3647792 0.2763381
0.3357973 0.2971105
0.3091583 0.3205817
0.280776 0.3419443
0.3064023 0.3526425
0.3424162 0.3561792
0.3785205 0.3579215
0.4147193 0.3582952
0.4509075 0.3593483
0.4870759 0.3607824
0.5163734 0.3631746
0.5525088 0.365306
0.5886555 0.3672638
0.6248062 0.3688228
0.6404775 0.3512794
0.6228235 0.3217674
0.601498 0.293671
0.5796413 0.2659768
0.5561933 0.239485
0.534492 0.2117046
0.5138839 0.1831179
0.5 0.1545962
0.4786658 0.1265886
0.4522531 0.1028088
0.42643 0.07844412
0.4030271 0.05197597
0.3942964 0.06744578
0.3919072 0.1021383
0.3918399 0.1368034
0.3955653 0.1713878
0.4019379 0.2055252
0.4107189 0.239256
0.4212116 0.2725314
0.4340571 0.3049386
0.4495559 0.3363605
0.4650546 0.3677825
0.4811268 0.3989364
0.4957339 0.4306442
0.5014359 0.4631922
0.512763 0.4961111
0.5210121 0.5
0.5255027 0.4654996
0.5336471 0.4316933
0.5438364 0.3983456
0.5556058 0.365465
0.5677356 0.3327155
0.5815786 0.3005884
0.5962389 0.2688438
0.6140537 0.2385753
0.6327021 0.2087854
0.6515956 0.1791506
0.6720489 0.1507831
