0.2356603 0.675238
0.2742258 0.6464111
0.318467 0.6327689
0.363556 0.6239427
0.4087799 0.6164021
0.4542472 0.6126697
0.4998166 0.6106501
0.5394534 0.605316
0.5849915 0.6034508
0.630595 0.6034508
0.6761985 0.6034508
0.7218021 0.6034508
0.7671361 0.6092148
0.7836832 0.5971288
0.7472965 0.5617077
0.70868 0.5305989
0.6697181 0.5
0.6308498 0.4705389
0.5918114 0.4400856
0.5530648 0.4090148
0.5135356 0.3796647
0.4794072 0.3511528
0.4394215 0.3228234
0.3981269 0.297888
0.3580322 0.2703623
0.3668516 0.2877905
0.3923151 0.3366392
0.4167839 0.3863572
0.4409817 0.4362839
0.4637709 0.4873173
0.4848046 0.5382368
0.5 0.5905513
0.5214605 0.6425372
0.5351733 0.6983222
0.5471452 0.7551543
0.5540869 0.8132547
0.5612872 0.8341427
0.5654531 0.7755789
0.5702296 0.7171403
0.572525 0.6583014
0.5756665 0.5995415
0.5829281 0.5413759
0.5913684 0.4848356
0.6003119 0.4270624
0.6153353 0.3714819
0.6308467 0.3160774
0.6469011 0.2609334
0.6642576 0.2064631
0.6486719 0.1740779
0.606459 0.1958289
0.5650148 0.2204078
0.5255774 0.2499923
0.4920312 0.2798226
0.4528444 0.3099579
0.414656 0.3419873
0.3785962 0.3780549
0.3425364 0.4141225
0.3064766 0.4501901
0.2708931 0.4870374
0.2353582 0.522614
0.1997136 0.5593628
0.1638548 0.5957632
0.1280475 0.6322483
